Date,County,State,Vehicle Primary Use,Battery Electric Vehicles (BEVs),Plug-In Hybrid Electric Vehicles (PHEVs),Electric Vehicle (EV) Total,Non-Electric Vehicle Total,Total Vehicles,Percent Electric Vehicles
February 29 2020,Carson City,NV,Passenger,1,0,1,8,9,11.11
December 31 2019,Wahkiakum,WA,Passenger,4,4,8,3112,3120,0.26
December 31 2019,Santa Barbara,CA,Passenger,1,0,1,90,91,1.10
December 31 2019,Douglas,WA,Passenger,67,38,105,28844,28949,0.36
November 30 2019,Montgomery,AL,Passenger,0,1,1,36,37,2.70
December 31 2019,Douglas,WA,Truck,0,0,0,12632,12632,0.00
November 30 2019,Pierce,WA,Passenger,2322,1751,4073,557986,562059,0.72
November 30 2019,Moore,NC,Passenger,0,1,1,174,175,0.57
December 31 2019,,,Passenger,8,6,14,2017,2031,0.69
November 30 2019,Pinellas,FL,Passenger,1,1,2,89,91,2.20
December 31 2019,Dupage,IL,Passenger,2,0,2,55,57,3.51
December 31 2019,Shasta,CA,Passenger,1,0,1,40,41,2.44
December 31 2019,Santa Rosa,FL,Passenger,1,0,1,85,86,1.16
December 31 2019,Adams,WA,Truck,0,0,0,5428,5428,0.00
December 31 2019,Sedgwick,KS,Passenger,1,0,1,92,93,1.08
December 31 2019,Snohomish,WA,Passenger,4216,1822,6038,545453,551491,1.09
December 31 2019,Alexandria City,VA,Passenger,4,0,4,141,145,2.76
December 31 2019,Yakima,WA,Truck,0,0,0,61952,61952,0.00
February 29 2020,Clackamas,OR,Passenger,1,1,2,183,185,1.08
November 30 2019,Putnam,TN,Passenger,0,1,1,2,3,33.33
December 31 2019,Solano,CA,Passenger,1,0,1,210,211,0.47
December 31 2019,Fairfax,VA,Passenger,4,3,7,737,744,0.94
December 31 2019,Spokane,WA,Truck,1,0,1,99543,99544,0.00
November 30 2019,Ramsey,MN,Passenger,1,0,1,35,36,2.78
February 29 2020,Cochise,AZ,Passenger,0,1,1,106,107,0.93
January 31 2020,Alexandria City,VA,Passenger,4,0,4,141,145,2.76
November 30 2019,Riverside,CA,Passenger,3,1,4,612,616,0.65
December 31 2019,Stevens,WA,Passenger,34,34,68,32464,32532,0.21
November 30 2019,Pend Oreille,WA,Passenger,8,7,15,9851,9866,0.15
December 31 2019,Thurston,WA,Passenger,1148,758,1906,202275,204181,0.93
February 29 2020,Cumberland,NC,Passenger,0,2,2,487,489,0.41
November 30 2019,San Bernardino,CA,Passenger,0,1,1,453,454,0.22
December 31 2019,Tuolumne,CA,Passenger,0,1,1,9,10,10.00
February 29 2020,Davidson,TN,Passenger,1,0,1,62,63,1.59
November 30 2019,Santa Cruz,CA,Passenger,1,0,1,34,35,2.86
January 31 2020,Boulder,CO,Passenger,1,1,2,43,45,4.44
February 29 2020,Deschutes,OR,Passenger,2,0,2,119,121,1.65
January 31 2020,Brevard,FL,Passenger,0,1,1,74,75,1.33
December 31 2019,Island,WA,Passenger,395,270,665,64713,65378,1.02
November 30 2019,Skagit,WA,Truck,1,0,1,33474,33475,0.00
December 31 2019,Island,WA,Truck,1,0,1,21879,21880,0.00
December 31 2019,Columbia,GA,Passenger,1,1,2,147,149,1.34
December 31 2019,Contra Costa,CA,Passenger,3,0,3,191,194,1.55
November 30 2019,Twin Falls,ID,Passenger,0,1,1,23,24,4.17
January 31 2020,Adams,WA,Truck,0,0,0,5437,5437,0.00
December 31 2019,Jefferson,NY,Passenger,0,2,2,227,229,0.87
January 31 2020,Albemarle,VA,Passenger,1,0,1,30,31,3.23
November 30 2019,Spartanburg,SC,Passenger,0,1,1,34,35,2.86
December 31 2019,Jefferson,WA,Truck,0,0,0,9856,9856,0.00
November 30 2019,Stafford,VA,Passenger,1,0,1,90,91,1.10
November 30 2019,Volusia,FL,Passenger,0,1,1,37,38,2.63
January 31 2020,Columbia,WA,Passenger,3,3,6,2506,2512,0.24
December 31 2019,Juneau,AK,Passenger,0,2,2,24,26,7.69
February 29 2020,Frederick,MD,Passenger,2,1,3,86,89,3.37
January 31 2020,Bay,FL,Passenger,1,0,1,37,38,2.63
November 30 2019,Stevens,WA,Passenger,34,33,67,32459,32526,0.21
December 31 2019,Dekalb,IN,Passenger,1,0,1,1,2,50.00
December 31 2019,Kent,DE,Passenger,0,1,1,70,71,1.41
February 29 2020,Garfield,WA,Truck,0,0,0,992,992,0.00
January 31 2020,Benton,WA,Passenger,348,324,672,137981,138653,0.48
November 30 2019,Washoe,NV,Passenger,1,0,1,84,85,1.18
November 30 2019,Tuolumne,CA,Passenger,0,1,1,9,10,10.00
January 31 2020,Denver,CO,Passenger,1,0,1,111,112,0.89
December 31 2019,Kitsap,WA,Truck,1,0,1,55744,55745,0.00
January 31 2020,Bexar,TX,Passenger,2,6,8,597,605,1.32
February 29 2020,Goochland,VA,Passenger,2,1,3,198,201,1.49
November 30 2019,Wayne,MI,Passenger,0,1,1,60,61,1.64
December 31 2019,Kootenai,ID,Passenger,1,1,2,193,195,1.03
January 31 2020,Douglas,NE,Passenger,0,1,1,50,51,1.96
January 31 2020,Douglas,OR,Passenger,1,0,1,44,45,2.22
December 31 2019,El Paso,CO,Passenger,0,1,1,703,704,0.14
November 30 2019,Westchester,NY,Passenger,0,1,1,28,29,3.45
February 29 2020,Harnett,NC,Passenger,0,1,1,195,196,0.51
November 30 2019,Whitman,WA,Passenger,42,49,91,23119,23210,0.39
February 29 2020,Hidalgo,TX,Passenger,0,1,1,78,79,1.27
January 31 2020,Clark,WA,Truck,0,0,0,83866,83866,0.00
December 31 2019,Frederick,MD,Passenger,2,1,3,86,89,3.37
December 31 2019,Lincoln,WA,Truck,0,0,0,4822,4822,0.00
November 30 2019,Yakima,WA,Truck,0,0,0,61918,61918,0.00
December 31 2019,Los Angeles,CA,Passenger,9,8,17,1023,1040,1.63
January 31 2020,Cowlitz,WA,Passenger,137,126,263,74955,75218,0.35
December 31 2019,Anne Arundel,MD,Passenger,1,3,4,428,432,0.93
January 31 2020,Chelan,WA,Passenger,214,81,295,55766,56061,0.53
February 29 2020,Jefferson,WA,Passenger,240,152,392,25631,26023,1.51
December 31 2019,Greene,MO,Passenger,0,1,1,19,20,5.00
January 31 2020,Cumberland,NC,Passenger,0,2,2,501,503,0.40
December 31 2019,Asotin,WA,Passenger,15,10,25,13006,13031,0.19
February 29 2020,Kent,DE,Passenger,0,1,1,67,68,1.47
January 31 2020,Guadalupe,TX,Passenger,2,0,2,54,56,3.57
January 31 2020,Clallam,WA,Passenger,216,164,380,51797,52177,0.73
December 31 2019,Asotin,WA,Truck,0,0,0,6930,6930,0.00
December 31 2019,Guilford,NC,Passenger,1,0,1,30,31,3.23
January 31 2020,Clay,FL,Passenger,0,1,1,86,87,1.15
February 29 2020,Kitsap,WA,Passenger,1357,694,2051,185419,187470,1.09
February 29 2020,Kittitas,WA,Truck,0,0,0,15065,15065,0.00
December 31 2019,Harris,TX,Passenger,1,0,1,224,225,0.44
December 31 2019,Montgomery,MD,Passenger,0,4,4,266,270,1.48
February 29 2020,Kootenai,ID,Passenger,1,1,2,194,196,1.02
December 31 2019,Honolulu,HI,Passenger,3,0,3,448,451,0.67
January 31 2020,Dupage,IL,Passenger,2,0,2,55,57,3.51
December 31 2019,Nassau,NY,Passenger,2,0,2,34,36,5.56
January 31 2020,Fairfax,VA,Passenger,5,3,8,738,746,1.07
February 29 2020,Liberty,GA,Passenger,1,0,1,121,122,0.82
December 31 2019,Otero,NM,Passenger,0,1,1,38,39,2.56
December 31 2019,Caddo,LA,Passenger,1,0,1,17,18,5.56
December 31 2019,Camden,GA,Passenger,1,1,2,157,159,1.26
December 31 2019,Pacific,WA,Truck,0,0,0,7909,7909,0.00
December 31 2019,Palm Beach,FL,Passenger,0,1,1,70,71,1.41
December 31 2019,Cascade,MT,Passenger,0,1,1,58,59,1.69
January 31 2020,Douglas,WA,Truck,0,0,0,12641,12641,0.00
January 31 2020,Grant,WA,Passenger,61,76,137,67343,67480,0.20
December 31 2019,Pima,AZ,Passenger,2,1,3,333,336,0.89
December 31 2019,Chaves,NM,Passenger,1,0,1,9,10,10.00
January 31 2020,Grays Harbor,WA,Passenger,117,110,227,49319,49546,0.46
January 31 2020,King,WA,Passenger,23738,7973,31711,1419127,1450838,2.19
February 29 2020,Manassas City,VA,Passenger,0,1,1,4,5,20.00
January 31 2020,Guilford,NC,Passenger,1,0,1,30,31,3.23
December 31 2019,Chesapeake City,VA,Passenger,0,2,2,424,426,0.47
December 31 2019,Polk,FL,Passenger,1,0,1,65,66,1.52
December 31 2019,Powhatan,VA,Passenger,1,0,1,0,1,100.00
December 31 2019,Clark,WA,Passenger,1958,1089,3047,323610,326657,0.93
January 31 2020,Fulton,GA,Passenger,1,2,3,100,103,2.91
January 31 2020,Hennepin,MN,Passenger,2,0,2,91,93,2.15
February 29 2020,Mecklenburg,NC,Passenger,1,0,1,72,73,1.37
January 31 2020,Greene,MO,Passenger,0,1,1,19,20,5.00
December 31 2019,Liberty,GA,Passenger,1,0,1,123,124,0.81
January 31 2020,Lewis,WA,Passenger,118,112,230,60788,61018,0.38
December 31 2019,Columbia,WA,Passenger,3,3,6,2505,2511,0.24
December 31 2019,Fairbanks North Star,AK,Passenger,0,1,1,99,100,1.00
January 31 2020,Jefferson,WA,Truck,0,0,0,9875,9875,0.00
January 31 2020,Juneau,AK,Passenger,0,2,2,25,27,7.41
December 31 2019,San Bernardino,CA,Passenger,0,1,1,444,445,0.22
December 31 2019,San Francisco,CA,Passenger,2,1,3,88,91,3.30
December 31 2019,Ferry,WA,Passenger,5,2,7,4568,4575,0.15
December 31 2019,Mason,WA,Passenger,166,142,308,48644,48952,0.63
December 31 2019,Santa Cruz,CA,Passenger,1,0,1,34,35,2.86
January 31 2020,Klickitat,WA,Truck,0,0,0,8547,8547,0.00
December 31 2019,Douglas,NE,Passenger,0,1,1,51,52,1.92
February 29 2020,Okanogan,WA,Passenger,4,8,12,6065,6077,0.20
December 31 2019,Douglas,OR,Passenger,1,0,1,44,45,2.22
January 31 2020,Maricopa,AZ,Passenger,7,5,12,1238,1250,0.96
December 31 2019,Franklin,WA,Truck,0,0,0,20398,20398,0.00
February 29 2020,Ozaukee,WI,Passenger,0,1,1,3,4,25.00
January 31 2020,Island,WA,Truck,1,0,1,21864,21865,0.00
December 31 2019,Skamania,WA,Passenger,29,20,49,8999,9048,0.54
December 31 2019,Fresno,CA,Passenger,1,0,1,176,177,0.56
January 31 2020,Mason,WA,Truck,0,0,0,21173,21173,0.00
February 29 2020,Palm Beach,FL,Passenger,0,1,1,68,69,1.45
December 31 2019,Spokane,WA,Passenger,683,505,1188,322339,323527,0.37
December 31 2019,Montgomery,AL,Passenger,0,1,1,37,38,2.63
February 29 2020,Pinal,AZ,Passenger,1,0,1,159,160,0.62
December 31 2019,Grays Harbor,WA,Truck,0,0,0,21270,21270,0.00
January 31 2020,Kent,MI,Passenger,0,1,1,21,22,4.55
December 31 2019,Guadalupe,TX,Passenger,2,0,2,53,55,3.64
December 31 2019,Norfolk City,VA,Passenger,2,1,3,364,367,0.82
January 31 2020,Klickitat,WA,Passenger,54,40,94,16048,16142,0.58
February 29 2020,Putnam,TN,Passenger,0,1,1,2,3,33.33
December 31 2019,Vigo,IN,Passenger,1,0,1,5,6,16.67
December 31 2019,Harrison,MS,Passenger,1,0,1,61,62,1.61
December 31 2019,Okanogan,WA,Truck,0,0,0,4122,4122,0.00
December 31 2019,Walla Walla,WA,Passenger,64,61,125,37069,37194,0.34
January 31 2020,Montgomery,MD,Passenger,0,4,4,262,266,1.50
December 31 2019,Walla Walla,WA,Truck,0,0,0,14094,14094,0.00
January 31 2020,Norfolk City,VA,Passenger,2,1,3,369,372,0.81
December 31 2019,Wayne,MI,Passenger,0,1,1,58,59,1.69
January 31 2020,Oldham,KY,Passenger,0,1,1,3,4,25.00
January 31 2020,Orange,CA,Passenger,6,1,7,507,514,1.36
December 31 2019,Pinal,AZ,Passenger,1,0,1,158,159,0.63
December 31 2019,Jefferson,WA,Passenger,230,146,376,25617,25993,1.45
January 31 2020,Mason,WA,Passenger,174,142,316,48639,48955,0.65
December 31 2019,Westchester,NY,Passenger,0,1,1,28,29,3.45
December 31 2019,Whatcom,WA,Passenger,1045,499,1544,154250,155794,0.99
January 31 2020,Pacific,WA,Passenger,39,33,72,16347,16419,0.44
December 31 2019,Kittitas,WA,Passenger,95,48,143,30720,30863,0.46
December 31 2019,Whitman,WA,Passenger,43,49,92,23098,23190,0.40
January 31 2020,Pierce,WA,Passenger,2468,1803,4271,560956,565227,0.76
January 31 2020,Pinellas,FL,Passenger,1,1,2,88,90,2.22
January 31 2020,Montgomery,AL,Passenger,0,1,1,37,38,2.63
December 31 2019,Klamath,OR,Passenger,1,0,1,27,28,3.57
February 29 2020,Solano,CA,Passenger,1,0,1,212,213,0.47
January 31 2020,Montgomery,OH,Passenger,0,1,1,62,63,1.59
January 31 2020,Powhatan,VA,Passenger,1,0,1,0,1,100.00
December 31 2019,Klickitat,WA,Passenger,52,39,91,16031,16122,0.56
February 29 2020,Stevens,WA,Truck,0,0,0,19420,19420,0.00
December 31 2019,Williamson,TX,Passenger,1,0,1,119,120,0.83
December 31 2019,Saint Marys,MD,Passenger,1,0,1,201,202,0.50
February 29 2020,Sumter,FL,Passenger,0,1,1,9,10,10.00
December 31 2019,Lewis,WA,Truck,0,0,0,26859,26859,0.00
February 29 2020,Tipton,TN,Passenger,1,0,1,11,12,8.33
January 31 2020,Ada,ID,Passenger,0,1,1,259,260,0.38
February 29 2020,Travis,TX,Passenger,1,2,3,163,166,1.81
December 31 2019,San Diego,CA,Passenger,8,7,15,2809,2824,0.53
January 31 2020,Alameda,CA,Passenger,3,0,3,260,263,1.14
January 31 2020,San Francisco,CA,Passenger,2,1,3,87,90,3.33
January 31 2020,Osceola,FL,Passenger,1,0,1,35,36,2.78
December 31 2019,Maricopa,AZ,Passenger,7,4,11,1259,1270,0.87
December 31 2019,Maui,HI,Passenger,1,0,1,37,38,2.63
December 31 2019,Shelby,TN,Passenger,0,1,1,92,93,1.08
December 31 2019,Mecklenburg,NC,Passenger,1,0,1,76,77,1.30
January 31 2020,Santa Rosa,FL,Passenger,1,0,1,85,86,1.16
January 31 2020,Pima,AZ,Passenger,2,1,3,330,333,0.90
January 31 2020,Sarasota,FL,Passenger,1,0,1,23,24,4.17
January 31 2020,Polk,FL,Passenger,1,0,1,65,66,1.52
December 31 2019,Montgomery,OH,Passenger,0,1,1,60,61,1.64
January 31 2020,Sedgwick,KS,Passenger,1,0,1,91,92,1.09
January 31 2020,Prince William,VA,Passenger,2,3,5,234,239,2.09
January 31 2020,Spartanburg,SC,Passenger,0,1,1,34,35,2.86
January 31 2020,Spokane,WA,Passenger,726,502,1228,323737,324965,0.38
February 29 2020,Yakima,WA,Truck,0,0,0,61987,61987,0.00
January 31 2020,Skamania,WA,Truck,0,0,0,4279,4279,0.00
December 31 2019,Moore,NC,Passenger,0,1,1,165,166,0.60
March 31 2020,,CA,Passenger,1,2,3,219,222,1.35
December 31 2019,Okanogan,,Passenger,28,22,50,20874,20924,0.24
December 31 2019,Tulsa,OK,Passenger,0,1,1,44,45,2.22
January 31 2020,Suffolk City,VA,Passenger,1,0,1,119,120,0.83
December 31 2019,New Castle,DE,Passenger,1,0,1,22,23,4.35
December 31 2019,Pacific,WA,Passenger,39,32,71,16380,16451,0.43
December 31 2019,Nueces,TX,Passenger,1,1,2,86,88,2.27
January 31 2020,Saint Clair,IL,Passenger,1,0,1,142,143,0.70
December 31 2019,Pend Oreille,WA,Truck,0,0,0,6007,6007,0.00
January 31 2020,Twin Falls,ID,Passenger,0,1,1,23,24,4.17
March 31 2020,Bell,TX,Passenger,0,1,1,404,405,0.25
January 31 2020,Chelan,WA,Truck,0,0,0,23192,23192,0.00
January 31 2020,Ventura,CA,Passenger,0,2,2,306,308,0.65
January 31 2020,Wahkiakum,WA,Truck,0,0,0,1798,1798,0.00
March 31 2020,Bryan,GA,Passenger,1,0,1,57,58,1.72
January 31 2020,Stafford,VA,Passenger,1,0,1,88,89,1.12
January 31 2020,,CA,Passenger,1,2,3,224,227,1.32
December 31 2019,Ramsey,MN,Passenger,1,0,1,34,35,2.86
January 31 2020,Clark,NV,Passenger,2,1,3,639,642,0.47
January 31 2020,Allegheny,PA,Passenger,1,0,1,64,65,1.54
March 31 2020,Carson City,NV,Passenger,1,0,1,8,9,11.11
January 31 2020,Wayne,MI,Passenger,0,1,1,57,58,1.72
January 31 2020,Cochise,AZ,Passenger,0,1,1,107,108,0.93
January 31 2020,Tarrant,TX,Passenger,2,0,2,164,166,1.20
January 31 2020,Whatcom,WA,Truck,3,0,3,44314,44317,0.01
January 31 2020,Whitman,WA,Passenger,43,51,94,23085,23179,0.41
January 31 2020,Thurston,WA,Passenger,1189,776,1965,202392,204357,0.96
January 31 2020,Bell,TX,Passenger,0,1,1,412,413,0.24
January 31 2020,Columbia,GA,Passenger,1,1,2,151,153,1.31
December 31 2019,Saginaw,MI,Passenger,1,0,1,10,11,9.09
March 31 2020,Chelan,WA,Truck,0,0,0,23177,23177,0.00
December 31 2019,Shelby,OH,Passenger,0,1,1,1,2,50.00
February 29 2020,,,Passenger,7,5,12,1972,1984,0.60
January 31 2020,Yakima,WA,Truck,0,0,0,61995,61995,0.00
January 31 2020,Cowlitz,WA,Truck,0,0,0,29858,29858,0.00
March 31 2020,Clackamas,OR,Passenger,1,1,2,178,180,1.11
January 31 2020,Vigo,IN,Passenger,1,0,1,5,6,16.67
February 29 2020,Adams,WA,Passenger,7,8,15,13248,13263,0.11
January 31 2020,Walla Walla,WA,Truck,0,0,0,14134,14134,0.00
March 31 2020,Clark,WA,Truck,0,0,0,84132,84132,0.00
December 31 2019,Skagit,WA,Passenger,398,235,633,94447,95080,0.67
December 31 2019,San Juan,WA,Passenger,257,83,340,14724,15064,2.26
December 31 2019,Skagit,WA,Truck,1,0,1,33493,33494,0.00
February 29 2020,Ada,ID,Passenger,0,1,1,258,259,0.39
December 31 2019,Skamania,WA,Truck,0,0,0,4268,4268,0.00
February 29 2020,Alameda,CA,Passenger,2,0,2,254,256,0.78
January 31 2020,Bryan,GA,Passenger,1,0,1,56,57,1.75
December 31 2019,Snohomish,WA,Truck,0,0,0,126972,126972,0.00
January 31 2020,Dekalb,IN,Passenger,1,0,1,1,2,50.00
February 29 2020,Anne Arundel,MD,Passenger,1,3,4,419,423,0.95
January 31 2020,Deschutes,OR,Passenger,2,0,2,123,125,1.60
January 31 2020,Camden,GA,Passenger,1,1,2,156,158,1.27
February 29 2020,Asotin,WA,Passenger,17,12,29,13005,13034,0.22
December 31 2019,Stevens,WA,Truck,0,0,0,19460,19460,0.00
March 31 2020,Cowlitz,WA,Passenger,143,129,272,74568,74840,0.36
January 31 2020,Carson City,NV,Passenger,1,0,1,7,8,12.50
December 31 2019,San Mateo,CA,Passenger,1,1,2,117,119,1.68
December 31 2019,Tarrant,TX,Passenger,2,0,2,168,170,1.18
January 31 2020,El Paso,CO,Passenger,0,1,1,699,700,0.14
January 31 2020,El Paso,TX,Passenger,2,0,2,455,457,0.44
February 29 2020,Benton,WA,Truck,0,0,0,43744,43744,0.00
December 31 2019,Sarasota,FL,Passenger,1,0,1,23,24,4.17
December 31 2019,Twin Falls,ID,Passenger,0,1,1,23,24,4.17
March 31 2020,Cumberland,NC,Passenger,0,2,2,490,492,0.41
January 31 2020,Fairbanks North Star,AK,Passenger,0,1,1,100,101,0.99
February 29 2020,Bucks,PA,Passenger,1,0,1,18,19,5.26
December 31 2019,Umatilla,WA,Passenger,0,0,0,4,4,0.00
February 29 2020,Brevard,FL,Passenger,0,1,1,76,77,1.30
January 31 2020,Clackamas,OR,Passenger,1,1,2,182,184,1.09
January 31 2020,Ferry,WA,Passenger,5,2,7,4551,4558,0.15
December 31 2019,Wahkiakum,WA,Truck,0,0,0,1792,1792,0.00
February 29 2020,Camden,GA,Passenger,1,1,2,153,155,1.29
February 29 2020,Calvert,MD,Passenger,0,2,2,90,92,2.17
March 31 2020,Denver,CO,Passenger,1,0,1,109,110,0.91
January 31 2020,Fresno,CA,Passenger,1,0,1,177,178,0.56
December 31 2019,Suffolk City,VA,Passenger,1,0,1,119,120,0.83
February 29 2020,Charles,MD,Passenger,0,1,1,71,72,1.39
December 31 2019,Washoe,NV,Passenger,1,0,1,84,85,1.18
December 31 2019,Washtenaw,MI,Passenger,1,0,1,28,29,3.45
January 31 2020,Grant,WA,Truck,0,0,0,27957,27957,0.00
February 29 2020,Columbia,WA,Truck,0,0,0,1607,1607,0.00
February 29 2020,Clark,NV,Passenger,2,1,3,636,639,0.47
January 31 2020,Davidson,TN,Passenger,1,0,1,64,65,1.54
January 31 2020,Grays Harbor,WA,Truck,0,0,0,21321,21321,0.00
February 29 2020,Contra Costa,CA,Passenger,3,0,3,192,195,1.54
December 31 2019,Whatcom,WA,Truck,2,0,2,44263,44265,0.00
December 31 2019,Whitman,WA,Truck,0,0,0,8841,8841,0.00
December 31 2019,Thurston,WA,Truck,0,0,0,56962,56962,0.00
March 31 2020,Garfield,WA,Truck,0,0,0,1001,1001,0.00
January 31 2020,District Of Columbia,DC,Passenger,1,3,4,212,216,1.85
February 29 2020,Chelan,WA,Truck,0,0,0,23185,23185,0.00
February 29 2020,Chesapeake City,VA,Passenger,0,2,2,424,426,0.47
February 29 2020,Columbia,GA,Passenger,1,1,2,151,153,1.31
March 31 2020,Goochland,VA,Passenger,2,1,3,197,200,1.50
January 31 2020,Harrison,MS,Passenger,1,0,1,63,64,1.56
February 29 2020,Clallam,WA,Truck,1,0,1,22372,22373,0.00
January 31 2020,,,Passenger,7,6,13,2004,2017,0.64
December 31 2019,Valencia,NM,Passenger,1,0,1,3,4,25.00
March 31 2020,Grant,WA,Passenger,61,76,137,67212,67349,0.20
February 29 2020,Cowlitz,WA,Truck,0,0,0,29826,29826,0.00
January 31 2020,Adams,WA,Passenger,7,8,15,13258,13273,0.11
February 29 2020,Clark,WA,Passenger,2087,1109,3196,326132,329328,0.97
February 29 2020,Douglas,WA,Passenger,69,41,110,28835,28945,0.38
January 31 2020,Flathead,MT,Passenger,1,0,1,51,52,1.92
January 31 2020,Anne Arundel,MD,Passenger,1,3,4,427,431,0.93
March 31 2020,Grays Harbor,WA,Passenger,121,113,234,49175,49409,0.47
January 31 2020,Arlington,VA,Passenger,0,2,2,144,146,1.37
February 29 2020,Dekalb,IN,Passenger,1,0,1,1,2,50.00
January 31 2020,Asotin,WA,Passenger,18,12,30,13055,13085,0.23
January 31 2020,Garfield,WA,Truck,0,0,0,996,996,0.00
February 29 2020,Flathead,MT,Passenger,1,0,1,52,53,1.89
February 29 2020,District Of Columbia,DC,Passenger,1,3,4,208,212,1.89
January 31 2020,Goochland,VA,Passenger,2,1,3,199,202,1.49
December 31 2019,Yakima,WA,Passenger,130,123,253,170821,171074,0.15
February 29 2020,Franklin,WA,Passenger,66,81,147,62408,62555,0.23
March 31 2020,Harnett,NC,Passenger,0,1,1,192,193,0.52
January 31 2020,Jones,GA,Passenger,1,0,1,1,2,50.00
February 29 2020,El Paso,TX,Passenger,2,0,2,445,447,0.45
February 29 2020,Denver,CO,Passenger,1,0,1,114,115,0.87
February 29 2020,Fairbanks North Star,AK,Passenger,0,1,1,98,99,1.01
January 31 2020,Kern,CA,Passenger,1,1,2,229,231,0.87
January 31 2020,Harnett,NC,Passenger,0,1,1,192,193,0.52
January 31 2020,Arapahoe,CO,Passenger,1,0,1,130,131,0.76
January 31 2020,Benton,WA,Truck,0,0,0,43750,43750,0.00
February 29 2020,Grant,WA,Truck,0,0,0,27994,27994,0.00
February 29 2020,Grays Harbor,WA,Truck,0,0,0,21300,21300,0.00
February 29 2020,Howard,MD,Passenger,0,1,1,85,86,1.16
March 31 2020,Kern,CA,Passenger,1,1,2,224,226,0.88
January 31 2020,Jefferson,WA,Passenger,237,152,389,25654,26043,1.49
February 29 2020,Island,WA,Passenger,421,283,704,64624,65328,1.08
March 31 2020,King,WA,Passenger,24466,8073,32539,1417759,1450298,2.24
January 31 2020,Kent,DE,Passenger,0,1,1,69,70,1.43
February 29 2020,Fresno,CA,Passenger,1,0,1,177,178,0.56
March 31 2020,Kitsap,WA,Passenger,1386,708,2094,185022,187116,1.12
January 31 2020,Contra Costa,CA,Passenger,3,0,3,194,197,1.52
January 31 2020,Manassas City,VA,Passenger,0,1,1,4,5,20.00
January 31 2020,Kitsap,WA,Passenger,1340,689,2029,185555,187584,1.08
March 31 2020,Klickitat,WA,Truck,0,0,0,8530,8530,0.00
January 31 2020,Kitsap,WA,Truck,1,0,1,55729,55730,0.00
January 31 2020,Kittitas,WA,Truck,0,0,0,15079,15079,0.00
February 29 2020,Glacier,MT,Passenger,0,1,1,5,6,16.67
January 31 2020,Klamath,OR,Passenger,1,0,1,26,27,3.70
February 29 2020,King,WA,Truck,7,1,8,187138,187146,0.00
January 31 2020,Kootenai,ID,Passenger,1,1,2,197,199,1.01
March 31 2020,Larimer,CO,Passenger,0,1,1,44,45,2.22
January 31 2020,Bucks,PA,Passenger,1,0,1,18,19,5.26
January 31 2020,New Castle,DE,Passenger,1,0,1,22,23,4.35
February 29 2020,Kitsap,WA,Truck,1,0,1,55638,55639,0.00
February 29 2020,Jones,GA,Passenger,1,0,1,1,2,50.00
January 31 2020,Okanogan,WA,Passenger,3,8,11,6094,6105,0.18
January 31 2020,Calvert,MD,Passenger,0,2,2,92,94,2.13
March 31 2020,Lewis,WA,Passenger,114,118,232,60458,60690,0.38
February 29 2020,Kittitas,WA,Passenger,99,51,150,30700,30850,0.49
January 31 2020,Charles,MD,Passenger,0,1,1,75,76,1.32
February 29 2020,Klamath,OR,Passenger,1,0,1,27,28,3.57
January 31 2020,Franklin,WA,Passenger,65,81,146,62393,62539,0.23
February 29 2020,Lewis,WA,Truck,0,0,0,26874,26874,0.00
January 31 2020,Frederick,MD,Passenger,2,1,3,86,89,3.37
January 31 2020,Maui,HI,Passenger,1,0,1,37,38,2.63
February 29 2020,Lincoln,WA,Truck,0,0,0,4792,4792,0.00
January 31 2020,Chesapeake City,VA,Passenger,0,2,2,423,425,0.47
February 29 2020,Jefferson,NY,Passenger,0,1,1,227,228,0.44
January 31 2020,Mecklenburg,NC,Passenger,1,0,1,73,74,1.35
January 31 2020,Putnam,TN,Passenger,0,1,1,2,3,33.33
January 31 2020,Clallam,WA,Truck,1,0,1,22387,22388,0.00
January 31 2020,Clark,WA,Passenger,2056,1105,3161,325586,328747,0.96
February 29 2020,Kern,CA,Passenger,1,1,2,227,229,0.87
February 29 2020,Maui,HI,Passenger,1,0,1,35,36,2.78
January 31 2020,San Diego,CA,Passenger,9,9,18,2797,2815,0.64
January 31 2020,Harris,TX,Passenger,1,0,1,222,223,0.45
February 29 2020,Mason,OR,Passenger,2,0,2,18,20,10.00
February 29 2020,Larimer,CO,Passenger,0,1,1,43,44,2.27
January 31 2020,San Juan,WA,Passenger,269,87,356,14722,15078,2.36
January 31 2020,San Juan,WA,Truck,0,0,0,6096,6096,0.00
January 31 2020,Hidalgo,TX,Passenger,0,1,1,79,80,1.25
January 31 2020,Honolulu,HI,Passenger,3,0,3,444,447,0.67
January 31 2020,Palm Beach,FL,Passenger,0,1,1,69,70,1.43
February 29 2020,New Castle,DE,Passenger,1,0,1,22,23,4.35
January 31 2020,Douglas,WA,Passenger,69,39,108,28926,29034,0.37
January 31 2020,Shelby,TN,Passenger,0,1,1,93,94,1.06
February 29 2020,Lewis,WA,Passenger,117,115,232,60779,61011,0.38
February 29 2020,Montgomery,PA,Passenger,1,0,1,25,26,3.85
February 29 2020,Lincoln,WA,Passenger,3,12,15,8001,8016,0.19
March 31 2020,Oklahoma,OK,Passenger,0,2,2,119,121,1.65
January 31 2020,Solano,CA,Passenger,1,0,1,210,211,0.47
February 29 2020,Multnomah,OR,Passenger,4,7,11,694,705,1.56
January 31 2020,Spokane,WA,Truck,1,0,1,99952,99953,0.00
February 29 2020,Nassau,NY,Passenger,2,0,2,33,35,5.71
February 29 2020,Pend Oreille,WA,Truck,0,0,0,6004,6004,0.00
January 31 2020,King,WA,Truck,7,1,8,187271,187279,0.00
January 31 2020,Glacier,MT,Passenger,0,1,1,4,5,20.00
February 29 2020,Okanogan,WA,Truck,0,0,0,4112,4112,0.00
March 31 2020,Placer,CA,Passenger,1,0,1,82,83,1.20
January 31 2020,Thurston,WA,Truck,0,0,0,57011,57011,0.00
January 31 2020,Tipton,TN,Passenger,1,0,1,11,12,8.33
March 31 2020,Powhatan,VA,Passenger,1,0,1,0,1,100.00
January 31 2020,Larimer,CO,Passenger,0,1,1,45,46,2.17
January 31 2020,Howard,MD,Passenger,0,1,1,88,89,1.12
February 29 2020,Pierce,WA,Truck,0,0,0,145407,145407,0.00
January 31 2020,Island,WA,Passenger,412,275,687,64737,65424,1.05
February 29 2020,Sacramento,CA,Passenger,1,0,1,263,264,0.38
January 31 2020,Shasta,CA,Passenger,1,0,1,38,39,2.56
January 31 2020,Lewis,WA,Truck,0,0,0,26882,26882,0.00
January 31 2020,Skagit,WA,Passenger,414,236,650,94458,95108,0.68
January 31 2020,Liberty,GA,Passenger,1,0,1,121,122,0.82
January 31 2020,Jefferson,NY,Passenger,0,1,1,228,229,0.44
January 31 2020,Snohomish,WA,Passenger,4441,1833,6274,547095,553369,1.13
January 31 2020,Snohomish,WA,Truck,0,0,0,127228,127228,0.00
February 29 2020,San Juan,WA,Truck,0,0,0,6095,6095,0.00
January 31 2020,Stevens,WA,Passenger,36,35,71,32358,32429,0.22
February 29 2020,Oklahoma,OK,Passenger,0,2,2,117,119,1.68
January 31 2020,Stevens,WA,Truck,0,0,0,19461,19461,0.00
March 31 2020,San Francisco,CA,Passenger,2,1,3,85,88,3.41
February 29 2020,Shelby,TN,Passenger,0,1,1,89,90,1.11
February 29 2020,Otero,NM,Passenger,0,1,1,37,38,2.63
January 31 2020,Kittitas,WA,Passenger,98,49,147,30757,30904,0.48
January 31 2020,Sumter,FL,Passenger,0,1,1,9,10,10.00
February 29 2020,Pend Oreille,WA,Passenger,9,7,16,9790,9806,0.16
March 31 2020,Sarasota,FL,Passenger,1,0,1,22,23,4.35
February 29 2020,Riverside,CA,Passenger,3,1,4,603,607,0.66
January 31 2020,Lincoln,WA,Passenger,3,11,14,8012,8026,0.17
February 29 2020,Skagit,WA,Passenger,414,237,651,94283,94934,0.69
January 31 2020,Travis,TX,Passenger,1,2,3,165,168,1.79
January 31 2020,Lincoln,WA,Truck,0,0,0,4810,4810,0.00
February 29 2020,Snohomish,WA,Passenger,4496,1848,6344,547375,553719,1.15
March 31 2020,Skamania,WA,Truck,0,0,0,4243,4243,0.00
February 29 2020,Benton,WA,Passenger,349,329,678,138002,138680,0.49
February 29 2020,Spokane,WA,Truck,1,0,1,100155,100156,0.00
February 29 2020,Saint Marys,MD,Passenger,1,0,1,196,197,0.51
March 31 2020,Spokane,WA,Passenger,744,510,1254,324868,326122,0.38
February 29 2020,Stevens,WA,Passenger,36,36,72,32282,32354,0.22
February 29 2020,Santa Clara,CA,Passenger,4,2,6,291,297,2.02
February 29 2020,Riley,KS,Passenger,1,0,1,64,65,1.54
February 29 2020,Thurston,WA,Passenger,1203,781,1984,202119,204103,0.97
January 31 2020,Montgomery,PA,Passenger,1,0,1,25,26,3.85
March 31 2020,Suffolk City,VA,Passenger,1,0,1,117,118,0.85
February 29 2020,Shasta,CA,Passenger,1,0,1,38,39,2.56
January 31 2020,Multnomah,OR,Passenger,4,7,11,693,704,1.56
February 29 2020,Cascade,MT,Passenger,0,1,1,58,59,1.69
February 29 2020,Chaves,NM,Passenger,1,0,1,9,10,10.00
February 29 2020,San Juan,WA,Passenger,283,87,370,14658,15028,2.46
February 29 2020,Santa Rosa,FL,Passenger,1,0,1,84,85,1.18
January 31 2020,Nassau,NY,Passenger,2,0,2,34,36,5.56
February 29 2020,Clallam,WA,Passenger,220,164,384,51710,52094,0.74
January 31 2020,Okanogan,WA,Truck,0,0,0,4121,4121,0.00
February 29 2020,Washtenaw,MI,Passenger,1,0,1,26,27,3.70
March 31 2020,Ventura,CA,Passenger,0,2,2,298,300,0.67
January 31 2020,Oklahoma,OK,Passenger,0,2,2,118,120,1.67
February 29 2020,Shelby,OH,Passenger,0,1,1,1,2,50.00
February 29 2020,Skamania,WA,Passenger,31,20,51,8991,9042,0.56
January 31 2020,Ozaukee,WI,Passenger,0,1,1,3,4,25.00
February 29 2020,Tulsa,OK,Passenger,0,1,1,44,45,2.22
January 31 2020,Otero,NM,Passenger,0,1,1,38,39,2.56
March 31 2020,Whatcom,WA,Truck,3,0,3,44156,44159,0.01
January 31 2020,Pierce,WA,Truck,0,0,0,145325,145325,0.00
January 31 2020,Pacific,WA,Truck,0,0,0,7946,7946,0.00
February 29 2020,Boone,MO,Passenger,0,1,1,8,9,11.11
January 31 2020,Pinal,AZ,Passenger,1,0,1,157,158,0.63
February 29 2020,Denton,TX,Passenger,1,0,1,66,67,1.49
February 29 2020,Walla Walla,WA,Passenger,69,63,132,37124,37256,0.35
February 29 2020,Boulder,CO,Passenger,1,1,2,40,42,4.76
January 31 2020,Pend Oreille,WA,Passenger,9,7,16,9802,9818,0.16
March 31 2020,Yakima,WA,Truck,0,0,0,61978,61978,0.00
January 31 2020,Pend Oreille,WA,Truck,0,0,0,6018,6018,0.00
February 29 2020,Thurston,WA,Truck,0,0,0,56949,56949,0.00
April 30 2020,,,Passenger,7,6,13,1920,1933,0.67
April 30 2020,Alexandria City,VA,Passenger,4,0,4,135,139,2.88
February 29 2020,Duval,FL,Passenger,1,1,2,346,348,0.57
March 31 2020,Benton,WA,Passenger,356,328,684,137915,138599,0.49
February 29 2020,Williamson,TX,Passenger,1,0,1,113,114,0.88
January 31 2020,Riverside,CA,Passenger,3,1,4,604,608,0.66
April 30 2020,Bartow,GA,Passenger,0,1,1,3,4,25.00
February 29 2020,Ferry,WA,Truck,0,0,0,3739,3739,0.00
February 29 2020,Wahkiakum,WA,Passenger,5,6,11,3089,3100,0.35
February 29 2020,Columbia,WA,Passenger,3,3,6,2499,2505,0.24
January 31 2020,Riley,KS,Passenger,1,0,1,65,66,1.52
March 31 2020,Ada,ID,Passenger,0,1,1,255,256,0.39
February 29 2020,Dekalb,GA,Passenger,1,0,1,73,74,1.35
March 31 2020,Clallam,WA,Passenger,229,168,397,51594,51991,0.76
March 31 2020,Alameda,CA,Passenger,2,0,2,254,256,0.78
January 31 2020,Sacramento,CA,Passenger,1,0,1,271,272,0.37
January 31 2020,Saint Marys,MD,Passenger,1,0,1,194,195,0.51
February 29 2020,Greene,MO,Passenger,0,1,1,19,20,5.00
February 29 2020,Whatcom,WA,Passenger,1100,509,1609,154334,155943,1.03
March 31 2020,Albemarle,VA,Passenger,1,0,1,26,27,3.70
January 31 2020,Santa Clara,CA,Passenger,4,2,6,302,308,1.95
February 29 2020,Douglas,NE,Passenger,0,1,1,50,51,1.96
February 29 2020,Whitman,WA,Truck,0,0,0,8820,8820,0.00
March 31 2020,Columbia,WA,Truck,0,0,0,1607,1607,0.00
February 29 2020,Douglas,OR,Passenger,1,0,1,44,45,2.22
March 31 2020,Asotin,WA,Truck,0,0,0,6874,6874,0.00
February 29 2020,Dupage,IL,Passenger,2,0,2,53,55,3.64
February 29 2020,Guilford,NC,Passenger,1,0,1,29,30,3.33
April 30 2020,Camden,GA,Passenger,1,1,2,151,153,1.31
January 31 2020,Shelby,OH,Passenger,0,1,1,1,2,50.00
February 29 2020,Harris,TX,Passenger,1,0,1,219,220,0.45
March 31 2020,Bexar,TX,Passenger,2,6,8,576,584,1.37
January 31 2020,Skamania,WA,Passenger,32,20,52,8995,9047,0.57
March 31 2020,Broward,FL,Passenger,1,1,2,106,108,1.85
February 29 2020,Honolulu,HI,Passenger,3,0,3,436,439,0.68
March 31 2020,Duval,FL,Passenger,0,1,1,344,345,0.29
February 29 2020,Guadalupe,TX,Passenger,2,0,2,52,54,3.70
January 31 2020,Tulsa,OK,Passenger,0,1,1,44,45,2.22
March 31 2020,Boulder,CO,Passenger,1,1,2,39,41,4.88
March 31 2020,Ferry,WA,Truck,0,0,0,3725,3725,0.00
March 31 2020,Brevard,FL,Passenger,0,1,1,74,75,1.33
April 30 2020,Columbia,GA,Passenger,1,1,2,149,151,1.32
February 29 2020,Hennepin,MN,Passenger,2,0,2,87,89,2.25
April 30 2020,Columbia,WA,Passenger,3,3,6,2479,2485,0.24
March 31 2020,Flathead,MT,Passenger,1,0,1,53,54,1.85
April 30 2020,Contra Costa,CA,Passenger,3,0,3,186,189,1.59
March 31 2020,Chelan,WA,Passenger,222,82,304,55669,55973,0.54
January 31 2020,Umatilla,WA,Passenger,0,0,0,4,4,0.00
January 31 2020,Wahkiakum,WA,Passenger,4,6,10,3107,3117,0.32
March 31 2020,Greene,MO,Passenger,0,1,1,20,21,4.76
January 31 2020,Walla Walla,WA,Passenger,66,62,128,37131,37259,0.34
March 31 2020,Hamilton,IN,Passenger,1,0,1,31,32,3.12
March 31 2020,Clark,NV,Passenger,2,1,3,634,637,0.47
April 30 2020,Dekalb,IN,Passenger,1,0,1,1,2,50.00
March 31 2020,Clay,FL,Passenger,0,1,1,83,84,1.19
February 29 2020,Jefferson,WA,Truck,0,0,0,9854,9854,0.00
April 30 2020,Douglas,NE,Passenger,0,1,1,49,50,2.00
February 29 2020,Adams,WA,Truck,0,0,0,5446,5446,0.00
January 31 2020,Washtenaw,MI,Passenger,1,0,1,27,28,3.57
March 31 2020,Deschutes,OR,Passenger,2,0,2,123,125,1.60
April 30 2020,Douglas,OR,Passenger,1,0,1,38,39,2.56
February 29 2020,Albemarle,VA,Passenger,1,0,1,30,31,3.23
February 29 2020,Juneau,AK,Passenger,0,2,2,27,29,6.90
January 31 2020,Whatcom,WA,Passenger,1089,509,1598,154420,156018,1.02
February 29 2020,Alexandria City,VA,Passenger,4,0,4,138,142,2.82
April 30 2020,Dupage,IL,Passenger,2,0,2,49,51,3.92
January 31 2020,Whitman,WA,Truck,0,0,0,8835,8835,0.00
March 31 2020,Cowlitz,WA,Truck,0,0,0,29700,29700,0.00
February 29 2020,Monroe,IL,Passenger,1,0,1,3,4,25.00
January 31 2020,Williamson,TX,Passenger,1,0,1,118,119,0.84
March 31 2020,Douglas,OR,Passenger,1,0,1,41,42,2.38
February 29 2020,Asotin,WA,Truck,0,0,0,6905,6905,0.00
March 31 2020,Kent,MI,Passenger,0,1,1,20,21,4.76
March 31 2020,El Paso,TX,Passenger,2,0,2,440,442,0.45
February 29 2020,Arapahoe,CO,Passenger,1,0,1,130,131,0.76
February 29 2020,Nueces,TX,Passenger,1,0,1,84,85,1.18
March 31 2020,King,WA,Truck,6,1,7,187020,187027,0.00
April 30 2020,Guadalupe,TX,Passenger,2,0,2,51,53,3.77
April 30 2020,Guilford,NC,Passenger,1,0,1,29,30,3.33
February 29 2020,Broward,FL,Passenger,0,1,1,109,110,0.91
February 29 2020,Bay,FL,Passenger,1,0,1,37,38,2.63
March 31 2020,Glacier,MT,Passenger,0,1,1,5,6,16.67
March 31 2020,Fulton,GA,Passenger,1,2,3,100,103,2.91
February 29 2020,Caddo,LA,Passenger,1,0,1,13,14,7.14
February 29 2020,Bexar,TX,Passenger,2,6,8,594,602,1.33
February 29 2020,Osceola,FL,Passenger,1,0,1,34,35,2.86
April 30 2020,Harris,TX,Passenger,1,0,1,211,212,0.47
March 31 2020,Garfield,WA,Passenger,0,1,1,1367,1368,0.07
February 29 2020,Los Angeles,CA,Passenger,10,9,19,1000,1019,1.86
March 31 2020,Hennepin,MN,Passenger,2,0,2,83,85,2.35
March 31 2020,Grant,WA,Truck,0,0,0,28002,28002,0.00
April 30 2020,Honolulu,HI,Passenger,3,0,3,423,426,0.70
March 31 2020,Mason,OR,Passenger,1,0,1,18,19,5.26
February 29 2020,Chelan,WA,Passenger,217,81,298,55777,56075,0.53
February 29 2020,Saginaw,MI,Passenger,1,0,1,10,11,9.09
March 31 2020,Jefferson,WA,Truck,0,0,0,9821,9821,0.00
February 29 2020,Montgomery,MD,Passenger,0,4,4,259,263,1.52
April 30 2020,Jefferson,WA,Truck,0,0,0,9766,9766,0.00
March 31 2020,Monroe,IL,Passenger,1,0,1,3,4,25.00
February 29 2020,Clark,WA,Truck,0,0,0,84059,84059,0.00
February 29 2020,San Mateo,CA,Passenger,0,1,1,117,118,0.85
April 30 2020,Juneau,AK,Passenger,0,2,2,26,28,7.14
March 31 2020,Island,WA,Truck,1,0,1,21784,21785,0.00
February 29 2020,Santa Barbara,CA,Passenger,1,0,1,91,92,1.09
February 29 2020,Clay,FL,Passenger,0,1,1,84,85,1.18
February 29 2020,Okanogan,,Passenger,31,23,54,20806,20860,0.26
April 30 2020,Kitsap,WA,Truck,1,0,1,55188,55189,0.00
February 29 2020,Oldham,KY,Passenger,0,1,1,3,4,25.00
April 30 2020,Klamath,OR,Passenger,1,0,1,26,27,3.70
March 31 2020,Jones,GA,Passenger,1,0,1,1,2,50.00
February 29 2020,Pacific,WA,Passenger,39,34,73,16328,16401,0.45
March 31 2020,Multnomah,OR,Passenger,4,7,11,693,704,1.56
February 29 2020,Ferry,WA,Passenger,5,2,7,4540,4547,0.15
February 29 2020,Spartanburg,SC,Passenger,0,1,1,36,37,2.70
February 29 2020,Cowlitz,WA,Passenger,137,126,263,74826,75089,0.35
February 29 2020,Franklin,WA,Truck,0,0,0,20520,20520,0.00
February 29 2020,Pierce,WA,Passenger,2492,1809,4301,561429,565730,0.76
February 29 2020,Pinellas,FL,Passenger,1,1,2,88,90,2.22
March 31 2020,Lincoln,WA,Passenger,4,12,16,7967,7983,0.20
February 29 2020,Garfield,WA,Passenger,0,1,1,1366,1367,0.07
March 31 2020,Nueces,TX,Passenger,1,0,1,83,84,1.19
March 31 2020,Okanogan,,Passenger,31,23,54,20781,20835,0.26
February 29 2020,Douglas,WA,Truck,0,0,0,12651,12651,0.00
February 29 2020,Ramsey,MN,Passenger,1,0,1,35,36,2.78
March 31 2020,Osceola,FL,Passenger,1,0,1,35,36,2.78
March 31 2020,Manassas City,VA,Passenger,0,1,1,4,5,20.00
February 29 2020,Fairfax,VA,Passenger,5,4,9,735,744,1.21
February 29 2020,Harrison,MS,Passenger,1,0,1,64,65,1.54
March 31 2020,Mason,WA,Truck,0,0,0,21204,21204,0.00
April 30 2020,Maui,HI,Passenger,1,0,1,34,35,2.86
February 29 2020,Williams,ND,Passenger,0,1,1,14,15,6.67
February 29 2020,Fulton,GA,Passenger,1,2,3,99,102,2.94
February 29 2020,San Bernardino,CA,Passenger,0,1,1,453,454,0.22
March 31 2020,Prince William,VA,Passenger,2,3,5,229,234,2.14
March 31 2020,Ramsey,MN,Passenger,1,0,1,35,36,2.78
March 31 2020,Montgomery,AL,Passenger,0,1,1,36,37,2.70
February 29 2020,Yakima,WA,Passenger,135,126,261,170526,170787,0.15
February 29 2020,Grant,WA,Passenger,61,75,136,67274,67410,0.20
March 31 2020,Montgomery,MD,Passenger,0,4,4,254,258,1.55
February 29 2020,Santa Cruz,CA,Passenger,1,0,1,34,35,2.86
March 31 2020,Riverside,CA,Passenger,3,1,4,599,603,0.66
February 29 2020,Grays Harbor,WA,Passenger,122,113,235,49196,49431,0.48
April 30 2020,Montgomery,MD,Passenger,0,4,4,251,255,1.57
March 31 2020,Allegheny,PA,Passenger,1,0,1,62,63,1.59
February 29 2020,Skagit,WA,Truck,1,0,1,33479,33480,0.00
March 31 2020,Saint Clair,IL,Passenger,1,0,1,139,140,0.71
February 29 2020,Snohomish,WA,Truck,0,0,0,127298,127298,0.00
March 31 2020,Arapahoe,CO,Passenger,1,0,1,130,131,0.76
March 31 2020,Santa Barbara,CA,Passenger,1,0,1,90,91,1.10
March 31 2020,Okanogan,WA,Passenger,4,8,12,6049,6061,0.20
April 30 2020,Norfolk City,VA,Passenger,2,1,3,362,365,0.82
March 31 2020,Oldham,KY,Passenger,0,1,1,3,4,25.00
March 31 2020,Bay,FL,Passenger,1,0,1,35,36,2.78
March 31 2020,Orange,CA,Passenger,5,1,6,501,507,1.18
April 30 2020,Okanogan,WA,Truck,0,0,0,4068,4068,0.00
February 29 2020,Island,WA,Truck,1,0,1,21836,21837,0.00
March 31 2020,Skagit,WA,Truck,1,0,1,33481,33482,0.00
February 29 2020,Twin Falls,ID,Passenger,0,1,1,23,24,4.17
April 30 2020,Pacific,WA,Passenger,39,36,75,16130,16205,0.46
March 31 2020,Pend Oreille,WA,Passenger,8,7,15,9709,9724,0.15
March 31 2020,Benton,WA,Truck,0,0,0,43712,43712,0.00
February 29 2020,Kent,MI,Passenger,0,1,1,20,21,4.76
February 29 2020,King,WA,Passenger,23996,8036,32032,1420198,1452230,2.21
March 31 2020,Sacramento,CA,Passenger,1,0,1,257,258,0.39
March 31 2020,Tarrant,TX,Passenger,1,0,1,157,158,0.63
March 31 2020,Pierce,WA,Passenger,2551,1817,4368,561581,565949,0.77
February 29 2020,Klickitat,WA,Passenger,55,42,97,16058,16155,0.60
February 29 2020,Klickitat,WA,Truck,0,0,0,8548,8548,0.00
March 31 2020,Pinellas,FL,Passenger,1,1,2,86,88,2.27
March 31 2020,San Bernardino,CA,Passenger,0,1,1,450,451,0.22
February 29 2020,Washoe,NV,Passenger,1,0,1,84,85,1.18
February 29 2020,Maricopa,AZ,Passenger,8,5,13,1226,1239,1.05
March 31 2020,Boone,MO,Passenger,0,1,1,9,10,10.00
February 29 2020,Wayne,MI,Passenger,0,1,1,56,57,1.75
March 31 2020,Bucks,PA,Passenger,1,0,1,19,20,5.00
February 29 2020,Westchester,NY,Passenger,0,1,1,25,26,3.85
February 29 2020,Mason,WA,Passenger,176,142,318,48613,48931,0.65
April 30 2020,Saint Marys,MD,Passenger,1,0,1,195,196,0.51
February 29 2020,Mason,WA,Truck,0,0,0,21218,21218,0.00
March 31 2020,Putnam,TN,Passenger,0,1,1,2,3,33.33
March 31 2020,Camden,GA,Passenger,1,1,2,150,152,1.32
February 29 2020,Whitman,WA,Passenger,43,51,94,23036,23130,0.41
March 31 2020,Santa Cruz,CA,Passenger,1,0,1,35,36,2.78
April 30 2020,San Diego,CA,Passenger,12,9,21,2792,2813,0.75
April 30 2020,Santa Clara,CA,Passenger,3,2,5,281,286,1.75
March 31 2020,Riley,KS,Passenger,1,0,1,64,65,1.54
March 31 2020,Williams,ND,Passenger,0,1,1,14,15,6.67
April 30 2020,Shelby,TN,Passenger,0,1,1,86,87,1.15
March 31 2020,Charles,MD,Passenger,0,1,1,69,70,1.43
March 31 2020,Snohomish,WA,Passenger,4562,1875,6437,546956,553393,1.16
March 31 2020,Spokane,WA,Truck,1,0,1,100439,100440,0.00
April 30 2020,Skagit,WA,Passenger,430,239,669,93465,94134,0.71
March 31 2020,Anne Arundel,MD,Passenger,1,3,4,420,424,0.94
February 29 2020,Montgomery,OH,Passenger,0,1,1,58,59,1.69
February 29 2020,Montgomery,AL,Passenger,0,1,1,37,38,2.63
March 31 2020,Stafford,VA,Passenger,1,0,1,86,87,1.15
March 31 2020,Asotin,WA,Passenger,17,13,30,12937,12967,0.23
March 31 2020,Stevens,WA,Passenger,36,35,71,32105,32176,0.22
February 29 2020,Moore,NC,Passenger,0,1,1,164,165,0.61
March 31 2020,Clallam,WA,Truck,1,0,1,22355,22356,0.00
March 31 2020,Sedgwick,KS,Passenger,1,0,1,89,90,1.11
April 30 2020,Tulsa,OK,Passenger,0,1,1,40,41,2.44
February 29 2020,Norfolk City,VA,Passenger,2,1,3,369,372,0.81
March 31 2020,Thurston,WA,Passenger,1223,785,2008,201917,203925,0.98
April 30 2020,Twin Falls,ID,Passenger,0,1,1,22,23,4.35
March 31 2020,Columbia,WA,Passenger,3,3,6,2484,2490,0.24
March 31 2020,Spartanburg,SC,Passenger,0,1,1,37,38,2.63
March 31 2020,Tuolumne,CA,Passenger,0,1,1,8,9,11.11
February 29 2020,Pacific,WA,Truck,0,0,0,7955,7955,0.00
February 29 2020,Orange,CA,Passenger,5,1,6,501,507,1.18
February 29 2020,Pima,AZ,Passenger,2,1,3,328,331,0.91
March 31 2020,Twin Falls,ID,Passenger,0,1,1,22,23,4.35
March 31 2020,Walla Walla,WA,Truck,0,0,0,14071,14071,0.00
March 31 2020,Davidson,TN,Passenger,1,0,1,60,61,1.64
February 29 2020,Polk,FL,Passenger,1,0,1,66,67,1.49
April 30 2020,Cascade,MT,Passenger,0,1,1,56,57,1.75
March 31 2020,Caddo,LA,Passenger,1,0,1,13,14,7.14
February 29 2020,Placer,CA,Passenger,1,0,1,84,85,1.18
March 31 2020,Westchester,NY,Passenger,0,1,1,24,25,4.00
March 31 2020,Dekalb,GA,Passenger,1,0,1,71,72,1.39
February 29 2020,Powhatan,VA,Passenger,1,0,1,0,1,100.00
April 30 2020,Chaves,NM,Passenger,1,0,1,9,10,10.00
February 29 2020,Prince William,VA,Passenger,2,3,5,234,239,2.09
April 30 2020,Whitman,WA,Passenger,46,51,97,22773,22870,0.42
March 31 2020,District Of Columbia,DC,Passenger,1,3,4,209,213,1.88
April 30 2020,Chesapeake City,VA,Passenger,0,2,2,412,414,0.48
March 31 2020,Cascade,MT,Passenger,0,1,1,57,58,1.72
March 31 2020,Chaves,NM,Passenger,1,0,1,9,10,10.00
April 30 2020,Adams,WA,Truck,0,0,0,5423,5423,0.00
March 31 2020,Douglas,NE,Passenger,0,1,1,49,50,2.00
April 30 2020,Clark,WA,Passenger,2115,1111,3226,324770,327996,0.98
April 30 2020,Allegheny,PA,Passenger,1,0,1,62,63,1.59
May 31 2020,Ada,ID,Passenger,0,1,1,243,244,0.41
February 29 2020,Saint Clair,IL,Passenger,1,0,1,140,141,0.71
March 31 2020,Douglas,WA,Truck,0,0,0,12665,12665,0.00
May 31 2020,Alameda,CA,Passenger,1,0,1,250,251,0.40
April 30 2020,Arapahoe,CO,Passenger,1,0,1,125,126,0.79
March 31 2020,Erie,NY,Passenger,1,0,1,37,38,2.63
May 31 2020,Anne Arundel,MD,Passenger,0,3,3,405,408,0.74
April 30 2020,Asotin,WA,Truck,0,0,0,6828,6828,0.00
May 31 2020,Asotin,WA,Passenger,17,13,30,12698,12728,0.24
February 29 2020,San Francisco,CA,Passenger,2,1,3,85,88,3.41
February 29 2020,San Diego,CA,Passenger,10,9,19,2804,2823,0.67
March 31 2020,Denton,TX,Passenger,1,0,1,67,68,1.47
April 30 2020,Bay,FL,Passenger,1,0,1,34,35,2.86
February 29 2020,Sarasota,FL,Passenger,1,0,1,23,24,4.17
April 30 2020,Anne Arundel,MD,Passenger,0,3,3,409,412,0.73
February 29 2020,Skamania,WA,Truck,0,0,0,4271,4271,0.00
April 30 2020,Denton,TX,Passenger,1,0,1,65,66,1.52
April 30 2020,Asotin,WA,Passenger,17,13,30,12798,12828,0.23
March 31 2020,Fairbanks North Star,AK,Passenger,0,1,1,97,98,1.02
April 30 2020,Boone,MO,Passenger,0,1,1,9,10,10.00
February 29 2020,Spokane,WA,Passenger,735,506,1241,324410,325651,0.38
March 31 2020,Guadalupe,TX,Passenger,2,0,2,51,53,3.77
February 29 2020,Sedgwick,KS,Passenger,1,0,1,91,92,1.09
April 30 2020,Caddo,LA,Passenger,1,0,1,13,14,7.14
March 31 2020,Ferry,WA,Passenger,5,3,8,4536,4544,0.18
May 31 2020,Camden,GA,Passenger,1,1,2,149,151,1.32
February 29 2020,Stafford,VA,Passenger,1,0,1,86,87,1.15
February 29 2020,Tarrant,TX,Passenger,2,0,2,163,165,1.21
March 31 2020,Franklin,WA,Passenger,64,83,147,62340,62487,0.24
March 31 2020,Franklin,WA,Truck,0,0,0,20536,20536,0.00
February 29 2020,Suffolk City,VA,Passenger,1,0,1,117,118,0.85
April 30 2020,Fresno,CA,Passenger,1,0,1,175,176,0.57
April 30 2020,Charles,MD,Passenger,0,1,1,69,70,1.43
March 31 2020,Fresno,CA,Passenger,1,0,1,177,178,0.56
April 30 2020,Chelan,WA,Passenger,226,83,309,55446,55755,0.55
April 30 2020,Calvert,MD,Passenger,0,2,2,89,91,2.20
February 29 2020,Umatilla,WA,Passenger,0,0,0,4,4,0.00
April 30 2020,Clallam,WA,Truck,1,0,1,22252,22253,0.00
February 29 2020,Tuolumne,CA,Passenger,0,1,1,8,9,11.11
February 29 2020,Ventura,CA,Passenger,0,2,2,300,302,0.66
April 30 2020,Clay,FL,Passenger,0,1,1,80,81,1.23
April 30 2020,Greene,MO,Passenger,0,1,1,20,21,4.76
February 29 2020,Vigo,IN,Passenger,1,0,1,4,5,20.00
March 31 2020,Jefferson,NY,Passenger,0,1,1,222,223,0.45
February 29 2020,Wahkiakum,WA,Truck,0,0,0,1802,1802,0.00
March 31 2020,Grays Harbor,WA,Truck,0,0,0,21285,21285,0.00
April 30 2020,Hamilton,IN,Passenger,1,0,1,31,32,3.12
February 29 2020,Valencia,NM,Passenger,1,0,1,3,4,25.00
May 31 2020,Cowlitz,WA,Truck,0,0,0,29599,29599,0.00
February 29 2020,Walla Walla,WA,Truck,0,0,0,14126,14126,0.00
March 31 2020,Kent,DE,Passenger,0,1,1,67,68,1.47
March 31 2020,Harrison,MS,Passenger,1,0,1,62,63,1.59
May 31 2020,District Of Columbia,DC,Passenger,2,3,5,204,209,2.39
February 29 2020,Whatcom,WA,Truck,3,0,3,44248,44251,0.01
March 31 2020,Kittitas,WA,Passenger,104,51,155,30705,30860,0.50
March 31 2020,Kittitas,WA,Truck,0,0,0,15051,15051,0.00
April 30 2020,Davidson,TN,Passenger,1,0,1,60,61,1.64
March 31 2020,Klamath,OR,Passenger,1,0,1,26,27,3.70
April 30 2020,Jefferson,WA,Passenger,245,157,402,25408,25810,1.56
May 31 2020,El Paso,TX,Passenger,2,0,2,432,434,0.46
March 31 2020,Kootenai,ID,Passenger,1,1,2,192,194,1.03
April 30 2020,Dekalb,GA,Passenger,1,0,1,70,71,1.41
March 31 2020,,,Passenger,8,6,14,1947,1961,0.71
March 31 2020,Adams,WA,Passenger,7,9,16,13227,13243,0.12
May 31 2020,Fairbanks North Star,AK,Passenger,0,1,1,97,98,1.02
April 30 2020,Douglas,WA,Truck,0,0,0,12616,12616,0.00
March 31 2020,Adams,WA,Truck,0,0,0,5440,5440,0.00
May 31 2020,Flathead,MT,Passenger,1,0,1,53,54,1.85
March 31 2020,Los Angeles,CA,Passenger,9,9,18,989,1007,1.79
April 30 2020,Klickitat,WA,Passenger,58,42,100,15813,15913,0.63
April 30 2020,Erie,NY,Passenger,1,0,1,38,39,2.56
April 30 2020,Douglas,WA,Passenger,70,41,111,28622,28733,0.39
March 31 2020,Alexandria City,VA,Passenger,4,0,4,136,140,2.86
May 31 2020,Franklin,WA,Passenger,65,81,146,61902,62048,0.24
March 31 2020,Arlington,VA,Passenger,0,2,2,141,143,1.40
April 30 2020,Fairbanks North Star,AK,Passenger,0,1,1,95,96,1.04
April 30 2020,Fairfax,VA,Passenger,5,4,9,724,733,1.23
March 31 2020,Maui,HI,Passenger,1,0,1,34,35,2.86
April 30 2020,Franklin,WA,Truck,0,0,0,20485,20485,0.00
April 30 2020,Frederick,MD,Passenger,2,1,3,80,83,3.61
March 31 2020,Calvert,MD,Passenger,0,2,2,90,92,2.17
April 30 2020,Ferry,WA,Passenger,5,3,8,4507,4515,0.18
April 30 2020,Mecklenburg,NC,Passenger,1,0,1,72,73,1.37
May 31 2020,Grant,WA,Truck,0,0,0,27899,27899,0.00
March 31 2020,Lewis,WA,Truck,0,0,0,26819,26819,0.00
May 31 2020,Grays Harbor,WA,Truck,0,0,0,21277,21277,0.00
April 30 2020,Montgomery,OH,Passenger,0,1,1,57,58,1.72
April 30 2020,Grays Harbor,WA,Truck,0,0,0,21250,21250,0.00
March 31 2020,Chesapeake City,VA,Passenger,0,2,2,417,419,0.48
March 31 2020,Otero,NM,Passenger,0,1,1,37,38,2.63
April 30 2020,Nueces,TX,Passenger,1,0,1,81,82,1.22
March 31 2020,Maricopa,AZ,Passenger,7,5,12,1211,1223,0.98
April 30 2020,Okanogan,,Passenger,31,23,54,20644,20698,0.26
March 31 2020,Pacific,WA,Passenger,39,36,75,16296,16371,0.46
March 31 2020,Pacific,WA,Truck,0,0,0,7921,7921,0.00
March 31 2020,Clark,WA,Passenger,2105,1110,3215,326079,329294,0.98
March 31 2020,Palm Beach,FL,Passenger,0,2,2,65,67,2.99
April 30 2020,Harrison,MS,Passenger,1,0,1,62,63,1.59
March 31 2020,Pend Oreille,WA,Truck,0,0,0,5995,5995,0.00
April 30 2020,Island,WA,Truck,1,0,1,21684,21685,0.00
March 31 2020,Cochise,AZ,Passenger,0,1,1,106,107,0.93
March 31 2020,Monterey,CA,Passenger,1,0,1,190,191,0.52
April 30 2020,Island,WA,Passenger,427,290,717,64097,64814,1.11
March 31 2020,Montgomery,PA,Passenger,1,0,1,25,26,3.85
April 30 2020,Jefferson,NY,Passenger,0,1,1,221,222,0.45
May 31 2020,King,WA,Truck,6,1,7,186044,186051,0.00
March 31 2020,Columbia,GA,Passenger,1,1,2,150,152,1.32
April 30 2020,Ramsey,MN,Passenger,1,0,1,34,35,2.86
May 31 2020,Kitsap,WA,Truck,0,0,0,55151,55151,0.00
March 31 2020,Moore,NC,Passenger,0,1,1,163,164,0.61
May 31 2020,Klamath,OR,Passenger,1,0,1,25,26,3.85
March 31 2020,Contra Costa,CA,Passenger,3,0,3,191,194,1.55
March 31 2020,Douglas,WA,Passenger,71,41,112,28758,28870,0.39
March 31 2020,New Castle,DE,Passenger,1,0,1,22,23,4.35
March 31 2020,Pima,AZ,Passenger,2,1,3,322,325,0.92
March 31 2020,Dupage,IL,Passenger,2,0,2,52,54,3.70
April 30 2020,Kent,DE,Passenger,0,1,1,67,68,1.47
March 31 2020,Polk,FL,Passenger,1,0,1,66,67,1.49
April 30 2020,Saginaw,MI,Passenger,1,0,1,9,10,10.00
March 31 2020,Fairfax,VA,Passenger,5,4,9,730,739,1.22
May 31 2020,Lewis,WA,Truck,0,0,0,26803,26803,0.00
April 30 2020,Kootenai,ID,Passenger,1,0,1,189,190,0.53
March 31 2020,Dekalb,IN,Passenger,1,0,1,1,2,50.00
April 30 2020,San Juan,WA,Passenger,299,93,392,14528,14920,2.63
April 30 2020,Kittitas,WA,Passenger,108,51,159,30610,30769,0.52
April 30 2020,San Mateo,CA,Passenger,0,1,1,113,114,0.88
March 31 2020,Saint Louis City,MO,Passenger,1,0,1,25,26,3.85
May 31 2020,Maui,HI,Passenger,1,0,1,32,33,3.03
April 30 2020,Liberty,GA,Passenger,1,0,1,120,121,0.83
April 30 2020,Shelby,OH,Passenger,0,1,1,1,2,50.00
March 31 2020,Saginaw,MI,Passenger,1,0,1,10,11,9.09
April 30 2020,Lewis,WA,Truck,0,0,0,26791,26791,0.00
April 30 2020,Skagit,WA,Truck,1,0,1,33341,33342,0.00
April 30 2020,Los Angeles,CA,Passenger,9,9,18,966,984,1.83
March 31 2020,Howard,MD,Passenger,0,1,1,85,86,1.16
March 31 2020,Frederick,MD,Passenger,2,1,3,84,87,3.45
May 31 2020,Montgomery,PA,Passenger,1,0,1,22,23,4.35
April 30 2020,Lincoln,WA,Truck,0,0,0,4763,4763,0.00
April 30 2020,Snohomish,WA,Truck,0,0,0,126944,126944,0.00
March 31 2020,Skagit,WA,Passenger,425,240,665,94057,94722,0.70
March 31 2020,Island,WA,Passenger,427,289,716,64439,65155,1.10
March 31 2020,Skamania,WA,Passenger,32,19,51,8939,8990,0.57
March 31 2020,San Juan,WA,Passenger,296,91,387,14626,15013,2.58
May 31 2020,New Castle,DE,Passenger,1,0,1,21,22,4.55
April 30 2020,Stevens,WA,Truck,0,0,0,19290,19290,0.00
March 31 2020,San Mateo,CA,Passenger,0,1,1,113,114,0.88
April 30 2020,Maricopa,AZ,Passenger,7,5,12,1202,1214,0.99
March 31 2020,Sumter,FL,Passenger,0,1,1,9,10,10.00
March 31 2020,Jefferson,WA,Passenger,245,155,400,25545,25945,1.54
March 31 2020,Guilford,NC,Passenger,1,0,1,28,29,3.45
April 30 2020,Tarrant,TX,Passenger,1,0,1,155,156,0.64
March 31 2020,Juneau,AK,Passenger,0,2,2,26,28,7.14
April 30 2020,Mason,WA,Passenger,184,144,328,48322,48650,0.67
April 30 2020,Thurston,WA,Truck,0,0,0,56747,56747,0.00
March 31 2020,Travis,TX,Passenger,1,2,3,160,163,1.84
March 31 2020,Umatilla,WA,Passenger,0,0,0,4,4,0.00
March 31 2020,Harris,TX,Passenger,1,0,1,216,217,0.46
April 30 2020,Tipton,TN,Passenger,1,0,1,11,12,8.33
March 31 2020,Kitsap,WA,Truck,1,0,1,55477,55478,0.00
March 31 2020,Vigo,IN,Passenger,1,0,1,4,5,20.00
March 31 2020,Hidalgo,TX,Passenger,0,1,1,72,73,1.37
March 31 2020,Klickitat,WA,Passenger,57,42,99,15970,16069,0.62
April 30 2020,Nassau,NY,Passenger,2,0,2,29,31,6.45
March 31 2020,Wahkiakum,WA,Passenger,6,6,12,3078,3090,0.39
March 31 2020,Honolulu,HI,Passenger,3,0,3,434,437,0.69
March 31 2020,Wahkiakum,WA,Truck,0,0,0,1804,1804,0.00
April 30 2020,New Castle,DE,Passenger,1,0,1,22,23,4.35
March 31 2020,Thurston,WA,Truck,0,0,0,56925,56925,0.00
April 30 2020,Monterey,CA,Passenger,1,0,1,188,189,0.53
March 31 2020,Lincoln,WA,Truck,0,0,0,4786,4786,0.00
April 30 2020,Montgomery,AL,Passenger,0,1,1,36,37,2.70
April 30 2020,Washoe,NV,Passenger,1,0,1,82,83,1.20
March 31 2020,Washtenaw,MI,Passenger,1,0,1,23,24,4.17
April 30 2020,Moore,NC,Passenger,0,1,1,161,162,0.62
March 31 2020,Valencia,NM,Passenger,1,0,1,3,4,25.00
March 31 2020,Whatcom,WA,Passenger,1119,513,1632,154070,155702,1.05
April 30 2020,Whitman,WA,Truck,0,0,0,8791,8791,0.00
April 30 2020,Pend Oreille,WA,Truck,0,0,0,5972,5972,0.00
May 31 2020,Shasta,CA,Passenger,1,0,1,35,36,2.78
March 31 2020,Mecklenburg,NC,Passenger,1,0,1,71,72,1.39
April 30 2020,Placer,CA,Passenger,1,0,1,80,81,1.23
May 31 2020,Skagit,WA,Passenger,432,240,672,93180,93852,0.72
April 30 2020,Otero,NM,Passenger,0,1,1,36,37,2.70
April 30 2020,,CA,Passenger,1,2,3,218,221,1.36
April 30 2020,Yakima,WA,Passenger,147,125,272,169899,170171,0.16
March 31 2020,Montgomery,OH,Passenger,0,1,1,57,58,1.72
April 30 2020,Powhatan,VA,Passenger,1,0,1,0,1,100.00
April 30 2020,Ozaukee,WI,Passenger,0,1,1,3,4,25.00
May 31 2020,Snohomish,WA,Passenger,4595,1869,6464,543822,550286,1.17
April 30 2020,Albemarle,VA,Passenger,1,0,1,26,27,3.70
April 30 2020,Pacific,WA,Truck,0,0,0,7883,7883,0.00
May 31 2020,Spokane,WA,Truck,1,0,1,100550,100551,0.00
May 31 2020,,CA,Passenger,1,2,3,220,223,1.35
March 31 2020,Nassau,NY,Passenger,2,0,2,31,33,6.06
April 30 2020,Palm Beach,FL,Passenger,0,1,1,65,66,1.52
May 31 2020,Stevens,WA,Passenger,37,35,72,31594,31666,0.23
March 31 2020,Yakima,WA,Passenger,142,126,268,170456,170724,0.16
April 30 2020,Pima,AZ,Passenger,2,1,3,315,318,0.94
April 30 2020,Pinal,AZ,Passenger,1,0,1,152,153,0.65
May 31 2020,Allegheny,PA,Passenger,1,0,1,60,61,1.64
April 30 2020,Bell,TX,Passenger,0,1,1,403,404,0.25
March 31 2020,Liberty,GA,Passenger,1,0,1,117,118,0.85
April 30 2020,Polk,FL,Passenger,1,0,1,63,64,1.56
May 31 2020,Arlington,VA,Passenger,0,2,2,132,134,1.49
April 30 2020,Benton,WA,Truck,0,0,0,43670,43670,0.00
May 31 2020,Bell,TX,Passenger,0,1,1,396,397,0.25
April 30 2020,Adams,WA,Passenger,7,9,16,13111,13127,0.12
May 31 2020,Benton,WA,Truck,0,0,0,43624,43624,0.00
April 30 2020,San Francisco,CA,Passenger,2,1,3,85,88,3.41
April 30 2020,Broward,FL,Passenger,1,1,2,105,107,1.87
April 30 2020,Sarasota,FL,Passenger,1,0,1,20,21,4.76
April 30 2020,Arlington,VA,Passenger,0,2,2,134,136,1.47
March 31 2020,Mason,WA,Passenger,181,144,325,48582,48907,0.66
April 30 2020,Bucks,PA,Passenger,1,0,1,19,20,5.00
April 30 2020,Skamania,WA,Truck,0,0,0,4215,4215,0.00
April 30 2020,Saint Louis City,MO,Passenger,1,0,1,25,26,3.85
April 30 2020,Spokane,WA,Passenger,751,510,1261,323306,324567,0.39
April 30 2020,Carson City,NV,Passenger,1,0,1,8,9,11.11
April 30 2020,San Bernardino,CA,Passenger,0,1,1,439,440,0.23
March 31 2020,Shasta,CA,Passenger,1,0,1,39,40,2.50
May 31 2020,Carson City,NV,Passenger,1,0,1,8,9,11.11
March 31 2020,Shelby,OH,Passenger,0,1,1,1,2,50.00
April 30 2020,Santa Cruz,CA,Passenger,1,0,1,35,36,2.78
March 31 2020,Snohomish,WA,Truck,0,0,0,127312,127312,0.00
April 30 2020,Boulder,CO,Passenger,1,1,2,38,40,5.00
March 31 2020,Norfolk City,VA,Passenger,2,1,3,365,368,0.82
May 31 2020,Charles,MD,Passenger,1,1,2,67,69,2.90
March 31 2020,Stevens,WA,Truck,0,0,0,19376,19376,0.00
June 30 2020,Albemarle,VA,Passenger,1,0,1,26,27,3.70
April 30 2020,Umatilla,WA,Passenger,0,0,0,4,4,0.00
March 31 2020,Okanogan,WA,Truck,0,0,0,4102,4102,0.00
April 30 2020,Skamania,WA,Passenger,32,18,50,8844,8894,0.56
May 31 2020,Clallam,WA,Truck,1,0,1,22225,22226,0.00
April 30 2020,Wahkiakum,WA,Truck,0,0,0,1804,1804,0.00
March 31 2020,Ozaukee,WI,Passenger,0,1,1,3,4,25.00
April 30 2020,Clark,NV,Passenger,3,1,4,631,635,0.63
June 30 2020,Benton,WA,Passenger,372,329,701,137138,137839,0.51
April 30 2020,Walla Walla,WA,Passenger,71,64,135,36843,36978,0.37
April 30 2020,Cochise,AZ,Passenger,0,1,1,105,106,0.94
April 30 2020,Cumberland,NC,Passenger,0,2,2,481,483,0.41
April 30 2020,Columbia,WA,Truck,0,0,0,1590,1590,0.00
April 30 2020,Valencia,NM,Passenger,1,0,1,3,4,25.00
March 31 2020,Pierce,WA,Truck,0,0,0,145514,145514,0.00
April 30 2020,Vigo,IN,Passenger,1,0,1,4,5,20.00
March 31 2020,Pinal,AZ,Passenger,1,0,1,155,156,0.64
April 30 2020,Washtenaw,MI,Passenger,1,0,1,23,24,4.17
March 31 2020,Walla Walla,WA,Passenger,69,64,133,37055,37188,0.36
April 30 2020,Walla Walla,WA,Truck,0,0,0,14045,14045,0.00
April 30 2020,District Of Columbia,DC,Passenger,1,3,4,205,209,1.91
April 30 2020,Whatcom,WA,Truck,3,0,3,43986,43989,0.01
May 31 2020,Davidson,TN,Passenger,1,0,1,60,61,1.64
April 30 2020,Williamson,TX,Passenger,1,0,1,108,109,0.92
March 31 2020,Washoe,NV,Passenger,1,0,1,85,86,1.16
June 30 2020,Clallam,WA,Passenger,242,171,413,51117,51530,0.80
April 30 2020,Whatcom,WA,Passenger,1123,513,1636,153126,154762,1.06
April 30 2020,Deschutes,OR,Passenger,2,0,2,120,122,1.64
March 31 2020,Whitman,WA,Passenger,44,49,93,22922,23015,0.40
March 31 2020,Whitman,WA,Truck,0,0,0,8821,8821,0.00
May 31 2020,,,Passenger,7,5,12,1909,1921,0.62
March 31 2020,Saint Marys,MD,Passenger,1,0,1,194,195,0.51
March 31 2020,Williamson,TX,Passenger,1,0,1,112,113,0.88
June 30 2020,Columbia,WA,Truck,0,0,0,1583,1583,0.00
May 31 2020,Adams,WA,Passenger,8,9,17,13078,13095,0.13
April 30 2020,Garfield,WA,Passenger,0,1,1,1360,1361,0.07
March 31 2020,San Diego,CA,Passenger,11,9,20,2807,2827,0.71
April 30 2020,Glacier,MT,Passenger,0,1,1,5,6,16.67
March 31 2020,San Juan,WA,Truck,0,0,0,6102,6102,0.00
May 31 2020,Frederick,MD,Passenger,2,1,3,79,82,3.66
March 31 2020,Santa Clara,CA,Passenger,3,2,5,288,293,1.71
May 31 2020,Glacier,MT,Passenger,0,1,1,5,6,16.67
April 30 2020,Benton,WA,Passenger,360,330,690,137400,138090,0.50
March 31 2020,Shelby,TN,Passenger,0,1,1,86,87,1.15
May 31 2020,Brevard,FL,Passenger,0,1,1,72,73,1.37
April 30 2020,Hennepin,MN,Passenger,2,0,2,80,82,2.44
March 31 2020,Solano,CA,Passenger,1,0,1,213,214,0.47
April 30 2020,Brevard,FL,Passenger,0,1,1,74,75,1.33
May 31 2020,Bryan,GA,Passenger,1,0,1,55,56,1.79
May 31 2020,Bucks,PA,Passenger,1,0,1,19,20,5.00
April 30 2020,Hidalgo,TX,Passenger,0,1,1,69,70,1.43
April 30 2020,Bryan,GA,Passenger,1,0,1,57,58,1.72
June 30 2020,Greene,MO,Passenger,0,1,1,20,21,4.76
March 31 2020,Tipton,TN,Passenger,1,0,1,11,12,8.33
May 31 2020,Calvert,MD,Passenger,0,2,2,88,90,2.22
May 31 2020,Hidalgo,TX,Passenger,0,1,1,68,69,1.45
March 31 2020,Tulsa,OK,Passenger,0,1,1,41,42,2.38
April 30 2020,Kittitas,WA,Truck,0,0,0,15018,15018,0.00
May 31 2020,Chelan,WA,Truck,0,0,0,23063,23063,0.00
April 30 2020,Clackamas,OR,Passenger,1,0,1,172,173,0.58
April 30 2020,Clallam,WA,Passenger,234,168,402,51319,51721,0.78
April 30 2020,Jones,GA,Passenger,1,0,1,1,2,50.00
May 31 2020,Jefferson,NY,Passenger,0,1,1,218,219,0.46
May 31 2020,Clark,NV,Passenger,3,1,4,626,630,0.63
May 31 2020,Chesapeake City,VA,Passenger,0,2,2,411,413,0.48
May 31 2020,Columbia,GA,Passenger,1,1,2,141,143,1.40
May 31 2020,Kent,DE,Passenger,0,1,1,67,68,1.47
May 31 2020,Clackamas,OR,Passenger,1,0,1,169,170,0.59
April 30 2020,Ada,ID,Passenger,0,1,1,251,252,0.40
May 31 2020,Contra Costa,CA,Passenger,3,0,3,181,184,1.63
April 30 2020,Alameda,CA,Passenger,2,0,2,254,256,0.78
May 31 2020,Kittitas,WA,Truck,0,0,0,14970,14970,0.00
May 31 2020,Clark,WA,Passenger,2129,1114,3243,323656,326899,0.99
May 31 2020,Kootenai,ID,Passenger,1,0,1,188,189,0.53
May 31 2020,Larimer,CO,Passenger,0,1,1,41,42,2.38
June 30 2020,Jones,GA,Passenger,1,0,1,1,2,50.00
April 30 2020,Bexar,TX,Passenger,2,6,8,563,571,1.40
April 30 2020,Duval,FL,Passenger,0,1,1,339,340,0.29
May 31 2020,Liberty,GA,Passenger,1,0,1,122,123,0.81
May 31 2020,Dekalb,IN,Passenger,1,0,1,1,2,50.00
April 30 2020,Ferry,WA,Truck,0,0,0,3700,3700,0.00
January 31 2017,,,Passenger,9,4,13,2600,2613,0.50
January 31 2017,,CA,Passenger,1,0,1,469,470,0.21
January 31 2017,Adams,WA,Passenger,2,1,3,12499,12502,0.02
January 31 2017,Alameda,CA,Passenger,6,1,7,388,395,1.77
January 31 2017,Alexandria City,VA,Passenger,1,0,1,186,187,0.53
January 31 2017,Allegheny,PA,Passenger,1,0,1,87,88,1.14
January 31 2017,Anne Arundel,MD,Passenger,0,2,2,516,518,0.39
January 31 2017,Adams,WA,Truck,0,0,0,5285,5285,0.00
January 31 2017,Asotin,WA,Passenger,4,4,8,12409,12417,0.06
January 31 2017,Arlington,VA,Passenger,1,1,2,175,177,1.13
January 31 2017,Asotin,WA,Truck,0,0,0,6643,6643,0.00
January 31 2017,Benton,WA,Truck,0,0,0,40987,40987,0.00
January 31 2017,Benton,WA,Passenger,129,133,262,129572,129834,0.20
January 31 2017,Bexar,TX,Passenger,1,3,4,1119,1123,0.36
January 31 2017,Brown,WI,Passenger,1,0,1,23,24,4.17
January 31 2017,Columbia,WA,Passenger,0,1,1,2363,2364,0.04
January 31 2017,Canyon,ID,Passenger,0,1,1,104,105,0.95
January 31 2017,Chelan,WA,Truck,0,0,0,21874,21874,0.00
January 31 2017,Ferry,WA,Passenger,2,1,3,4528,4531,0.07
January 31 2017,Clark,WA,Truck,0,0,0,79525,79525,0.00
January 31 2017,Chattahoochee,GA,Passenger,0,1,1,55,56,1.79
January 31 2017,Cascade,MT,Passenger,0,1,1,58,59,1.69
January 31 2017,Chelan,WA,Passenger,54,28,82,52808,52890,0.16
January 31 2017,Columbia,WA,Truck,0,0,0,1607,1607,0.00
January 31 2017,Cowlitz,WA,Passenger,51,51,102,70070,70172,0.15
January 31 2017,Charles,MD,Passenger,0,1,1,90,91,1.10
January 31 2017,Clark,NV,Passenger,1,3,4,895,899,0.44
January 31 2017,Contra Costa,CA,Passenger,1,0,1,258,259,0.39
January 31 2017,Clackamas,OR,Passenger,1,2,3,423,426,0.70
January 31 2017,Cobb,GA,Passenger,0,1,1,75,76,1.32
January 31 2017,Collier,FL,Passenger,0,1,1,20,21,4.76
January 31 2017,Gwinnett,GA,Passenger,0,1,1,90,91,1.10
January 31 2017,Clallam,WA,Passenger,74,68,142,48755,48897,0.29
January 31 2017,Clallam,WA,Truck,0,0,0,21567,21567,0.00
January 31 2017,Dane,WI,Passenger,1,0,1,184,185,0.54
January 31 2017,Clark,WA,Passenger,682,450,1132,301474,302606,0.37
January 31 2017,Fairfax,VA,Passenger,1,3,4,866,870,0.46
January 31 2017,Cowlitz,WA,Truck,0,0,0,28710,28710,0.00
January 31 2017,Deschutes,OR,Passenger,1,1,2,235,237,0.84
January 31 2017,Duval,FL,Passenger,1,1,2,367,369,0.54
January 31 2017,Cumberland,NC,Passenger,1,0,1,655,656,0.15
January 31 2017,Dale,AL,Passenger,0,1,1,68,69,1.45
January 31 2017,Dekalb,GA,Passenger,1,0,1,86,87,1.15
January 31 2017,Dakota,MN,Passenger,0,1,1,41,42,2.38
January 31 2017,Dekalb,IN,Passenger,1,0,1,1,2,50.00
January 31 2017,Grant,WA,Passenger,16,26,42,61786,61828,0.07
January 31 2017,Ferry,WA,Truck,0,0,0,3776,3776,0.00
January 31 2017,Douglas,WA,Truck,0,0,0,11748,11748,0.00
January 31 2017,El Paso,CO,Passenger,0,1,1,874,875,0.11
January 31 2017,District Of Columbia,DC,Passenger,0,3,3,232,235,1.28
January 31 2017,Guilford,NC,Passenger,1,0,1,34,35,2.86
January 31 2017,El Paso,TX,Passenger,0,1,1,597,598,0.17
January 31 2017,Jefferson,WA,Truck,0,0,0,9697,9697,0.00
January 31 2017,Douglas,WA,Passenger,29,19,48,27075,27123,0.18
January 31 2017,Franklin,WA,Truck,0,0,0,18440,18440,0.00
January 31 2017,Franklin,WA,Passenger,26,43,69,56240,56309,0.12
January 31 2017,Fairfax City,VA,Passenger,1,0,1,6,7,14.29
January 31 2017,Hamilton,IN,Passenger,1,0,1,67,68,1.47
January 31 2017,Fulton,GA,Passenger,1,2,3,127,130,2.31
January 31 2017,Honolulu,HI,Passenger,4,1,5,662,667,0.75
January 31 2017,Juneau,AK,Passenger,0,1,1,53,54,1.85
January 31 2017,Gallatin,MT,Passenger,0,1,1,77,78,1.28
January 31 2017,Garfield,WA,Passenger,0,0,0,1316,1316,0.00
January 31 2017,Franklin,OH,Passenger,1,0,1,116,117,0.85
January 31 2017,Grant,WA,Truck,0,0,0,26051,26051,0.00
January 31 2017,Garfield,WA,Truck,0,0,0,965,965,0.00
January 31 2017,King,WA,Passenger,8824,4004,12828,1393824,1406652,0.91
January 31 2017,Glacier,MT,Passenger,0,1,1,4,5,20.00
January 31 2017,Grays Harbor,WA,Passenger,26,27,53,44964,45017,0.12
January 31 2017,Klickitat,WA,Truck,0,0,0,8234,8234,0.00
January 31 2017,Lane,OR,Passenger,0,1,1,292,293,0.34
January 31 2017,Grays Harbor,WA,Truck,0,0,0,20427,20427,0.00
January 31 2017,Hamilton,TN,Passenger,1,0,1,24,25,4.00
January 31 2017,Howard,MD,Passenger,0,1,1,98,99,1.01
January 31 2017,Harnett,NC,Passenger,1,0,1,271,272,0.37
January 31 2017,Lewis,NY,Passenger,0,1,1,9,10,10.00
January 31 2017,Hardin,KY,Passenger,0,1,1,127,128,0.78
January 31 2017,Lincoln,WA,Truck,0,0,0,4593,4593,0.00
January 31 2017,Island,WA,Passenger,102,127,229,60300,60529,0.38
January 31 2017,Island,WA,Truck,1,0,1,21020,21021,0.00
January 31 2017,Hidalgo,TX,Passenger,0,1,1,101,102,0.98
January 31 2017,Jackson,MO,Passenger,1,0,1,70,71,1.41
January 31 2017,Hood River,OR,Passenger,1,0,1,41,42,2.38
January 31 2017,Klickitat,WA,Passenger,21,24,45,15089,15134,0.30
January 31 2017,Jefferson,NY,Passenger,1,1,2,264,266,0.75
January 31 2017,Marion,FL,Passenger,1,0,1,24,25,4.00
January 31 2017,Jefferson,WA,Passenger,88,56,144,23958,24102,0.60
January 31 2017,Mason,WA,Truck,0,0,0,19805,19805,0.00
January 31 2017,Maricopa,AZ,Passenger,3,0,3,1818,1821,0.16
January 31 2017,King,WA,Truck,8,1,9,195049,195058,0.00
January 31 2017,Kitsap,WA,Passenger,562,277,839,174644,175483,0.48
January 31 2017,Kitsap,WA,Truck,1,0,1,53686,53687,0.00
January 31 2017,Kittitas,WA,Truck,0,0,0,13869,13869,0.00
January 31 2017,Kittitas,WA,Passenger,16,16,32,27744,27776,0.12
January 31 2017,Montgomery,TN,Passenger,1,0,1,300,301,0.33
January 31 2017,Lake,IL,Passenger,1,0,1,192,193,0.52
January 31 2017,Latah,ID,Passenger,0,1,1,130,131,0.76
January 31 2017,Lincoln,WA,Passenger,2,4,6,7716,7722,0.08
January 31 2017,Norfolk City,VA,Passenger,2,1,3,321,324,0.93
January 31 2017,Montgomery,MD,Passenger,1,2,3,309,312,0.96
January 31 2017,Larimer,CO,Passenger,0,1,1,95,96,1.04
January 31 2017,Northampton,PA,Passenger,2,0,2,255,257,0.78
January 31 2017,Lewis,WA,Passenger,43,41,84,55778,55862,0.15
January 31 2017,Lewis,WA,Truck,0,0,0,25702,25702,0.00
January 31 2017,Orange,CA,Passenger,2,1,3,723,726,0.41
January 31 2017,Los Angeles,CA,Passenger,2,1,3,1439,1442,0.21
January 31 2017,Marion,OR,Passenger,1,0,1,214,215,0.47
January 31 2017,Maui,HI,Passenger,1,0,1,84,85,1.18
January 31 2017,Loudoun,VA,Passenger,0,1,1,86,87,1.15
January 31 2017,Okanogan,,Passenger,3,11,14,19670,19684,0.07
January 31 2017,Madison,ID,Passenger,1,0,1,45,46,2.17
January 31 2017,Marin,CA,Passenger,1,0,1,54,55,1.82
January 31 2017,Manassas City,VA,Passenger,0,1,1,7,8,12.50
January 31 2017,Pacific,WA,Passenger,5,7,12,15230,15242,0.08
January 31 2017,Manatee,FL,Passenger,1,0,1,51,52,1.92
January 31 2017,Mason,WA,Passenger,50,60,110,43587,43697,0.25
January 31 2017,Pierce,WA,Passenger,829,807,1636,533693,535329,0.31
January 31 2017,Miami-Dade,FL,Passenger,0,1,1,135,136,0.74
January 31 2017,Prince William,VA,Passenger,0,3,3,275,278,1.08
January 31 2017,Monterey,CA,Passenger,0,1,1,235,236,0.42
January 31 2017,Orleans,LA,Passenger,0,1,1,50,51,1.96
January 31 2017,Monroe,NY,Passenger,1,0,1,28,29,3.45
January 31 2017,San Diego,CA,Passenger,4,3,7,2871,2878,0.24
January 31 2017,Multnomah,OR,Passenger,0,3,3,1270,1273,0.24
January 31 2017,Moore,NC,Passenger,0,1,1,213,214,0.47
January 31 2017,Pend Oreille,WA,Passenger,1,4,5,9631,9636,0.05
January 31 2017,Pend Oreille,WA,Truck,0,0,0,5854,5854,0.00
January 31 2017,San Mateo,CA,Passenger,0,1,1,170,171,0.58
January 31 2017,Okanogan,WA,Passenger,0,4,4,6762,6766,0.06
January 31 2017,Salt Lake,UT,Passenger,0,1,1,340,341,0.29
January 31 2017,Santa Barbara,CA,Passenger,0,1,1,134,135,0.74
January 31 2017,Skamania,WA,Truck,0,0,0,4083,4083,0.00
January 31 2017,Okanogan,WA,Truck,0,0,0,4620,4620,0.00
January 31 2017,Okaloosa,FL,Passenger,1,0,1,185,186,0.54
January 31 2017,Pacific,WA,Truck,0,0,0,7695,7695,0.00
January 31 2017,Oklahoma,OK,Passenger,0,1,1,208,209,0.48
January 31 2017,Santa Fe,NM,Passenger,0,1,1,41,42,2.38
January 31 2017,Spokane,WA,Passenger,226,232,458,298774,299232,0.15
January 31 2017,Skagit,WA,Truck,1,0,1,32280,32281,0.00
January 31 2017,Snohomish,WA,Truck,1,0,1,126109,126110,0.00
January 31 2017,Saratoga,NY,Passenger,0,1,1,79,80,1.25
January 31 2017,Orange,FL,Passenger,0,1,1,152,153,0.65
January 31 2017,Pima,AZ,Passenger,0,2,2,450,452,0.44
January 31 2017,Riley,KS,Passenger,1,0,1,99,100,1.00
January 31 2017,Ozaukee,WI,Passenger,0,1,1,4,5,20.00
January 31 2017,Pierce,WA,Truck,0,0,0,142301,142301,0.00
January 31 2017,Polk,FL,Passenger,1,0,1,64,65,1.54
January 31 2017,Russell,AL,Passenger,1,0,1,53,54,1.85
January 31 2017,Pinal,AZ,Passenger,2,1,3,250,253,1.19
January 31 2017,Tulare,CA,Passenger,1,0,1,205,206,0.49
January 31 2017,Tarrant,TX,Passenger,0,2,2,322,324,0.62
January 31 2017,Ventura,CA,Passenger,0,2,2,391,393,0.51
January 31 2017,Skagit,WA,Passenger,106,97,203,88677,88880,0.23
January 31 2017,Wahkiakum,WA,Truck,0,0,0,1676,1676,0.00
January 31 2017,Snohomish,WA,Passenger,1554,889,2443,519704,522147,0.47
January 31 2017,Riverside,CA,Passenger,0,1,1,872,873,0.11
January 31 2017,Stevens,WA,Passenger,6,23,29,32308,32337,0.09
January 31 2017,Utah,UT,Passenger,0,1,1,185,186,0.54
January 31 2017,Stevens,WA,Truck,0,0,0,19099,19099,0.00
January 31 2017,Virginia Beach City,VA,Passenger,1,1,2,646,648,0.31
January 31 2017,Skamania,WA,Passenger,7,7,14,8742,8756,0.16
January 31 2017,Sumter,FL,Passenger,0,1,1,9,10,10.00
January 31 2017,Whatcom,WA,Truck,2,0,2,42403,42405,0.00
January 31 2017,Saint Marys,MD,Passenger,0,1,1,200,201,0.50
January 31 2017,Saint Lucie,FL,Passenger,1,0,1,31,32,3.12
January 31 2017,Travis,TX,Passenger,0,1,1,205,206,0.49
January 31 2017,San Juan,WA,Passenger,84,33,117,13674,13791,0.85
January 31 2017,Wayne,MI,Passenger,0,2,2,78,80,2.50
January 31 2017,San Juan,WA,Truck,0,0,0,5783,5783,0.00
January 31 2017,Whitman,WA,Passenger,8,21,29,22167,22196,0.13
January 31 2017,Santa Clara,CA,Passenger,5,3,8,451,459,1.74
February 28 2017,Adams,WA,Passenger,3,2,5,12469,12474,0.04
January 31 2017,Yakima,WA,Passenger,35,53,88,163261,163349,0.05
January 31 2017,Wahkiakum,WA,Passenger,0,1,1,2908,2909,0.03
January 31 2017,Yavapai,AZ,Passenger,1,0,1,78,79,1.27
January 31 2017,Walla Walla,WA,Passenger,16,21,37,35448,35485,0.10
January 31 2017,Shelby,TN,Passenger,0,1,1,118,119,0.84
February 28 2017,Alameda,CA,Passenger,3,1,4,378,382,1.05
January 31 2017,Spokane,WA,Truck,1,1,2,92942,92944,0.00
January 31 2017,Yakima,WA,Truck,0,0,0,59618,59618,0.00
January 31 2017,Whatcom,WA,Passenger,388,159,547,143425,143972,0.38
January 31 2017,Thurston,WA,Truck,0,0,0,54735,54735,0.00
January 31 2017,Whitman,WA,Truck,0,0,0,8594,8594,0.00
January 31 2017,Walla Walla,WA,Truck,0,0,0,13606,13606,0.00
February 28 2017,Bexar,TX,Passenger,1,2,3,1060,1063,0.28
February 28 2017,Benton,WA,Passenger,134,138,272,129681,129953,0.21
January 31 2017,Thurston,WA,Passenger,337,322,659,187160,187819,0.35
February 28 2017,Anne Arundel,MD,Passenger,0,2,2,514,516,0.39
February 28 2017,Canyon,ID,Passenger,0,1,1,95,96,1.04
January 31 2017,Volusia,FL,Passenger,0,1,1,49,50,2.00
February 28 2017,,,Passenger,9,4,13,2523,2536,0.51
February 28 2017,Asotin,WA,Passenger,4,4,8,12466,12474,0.06
February 28 2017,Adams,WA,Truck,0,0,0,5288,5288,0.00
February 28 2017,,CA,Passenger,1,0,1,457,458,0.22
February 28 2017,Asotin,WA,Truck,0,0,0,6647,6647,0.00
February 28 2017,Alexandria City,VA,Passenger,1,0,1,184,185,0.54
February 28 2017,Chattahoochee,GA,Passenger,0,1,1,51,52,1.92
February 28 2017,Chelan,WA,Truck,0,0,0,21892,21892,0.00
February 28 2017,Arlington,VA,Passenger,1,1,2,169,171,1.17
February 28 2017,Clallam,WA,Passenger,77,68,145,48803,48948,0.30
February 28 2017,Clackamas,OR,Passenger,1,2,3,360,363,0.83
February 28 2017,Clark,NV,Passenger,1,2,3,844,847,0.35
February 28 2017,Cowlitz,WA,Truck,0,0,0,28676,28676,0.00
February 28 2017,Benton,WA,Truck,0,0,0,40986,40986,0.00
February 28 2017,Columbia,WA,Truck,0,0,0,1596,1596,0.00
February 28 2017,District Of Columbia,DC,Passenger,0,3,3,225,228,1.32
February 28 2017,Allegheny,PA,Passenger,1,0,1,83,84,1.19
February 28 2017,Cascade,MT,Passenger,0,1,1,56,57,1.75
February 28 2017,Dakota,MN,Passenger,0,1,1,37,38,2.63
February 28 2017,Duval,FL,Passenger,1,1,2,360,362,0.55
February 28 2017,Dale,AL,Passenger,0,1,1,67,68,1.47
February 28 2017,Dane,WI,Passenger,1,0,1,161,162,0.62
February 28 2017,Dekalb,IN,Passenger,1,0,1,1,2,50.00
February 28 2017,Ferry,WA,Truck,0,0,0,3768,3768,0.00
February 28 2017,Deschutes,OR,Passenger,1,0,1,200,201,0.50
February 28 2017,Charles,MD,Passenger,0,1,1,92,93,1.08
February 28 2017,Contra Costa,CA,Passenger,1,0,1,243,244,0.41
February 28 2017,Franklin,WA,Passenger,26,43,69,56202,56271,0.12
February 28 2017,Fulton,GA,Passenger,1,1,2,120,122,1.64
February 28 2017,Clallam,WA,Truck,0,0,0,21571,21571,0.00
February 28 2017,Garfield,WA,Passenger,0,0,0,1323,1323,0.00
February 28 2017,Franklin,OH,Passenger,0,1,1,111,112,0.89
February 28 2017,Garfield,WA,Truck,0,0,0,962,962,0.00
February 28 2017,Grant,WA,Truck,0,0,0,26051,26051,0.00
February 28 2017,Clark,WA,Passenger,705,461,1166,302152,303318,0.38
February 28 2017,Chelan,WA,Passenger,55,29,84,52785,52869,0.16
February 28 2017,Grays Harbor,WA,Truck,0,0,0,20416,20416,0.00
February 28 2017,Ferry,WA,Passenger,2,1,3,4546,4549,0.07
February 28 2017,Cumberland,NC,Passenger,1,0,1,648,649,0.15
February 28 2017,Clark,WA,Truck,0,0,0,79659,79659,0.00
February 28 2017,Howard,MD,Passenger,0,1,1,97,98,1.02
February 28 2017,Franklin,WA,Truck,0,0,0,18477,18477,0.00
February 28 2017,El Paso,CO,Passenger,0,1,1,840,841,0.12
February 28 2017,Columbia,WA,Passenger,0,1,1,2371,2372,0.04
February 28 2017,Cobb,GA,Passenger,0,1,1,73,74,1.35
February 28 2017,Gallatin,MT,Passenger,0,1,1,70,71,1.41
February 28 2017,Cowlitz,WA,Passenger,50,54,104,70169,70273,0.15
February 28 2017,Jackson,MO,Passenger,1,0,1,66,67,1.49
February 28 2017,Fairfax City,VA,Passenger,1,0,1,6,7,14.29
February 28 2017,Dekalb,GA,Passenger,1,0,1,80,81,1.23
February 28 2017,Guilford,NC,Passenger,1,0,1,32,33,3.03
February 28 2017,King,WA,Truck,8,1,9,194706,194715,0.00
February 28 2017,Glacier,MT,Passenger,0,1,1,3,4,25.00
February 28 2017,Douglas,WA,Passenger,30,19,49,27078,27127,0.18
February 28 2017,Kitsap,WA,Passenger,571,296,867,174708,175575,0.49
February 28 2017,Douglas,WA,Truck,0,0,0,11738,11738,0.00
February 28 2017,Grays Harbor,WA,Passenger,26,27,53,44998,45051,0.12
February 28 2017,Lewis,WA,Truck,0,0,0,25713,25713,0.00
February 28 2017,Honolulu,HI,Passenger,4,1,5,623,628,0.80
February 28 2017,Manatee,FL,Passenger,1,0,1,47,48,2.08
February 28 2017,Hamilton,IN,Passenger,1,0,1,62,63,1.59
February 28 2017,Marion,OR,Passenger,1,0,1,181,182,0.55
February 28 2017,Fairfax,VA,Passenger,1,3,4,865,869,0.46
February 28 2017,Lewis,WA,Passenger,47,42,89,55918,56007,0.16
February 28 2017,Hamilton,TN,Passenger,1,0,1,23,24,4.17
February 28 2017,Hardin,KY,Passenger,0,1,1,128,129,0.78
February 28 2017,Lincoln,WA,Passenger,2,4,6,7707,7713,0.08
February 28 2017,Harnett,NC,Passenger,1,0,1,266,267,0.37
February 28 2017,Multnomah,OR,Passenger,0,3,3,1138,1141,0.26
February 28 2017,Lane,OR,Passenger,0,1,1,261,262,0.38
February 28 2017,Jefferson,WA,Passenger,90,59,149,23999,24148,0.62
February 28 2017,Grant,WA,Passenger,17,26,43,61719,61762,0.07
February 28 2017,Hidalgo,TX,Passenger,0,1,1,97,98,1.02
February 28 2017,Monroe,NY,Passenger,1,0,1,29,30,3.33
February 28 2017,Gwinnett,GA,Passenger,0,1,1,84,85,1.18
February 28 2017,Manassas City,VA,Passenger,0,1,1,7,8,12.50
February 28 2017,Nassau,NY,Passenger,0,1,1,37,38,2.63
February 28 2017,King,WA,Passenger,9136,4104,13240,1394963,1408203,0.94
February 28 2017,Mason,WA,Truck,0,0,0,19846,19846,0.00
February 28 2017,Jefferson,NY,Passenger,1,1,2,270,272,0.74
February 28 2017,Kittitas,WA,Passenger,16,15,31,27711,27742,0.11
February 28 2017,Madison,ID,Passenger,1,0,1,42,43,2.33
February 28 2017,Latah,ID,Passenger,0,1,1,121,122,0.82
February 28 2017,Klickitat,WA,Passenger,21,24,45,15076,15121,0.30
February 28 2017,Maricopa,AZ,Passenger,3,0,3,1721,1724,0.17
February 28 2017,Kittitas,WA,Truck,0,0,0,13867,13867,0.00
February 28 2017,Orange,FL,Passenger,1,1,2,148,150,1.33
February 28 2017,Island,WA,Passenger,99,132,231,60429,60660,0.38
February 28 2017,Klickitat,WA,Truck,0,0,0,8241,8241,0.00
February 28 2017,Orleans,LA,Passenger,0,1,1,49,50,2.00
February 28 2017,Island,WA,Truck,0,0,0,21028,21028,0.00
February 28 2017,Larimer,CO,Passenger,0,1,1,82,83,1.20
February 28 2017,Lewis,NY,Passenger,0,1,1,9,10,10.00
February 28 2017,Pierce,WA,Truck,0,0,0,142281,142281,0.00
February 28 2017,Okanogan,WA,Passenger,0,4,4,6695,6699,0.06
February 28 2017,Missoula,MT,Passenger,1,0,1,74,75,1.33
February 28 2017,Jefferson,WA,Truck,0,0,0,9714,9714,0.00
February 28 2017,Orange,CA,Passenger,2,1,3,702,705,0.43
February 28 2017,Monterey,CA,Passenger,0,1,1,229,230,0.43
February 28 2017,Maui,HI,Passenger,1,0,1,73,74,1.35
February 28 2017,Riverside,CA,Passenger,0,1,1,830,831,0.12
February 28 2017,Juneau,AK,Passenger,0,1,1,51,52,1.92
February 28 2017,Mason,WA,Passenger,50,63,113,43642,43755,0.26
February 28 2017,Moore,NC,Passenger,0,1,1,212,213,0.47
February 28 2017,Miami-Dade,FL,Passenger,0,1,1,132,133,0.75
February 28 2017,Kitsap,WA,Truck,1,0,1,53727,53728,0.00
February 28 2017,Pierce,WA,Passenger,871,834,1705,533531,535236,0.32
February 28 2017,Saint Lucie,FL,Passenger,1,0,1,29,30,3.33
February 28 2017,San Juan,WA,Truck,0,0,0,5771,5771,0.00
February 28 2017,Nueces,TX,Passenger,0,1,1,99,100,1.00
February 28 2017,Montgomery,TN,Passenger,1,0,1,288,289,0.35
February 28 2017,Santa Clara,CA,Passenger,5,3,8,416,424,1.89
February 28 2017,Northampton,PA,Passenger,2,0,2,229,231,0.87
February 28 2017,Okanogan,,Passenger,3,11,14,19660,19674,0.07
February 28 2017,Snohomish,WA,Passenger,1608,913,2521,519877,522398,0.48
February 28 2017,Spokane,WA,Truck,1,1,2,93001,93003,0.00
February 28 2017,Norfolk City,VA,Passenger,2,1,3,324,327,0.92
February 28 2017,Pacific,WA,Passenger,6,7,13,15224,15237,0.09
February 28 2017,Okanogan,WA,Truck,0,0,0,4586,4586,0.00
February 28 2017,Lincoln,WA,Truck,0,0,0,4602,4602,0.00
February 28 2017,Stevens,WA,Passenger,6,23,29,32187,32216,0.09
February 28 2017,Okaloosa,FL,Passenger,1,0,1,186,187,0.53
February 28 2017,Pend Oreille,WA,Truck,0,0,0,5845,5845,0.00
February 28 2017,Riley,KS,Passenger,1,0,1,98,99,1.01
February 28 2017,Oklahoma,OK,Passenger,0,1,1,185,186,0.54
February 28 2017,Los Angeles,CA,Passenger,2,1,3,1358,1361,0.22
February 28 2017,Thurston,WA,Passenger,356,332,688,187462,188150,0.37
February 28 2017,Ozaukee,WI,Passenger,0,1,1,4,5,20.00
February 28 2017,Prince William,VA,Passenger,0,3,3,274,277,1.08
February 28 2017,Marin,CA,Passenger,1,0,1,55,56,1.79
February 28 2017,Pinal,AZ,Passenger,2,1,3,232,235,1.28
February 28 2017,Pend Oreille,WA,Passenger,1,4,5,9609,9614,0.05
February 28 2017,Salt Lake,UT,Passenger,0,1,1,314,315,0.32
February 28 2017,Volusia,FL,Passenger,0,1,1,47,48,2.08
February 28 2017,San Juan,WA,Passenger,88,33,121,13743,13864,0.87
February 28 2017,Russell,AL,Passenger,1,0,1,52,53,1.89
February 28 2017,Montgomery,MD,Passenger,1,2,3,304,307,0.98
February 28 2017,San Mateo,CA,Passenger,0,1,1,159,160,0.62
February 28 2017,Santa Fe,NM,Passenger,0,1,1,41,42,2.38
February 28 2017,Skagit,WA,Passenger,113,101,214,88679,88893,0.24
February 28 2017,Thurston,WA,Truck,0,0,0,54787,54787,0.00
February 28 2017,Skagit,WA,Truck,1,0,1,32327,32328,0.00
February 28 2017,Skamania,WA,Truck,0,0,0,4068,4068,0.00
February 28 2017,Pacific,WA,Truck,0,0,0,7686,7686,0.00
February 28 2017,Snohomish,WA,Truck,1,0,1,125989,125990,0.00
March 31 2017,Adams,WA,Truck,0,0,0,5301,5301,0.00
February 28 2017,Pima,AZ,Passenger,0,2,2,426,428,0.47
February 28 2017,San Diego,CA,Passenger,4,2,6,2811,2817,0.21
February 28 2017,Stevens,WA,Truck,0,0,0,19108,19108,0.00
March 31 2017,Asotin,WA,Truck,0,0,0,6690,6690,0.00
February 28 2017,Polk,FL,Passenger,1,0,1,65,66,1.52
February 28 2017,Tarrant,TX,Passenger,0,2,2,295,297,0.67
March 31 2017,Benton,WA,Passenger,142,145,287,130195,130482,0.22
February 28 2017,Shelby,TN,Passenger,0,1,1,112,113,0.88
March 31 2017,Bexar,TX,Passenger,1,2,3,1007,1010,0.30
February 28 2017,Sumter,FL,Passenger,0,1,1,9,10,10.00
February 28 2017,Utah,UT,Passenger,0,1,1,161,162,0.62
February 28 2017,Virginia Beach City,VA,Passenger,1,1,2,639,641,0.31
February 28 2017,Wahkiakum,WA,Truck,0,0,0,1683,1683,0.00
February 28 2017,Travis,TX,Passenger,0,1,1,191,192,0.52
February 28 2017,Ventura,CA,Passenger,0,2,2,378,380,0.53
February 28 2017,Wahkiakum,WA,Passenger,0,1,1,2898,2899,0.03
February 28 2017,Saratoga,NY,Passenger,0,1,1,78,79,1.27
March 31 2017,Chattahoochee,GA,Passenger,0,1,1,50,51,1.96
March 31 2017,Columbia,WA,Truck,0,0,0,1597,1597,0.00
February 28 2017,Yakima,WA,Passenger,35,54,89,162827,162916,0.05
February 28 2017,Whatcom,WA,Truck,2,0,2,42445,42447,0.00
March 31 2017,Chelan,WA,Passenger,55,31,86,52830,52916,0.16
February 28 2017,Whitman,WA,Truck,0,0,0,8622,8622,0.00
February 28 2017,Skamania,WA,Passenger,7,7,14,8746,8760,0.16
February 28 2017,Spokane,WA,Passenger,233,232,465,298786,299251,0.16
March 31 2017,Clallam,WA,Passenger,80,70,150,48974,49124,0.31
March 31 2017,Dekalb,GA,Passenger,1,0,1,80,81,1.23
March 31 2017,,,Passenger,9,4,13,2498,2511,0.52
February 28 2017,Yakima,WA,Truck,0,0,0,59590,59590,0.00
March 31 2017,Cobb,GA,Passenger,0,1,1,72,73,1.37
March 31 2017,,CA,Passenger,1,0,1,445,446,0.22
March 31 2017,Adams,WA,Passenger,3,4,7,12478,12485,0.06
March 31 2017,Allegheny,PA,Passenger,1,0,1,83,84,1.19
March 31 2017,Duval,FL,Passenger,1,1,2,360,362,0.55
March 31 2017,Alexandria City,VA,Passenger,2,0,2,185,187,1.07
March 31 2017,Anne Arundel,MD,Passenger,0,2,2,513,515,0.39
March 31 2017,Benton,WA,Truck,0,0,0,41126,41126,0.00
March 31 2017,Arlington,VA,Passenger,1,1,2,167,169,1.18
February 28 2017,Tulare,CA,Passenger,1,0,1,202,203,0.49
March 31 2017,Asotin,WA,Passenger,5,3,8,12518,12526,0.06
March 31 2017,Ferry,WA,Truck,0,0,0,3768,3768,0.00
March 31 2017,Dakota,MN,Passenger,0,1,1,37,38,2.63
March 31 2017,Clark,WA,Truck,0,0,0,79804,79804,0.00
March 31 2017,Franklin,WA,Truck,0,0,0,18559,18559,0.00
February 28 2017,Walla Walla,WA,Passenger,17,21,38,35431,35469,0.11
March 31 2017,Garfield,WA,Passenger,0,0,0,1318,1318,0.00
February 28 2017,Walla Walla,WA,Truck,0,0,0,13620,13620,0.00
March 31 2017,Cowlitz,WA,Passenger,52,58,110,70546,70656,0.16
March 31 2017,Douglas,WA,Truck,0,0,0,11800,11800,0.00
March 31 2017,Cumberland,NC,Passenger,1,0,1,650,651,0.15
March 31 2017,Charles,MD,Passenger,0,1,1,92,93,1.08
February 28 2017,Wayne,MI,Passenger,0,2,2,70,72,2.78
March 31 2017,Canyon,ID,Passenger,0,1,1,93,94,1.06
February 28 2017,Whatcom,WA,Passenger,409,164,573,143713,144286,0.40
March 31 2017,Fulton,GA,Passenger,1,1,2,115,117,1.71
March 31 2017,Clallam,WA,Truck,0,0,0,21611,21611,0.00
March 31 2017,Clark,WA,Passenger,731,481,1212,302961,304173,0.40
February 28 2017,Whitman,WA,Passenger,8,20,28,22232,22260,0.13
March 31 2017,Chelan,WA,Truck,0,0,0,21892,21892,0.00
March 31 2017,Clackamas,OR,Passenger,1,2,3,338,341,0.88
March 31 2017,Fairfax,VA,Passenger,1,3,4,860,864,0.46
March 31 2017,Hamilton,IN,Passenger,1,0,1,60,61,1.64
March 31 2017,Columbia,WA,Passenger,0,1,1,2392,2393,0.04
March 31 2017,Alameda,CA,Passenger,3,1,4,375,379,1.06
March 31 2017,Dallas,TX,Passenger,0,1,1,193,194,0.52
March 31 2017,Douglas,WA,Passenger,29,19,48,27161,27209,0.18
March 31 2017,Grant,WA,Passenger,18,26,44,61965,62009,0.07
March 31 2017,Grays Harbor,WA,Passenger,28,30,58,45273,45331,0.13
March 31 2017,Fairfax City,VA,Passenger,1,0,1,6,7,14.29
March 31 2017,Guilford,NC,Passenger,1,0,1,31,32,3.12
March 31 2017,Franklin,OH,Passenger,0,1,1,111,112,0.89
March 31 2017,Island,WA,Truck,0,0,0,21072,21072,0.00
March 31 2017,Gwinnett,GA,Passenger,0,1,1,82,83,1.20
March 31 2017,Los Angeles,CA,Passenger,2,1,3,1354,1357,0.22
March 31 2017,District Of Columbia,DC,Passenger,0,3,3,221,224,1.34
March 31 2017,Glacier,MT,Passenger,0,1,1,3,4,25.00
March 31 2017,Harnett,NC,Passenger,1,0,1,263,264,0.38
March 31 2017,Franklin,WA,Passenger,27,48,75,56425,56500,0.13
March 31 2017,Marin,CA,Passenger,1,0,1,56,57,1.75
March 31 2017,Howard,MD,Passenger,0,1,1,98,99,1.01
March 31 2017,Gallatin,MT,Passenger,0,1,1,67,68,1.47
March 31 2017,Island,WA,Passenger,106,139,245,60736,60981,0.40
March 31 2017,Missoula,MT,Passenger,1,0,1,74,75,1.33
March 31 2017,Klickitat,WA,Passenger,22,25,47,15122,15169,0.31
March 31 2017,Jefferson,WA,Truck,0,0,0,9701,9701,0.00
March 31 2017,Jefferson,NY,Passenger,1,1,2,275,277,0.72
March 31 2017,Juneau,AK,Passenger,0,1,1,48,49,2.04
March 31 2017,Cascade,MT,Passenger,0,1,1,57,58,1.72
March 31 2017,Moore,NC,Passenger,0,1,1,211,212,0.47
March 31 2017,Garfield,WA,Truck,0,0,0,971,971,0.00
March 31 2017,Charlottesville City,VA,Passenger,0,1,1,10,11,9.09
March 31 2017,Hamilton,TN,Passenger,1,0,1,23,24,4.17
March 31 2017,Hardin,KY,Passenger,0,1,1,126,127,0.79
March 31 2017,Klickitat,WA,Truck,0,0,0,8251,8251,0.00
March 31 2017,Nueces,TX,Passenger,0,1,1,100,101,0.99
March 31 2017,Okanogan,,Passenger,3,12,15,19756,19771,0.08
March 31 2017,Kittitas,WA,Passenger,18,16,34,27821,27855,0.12
March 31 2017,Clark,NV,Passenger,1,2,3,835,838,0.36
March 31 2017,Hidalgo,TX,Passenger,0,1,1,99,100,1.00
March 31 2017,Honolulu,HI,Passenger,5,1,6,609,615,0.98
March 31 2017,Lincoln,WA,Passenger,2,5,7,7713,7720,0.09
March 31 2017,Lewis,NY,Passenger,0,1,1,9,10,10.00
March 31 2017,Lincoln,WA,Truck,0,0,0,4617,4617,0.00
March 31 2017,Mason,WA,Passenger,54,64,118,43841,43959,0.27
March 31 2017,Cowlitz,WA,Truck,0,0,0,28759,28759,0.00
March 31 2017,Miami-Dade,FL,Passenger,0,1,1,131,132,0.76
March 31 2017,Marion,OR,Passenger,1,0,1,178,179,0.56
March 31 2017,Jefferson,WA,Passenger,96,61,157,24083,24240,0.65
March 31 2017,King,WA,Truck,8,1,9,194284,194293,0.00
March 31 2017,King,WA,Passenger,9391,4188,13579,1395724,1409303,0.96
March 31 2017,Riverside,CA,Passenger,0,1,1,822,823,0.12
March 31 2017,Dale,AL,Passenger,0,1,1,67,68,1.47
March 31 2017,Dane,WI,Passenger,1,0,1,148,149,0.67
March 31 2017,Dekalb,IN,Passenger,1,0,1,1,2,50.00
March 31 2017,Kitsap,WA,Passenger,590,305,895,175397,176292,0.51
March 31 2017,Deschutes,OR,Passenger,1,0,1,199,200,0.50
March 31 2017,Kitsap,WA,Truck,1,0,1,53762,53763,0.00
March 31 2017,Larimer,CO,Passenger,0,1,1,79,80,1.25
March 31 2017,Montgomery,MD,Passenger,1,2,3,305,308,0.97
March 31 2017,Kittitas,WA,Truck,0,0,0,13937,13937,0.00
March 31 2017,Lane,OR,Passenger,0,1,1,258,259,0.39
March 31 2017,Latah,ID,Passenger,0,1,1,114,115,0.87
March 31 2017,Saint Lucie,FL,Passenger,1,0,1,29,30,3.33
March 31 2017,Nassau,NY,Passenger,0,1,1,38,39,2.56
March 31 2017,San Mateo,CA,Passenger,0,1,1,155,156,0.64
March 31 2017,El Paso,CO,Passenger,0,1,1,830,831,0.12
March 31 2017,Lewis,WA,Truck,0,0,0,25781,25781,0.00
March 31 2017,Northampton,PA,Passenger,2,0,2,210,212,0.94
March 31 2017,Lewis,WA,Passenger,48,45,93,56180,56273,0.17
March 31 2017,Orleans,LA,Passenger,0,1,1,49,50,2.00
March 31 2017,Oklahoma,OK,Passenger,0,1,1,167,168,0.60
March 31 2017,Ferry,WA,Passenger,2,1,3,4551,4554,0.07
March 31 2017,Pacific,WA,Truck,0,0,0,7693,7693,0.00
March 31 2017,Madison,ID,Passenger,1,0,1,41,42,2.38
March 31 2017,Skagit,WA,Truck,1,0,1,32383,32384,0.00
March 31 2017,Pend Oreille,WA,Passenger,1,4,5,9630,9635,0.05
March 31 2017,Pima,AZ,Passenger,0,2,2,432,434,0.46
March 31 2017,Manatee,FL,Passenger,1,0,1,44,45,2.22
March 31 2017,Pend Oreille,WA,Truck,0,0,0,5866,5866,0.00
March 31 2017,Polk,FL,Passenger,1,0,1,65,66,1.52
March 31 2017,Maricopa,AZ,Passenger,3,0,3,1695,1698,0.18
March 31 2017,Grant,WA,Truck,0,0,0,26116,26116,0.00
March 31 2017,Prince William,VA,Passenger,0,3,3,271,274,1.09
March 31 2017,Grays Harbor,WA,Truck,0,0,0,20471,20471,0.00
March 31 2017,Mason,WA,Truck,0,0,0,19912,19912,0.00
March 31 2017,Maui,HI,Passenger,1,0,1,73,74,1.35
March 31 2017,Monroe,NY,Passenger,1,0,1,30,31,3.23
March 31 2017,Riley,KS,Passenger,1,0,1,99,100,1.00
March 31 2017,Monterey,CA,Passenger,0,1,1,225,226,0.44
March 31 2017,Russell,AL,Passenger,1,0,1,54,55,1.82
March 31 2017,Montgomery,PA,Passenger,1,0,1,38,39,2.56
March 31 2017,Multnomah,OR,Passenger,0,3,3,1096,1099,0.27
March 31 2017,Santa Fe,NM,Passenger,0,1,1,42,43,2.33
March 31 2017,Montgomery,TN,Passenger,1,0,1,282,283,0.35
March 31 2017,Saratoga,NY,Passenger,0,1,1,77,78,1.28
March 31 2017,Jackson,MO,Passenger,1,0,1,65,66,1.52
March 31 2017,Okaloosa,FL,Passenger,1,0,1,187,188,0.53
March 31 2017,Yakima,WA,Passenger,36,55,91,163246,163337,0.06
March 31 2017,Norfolk City,VA,Passenger,2,1,3,326,329,0.91
March 31 2017,Okanogan,WA,Truck,0,0,0,4585,4585,0.00
April 30 2017,Adams,WA,Truck,0,0,0,5312,5312,0.00
March 31 2017,Tarrant,TX,Passenger,0,2,2,280,282,0.71
March 31 2017,Orange,CA,Passenger,2,1,3,692,695,0.43
March 31 2017,Skamania,WA,Passenger,8,8,16,8751,8767,0.18
March 31 2017,Spokane,WA,Passenger,241,237,478,300052,300530,0.16
March 31 2017,Thurston,WA,Passenger,376,337,713,188362,189075,0.38
March 31 2017,Ozaukee,WI,Passenger,0,1,1,3,4,25.00
April 30 2017,Arlington,VA,Passenger,1,1,2,167,169,1.18
March 31 2017,Pacific,WA,Passenger,7,9,16,15337,15353,0.10
March 31 2017,Pierce,WA,Truck,0,0,0,142093,142093,0.00
March 31 2017,Pierce,WA,Passenger,901,847,1748,534297,536045,0.33
April 30 2017,Benton,WA,Truck,0,0,0,41199,41199,0.00
March 31 2017,Pinal,AZ,Passenger,2,1,3,230,233,1.29
March 31 2017,Tulare,CA,Passenger,1,0,1,198,199,0.50
March 31 2017,Walla Walla,WA,Truck,0,0,0,13663,13663,0.00
March 31 2017,Utah,UT,Passenger,0,1,1,159,160,0.62
March 31 2017,Manassas City,VA,Passenger,0,1,1,8,9,11.11
March 31 2017,Wahkiakum,WA,Passenger,0,2,2,2903,2905,0.07
March 31 2017,Ventura,CA,Passenger,0,2,2,375,377,0.53
March 31 2017,Walla Walla,WA,Passenger,20,22,42,35546,35588,0.12
April 30 2017,,CA,Passenger,1,0,1,423,424,0.24
March 31 2017,Skagit,WA,Passenger,121,106,227,89134,89361,0.25
March 31 2017,Wayne,MI,Passenger,0,1,1,71,72,1.39
April 30 2017,Charles,MD,Passenger,0,1,1,91,92,1.09
March 31 2017,Whatcom,WA,Passenger,425,174,599,144389,144988,0.41
March 31 2017,Snohomish,WA,Passenger,1671,937,2608,520302,522910,0.50
March 31 2017,Whitman,WA,Passenger,9,20,29,22301,22330,0.13
April 30 2017,Charlottesville City,VA,Passenger,0,1,1,10,11,9.09
March 31 2017,Whitman,WA,Truck,0,0,0,8642,8642,0.00
March 31 2017,Snohomish,WA,Truck,1,0,1,125903,125904,0.00
March 31 2017,Salt Lake,UT,Passenger,0,1,1,295,296,0.34
April 30 2017,Allegheny,PA,Passenger,1,0,1,83,84,1.19
March 31 2017,Okanogan,WA,Passenger,0,4,4,6641,6645,0.06
March 31 2017,Stevens,WA,Passenger,6,22,28,32229,32257,0.09
March 31 2017,Stevens,WA,Truck,0,0,0,19124,19124,0.00
March 31 2017,Yakima,WA,Truck,0,0,0,59683,59683,0.00
March 31 2017,Orange,FL,Passenger,1,1,2,148,150,1.33
April 30 2017,Clallam,WA,Truck,0,0,0,21562,21562,0.00
March 31 2017,Santa Clara,CA,Passenger,6,2,8,412,420,1.90
March 31 2017,Sumter,FL,Passenger,0,1,1,9,10,10.00
April 30 2017,Clark,WA,Passenger,776,498,1274,303590,304864,0.42
April 30 2017,,,Passenger,9,4,13,2481,2494,0.52
April 30 2017,Adams,WA,Passenger,3,3,6,12515,12521,0.05
April 30 2017,Asotin,WA,Truck,0,0,0,6708,6708,0.00
March 31 2017,Skamania,WA,Truck,0,0,0,4083,4083,0.00
April 30 2017,Anne Arundel,MD,Passenger,0,2,2,514,516,0.39
March 31 2017,Travis,TX,Passenger,0,1,1,188,189,0.53
April 30 2017,Asotin,WA,Passenger,6,3,9,12560,12569,0.07
March 31 2017,Virginia Beach City,VA,Passenger,1,1,2,643,645,0.31
April 30 2017,Dallas,TX,Passenger,0,1,1,189,190,0.53
April 30 2017,Dane,WI,Passenger,1,0,1,133,134,0.75
March 31 2017,Wahkiakum,WA,Truck,0,0,0,1695,1695,0.00
April 30 2017,El Paso,CO,Passenger,0,1,1,833,834,0.12
March 31 2017,San Diego,CA,Passenger,4,2,6,2814,2820,0.21
March 31 2017,Volusia,FL,Passenger,0,1,1,46,47,2.13
March 31 2017,San Juan,WA,Passenger,88,36,124,13767,13891,0.89
April 30 2017,Canyon,ID,Passenger,0,1,1,91,92,1.09
March 31 2017,San Juan,WA,Truck,0,0,0,5789,5789,0.00
April 30 2017,Franklin,OH,Passenger,0,1,1,122,123,0.81
April 30 2017,Cascade,MT,Passenger,0,1,1,58,59,1.69
March 31 2017,Whatcom,WA,Truck,2,0,2,42569,42571,0.00
April 30 2017,Clackamas,OR,Passenger,1,1,2,323,325,0.62
March 31 2017,Shelby,TN,Passenger,0,1,1,115,116,0.86
April 30 2017,Alexandria City,VA,Passenger,2,0,2,183,185,1.08
March 31 2017,Spokane,WA,Truck,1,1,2,93213,93215,0.00
April 30 2017,Benton,WA,Passenger,146,146,292,130567,130859,0.22
April 30 2017,Alameda,CA,Passenger,2,1,3,372,375,0.80
April 30 2017,Cumberland,NC,Passenger,1,0,1,644,645,0.16
April 30 2017,Hidalgo,TX,Passenger,0,1,1,101,102,0.98
March 31 2017,Thurston,WA,Truck,0,0,0,54823,54823,0.00
April 30 2017,Dekalb,GA,Passenger,1,0,1,82,83,1.20
April 30 2017,Jefferson,NY,Passenger,1,1,2,270,272,0.74
April 30 2017,Douglas,WA,Passenger,31,21,52,27212,27264,0.19
April 30 2017,Duval,FL,Passenger,1,1,2,365,367,0.54
April 30 2017,Chattahoochee,GA,Passenger,0,1,1,47,48,2.08
April 30 2017,Clallam,WA,Passenger,84,73,157,49094,49251,0.32
April 30 2017,Fairfax,VA,Passenger,1,3,4,857,861,0.46
April 30 2017,Ferry,WA,Truck,0,0,0,3769,3769,0.00
April 30 2017,Klickitat,WA,Passenger,24,25,49,15142,15191,0.32
April 30 2017,Franklin,WA,Truck,0,0,0,18614,18614,0.00
April 30 2017,Franklin,WA,Passenger,28,48,76,56564,56640,0.13
April 30 2017,Garfield,WA,Passenger,0,0,0,1315,1315,0.00
April 30 2017,Gallatin,MT,Passenger,0,1,1,65,66,1.52
April 30 2017,Dakota,MN,Passenger,0,1,1,36,37,2.70
April 30 2017,Latah,ID,Passenger,0,1,1,115,116,0.86
April 30 2017,Garfield,WA,Truck,0,0,0,971,971,0.00
April 30 2017,Clark,WA,Truck,0,0,0,79871,79871,0.00
April 30 2017,Lincoln,WA,Passenger,2,5,7,7699,7706,0.09
April 30 2017,Gwinnett,GA,Passenger,0,1,1,85,86,1.16
April 30 2017,Harnett,NC,Passenger,1,0,1,263,264,0.38
April 30 2017,Clark,NV,Passenger,1,2,3,827,830,0.36
April 30 2017,Hamilton,TN,Passenger,1,0,1,23,24,4.17
April 30 2017,Columbia,WA,Truck,0,0,0,1602,1602,0.00
April 30 2017,Bexar,TX,Passenger,1,0,1,970,971,0.10
April 30 2017,Cowlitz,WA,Passenger,54,58,112,70671,70783,0.16
April 30 2017,Honolulu,HI,Passenger,5,1,6,598,604,0.99
April 30 2017,Fairfax City,VA,Passenger,1,0,1,6,7,14.29
April 30 2017,Howard,MD,Passenger,0,1,1,100,101,0.99
April 30 2017,Island,WA,Passenger,113,138,251,60990,61241,0.41
April 30 2017,Cowlitz,WA,Truck,0,0,0,28758,28758,0.00
April 30 2017,Jackson,MO,Passenger,1,0,1,65,66,1.52
April 30 2017,Glacier,MT,Passenger,0,1,1,3,4,25.00
April 30 2017,Jefferson,WA,Passenger,101,60,161,24217,24378,0.66
April 30 2017,Dale,AL,Passenger,0,1,1,69,70,1.43
April 30 2017,Kitsap,WA,Passenger,619,315,934,175842,176776,0.53
April 30 2017,Guilford,NC,Passenger,1,0,1,31,32,3.12
April 30 2017,Okaloosa,FL,Passenger,1,0,1,187,188,0.53
April 30 2017,Dekalb,IN,Passenger,1,0,1,1,2,50.00
April 30 2017,Chelan,WA,Passenger,55,31,86,52920,53006,0.16
April 30 2017,Okanogan,WA,Passenger,0,4,4,6600,6604,0.06
April 30 2017,Chelan,WA,Truck,0,0,0,21918,21918,0.00
April 30 2017,Kittitas,WA,Truck,0,0,0,13995,13995,0.00
April 30 2017,District Of Columbia,DC,Passenger,0,3,3,223,226,1.33
April 30 2017,King,WA,Truck,8,1,9,193657,193666,0.00
April 30 2017,Kitsap,WA,Truck,1,0,1,53811,53812,0.00
April 30 2017,Ozaukee,WI,Passenger,0,1,1,3,4,25.00
April 30 2017,Pacific,WA,Truck,0,0,0,7691,7691,0.00
April 30 2017,Grant,WA,Passenger,19,26,45,62221,62266,0.07
April 30 2017,Knox,TN,Passenger,1,0,1,41,42,2.38
April 30 2017,Grays Harbor,WA,Passenger,31,34,65,45437,45502,0.14
April 30 2017,Ferry,WA,Passenger,2,1,3,4577,4580,0.07
April 30 2017,Cobb,GA,Passenger,0,1,1,70,71,1.41
April 30 2017,Hamilton,IN,Passenger,1,0,1,56,57,1.75
April 30 2017,Pinal,AZ,Passenger,2,1,3,222,225,1.33
April 30 2017,Madison,ID,Passenger,1,0,1,40,41,2.44
April 30 2017,Columbia,WA,Passenger,0,1,1,2402,2403,0.04
April 30 2017,Hardin,KY,Passenger,0,1,1,123,124,0.81
April 30 2017,Lewis,WA,Truck,0,0,0,25798,25798,0.00
April 30 2017,Polk,FL,Passenger,1,0,1,66,67,1.49
April 30 2017,Marin,CA,Passenger,1,0,1,57,58,1.72
April 30 2017,Lincoln,WA,Truck,0,0,0,4623,4623,0.00
April 30 2017,Grant,WA,Truck,0,0,0,26186,26186,0.00
April 30 2017,Grays Harbor,WA,Truck,0,0,0,20475,20475,0.00
April 30 2017,Deschutes,OR,Passenger,1,0,1,193,194,0.52
April 30 2017,Missoula,MT,Passenger,1,0,1,71,72,1.39
April 30 2017,Riley,KS,Passenger,1,0,1,96,97,1.03
April 30 2017,Manatee,FL,Passenger,1,0,1,41,42,2.38
April 30 2017,Moore,NC,Passenger,0,1,1,208,209,0.48
April 30 2017,Jefferson,WA,Truck,0,0,0,9702,9702,0.00
April 30 2017,Monterey,CA,Passenger,0,1,1,221,222,0.45
April 30 2017,Douglas,WA,Truck,0,0,0,11830,11830,0.00
April 30 2017,Marion,OR,Passenger,1,0,1,166,167,0.60
April 30 2017,Russell,AL,Passenger,1,0,1,54,55,1.82
April 30 2017,Juneau,AK,Passenger,0,1,1,49,50,2.00
April 30 2017,Kent,MI,Passenger,0,1,1,35,36,2.78
April 30 2017,Monroe,NY,Passenger,1,0,1,28,29,3.45
April 30 2017,Mason,WA,Passenger,57,63,120,43996,44116,0.27
April 30 2017,Montgomery,PA,Passenger,1,0,1,36,37,2.70
April 30 2017,Nueces,TX,Passenger,0,1,1,100,101,0.99
April 30 2017,Klickitat,WA,Truck,0,0,0,8267,8267,0.00
April 30 2017,Mason,WA,Truck,0,0,0,19941,19941,0.00
April 30 2017,Palm Beach,FL,Passenger,0,1,1,89,90,1.11
April 30 2017,Nassau,NY,Passenger,0,1,1,38,39,2.56
April 30 2017,Fulton,GA,Passenger,1,1,2,111,113,1.77
April 30 2017,Larimer,CO,Passenger,0,1,1,77,78,1.28
April 30 2017,Miami-Dade,FL,Passenger,0,1,1,133,134,0.75
April 30 2017,Okanogan,WA,Truck,0,0,0,4556,4556,0.00
April 30 2017,Lewis,NY,Passenger,0,1,1,9,10,10.00
April 30 2017,Skamania,WA,Passenger,9,8,17,8755,8772,0.19
April 30 2017,Montgomery,TN,Passenger,1,0,1,286,287,0.35
April 30 2017,Kittitas,WA,Passenger,22,17,39,27930,27969,0.14
April 30 2017,Pierce,WA,Truck,0,0,0,141939,141939,0.00
April 30 2017,Lane,OR,Passenger,0,1,1,248,249,0.40
April 30 2017,Norfolk City,VA,Passenger,2,1,3,323,326,0.92
April 30 2017,San Juan,WA,Passenger,98,37,135,13842,13977,0.97
April 30 2017,San Mateo,CA,Passenger,0,1,1,156,157,0.64
April 30 2017,Island,WA,Truck,0,0,0,21114,21114,0.00
April 30 2017,Orange,CA,Passenger,2,1,3,679,682,0.44
April 30 2017,Maricopa,AZ,Passenger,3,0,3,1673,1676,0.18
April 30 2017,Orleans,LA,Passenger,0,1,1,49,50,2.00
April 30 2017,Wahkiakum,WA,Passenger,1,2,3,2906,2909,0.10
April 30 2017,Salt Lake,UT,Passenger,0,1,1,276,277,0.36
April 30 2017,Snohomish,WA,Truck,1,0,1,125844,125845,0.00
April 30 2017,Montgomery,MD,Passenger,1,2,3,310,313,0.96
April 30 2017,Maui,HI,Passenger,1,0,1,74,75,1.33
April 30 2017,Pend Oreille,WA,Passenger,2,4,6,9677,9683,0.06
April 30 2017,Stevens,WA,Truck,0,0,0,19127,19127,0.00
April 30 2017,Santa Fe,NM,Passenger,0,1,1,42,43,2.33
April 30 2017,Sumter,FL,Passenger,0,1,1,9,10,10.00
April 30 2017,Santa Clara,CA,Passenger,6,2,8,408,416,1.92
April 30 2017,Whatcom,WA,Passenger,456,177,633,144841,145474,0.44
April 30 2017,Multnomah,OR,Passenger,0,3,3,1062,1065,0.28
April 30 2017,Saratoga,NY,Passenger,0,1,1,74,75,1.33
April 30 2017,King,WA,Passenger,9665,4270,13935,1394396,1408331,0.99
April 30 2017,Whitman,WA,Truck,0,0,0,8634,8634,0.00
April 30 2017,Thurston,WA,Truck,0,0,0,54857,54857,0.00
April 30 2017,Okanogan,,Passenger,3,12,15,19807,19822,0.08
April 30 2017,Northampton,PA,Passenger,2,0,2,195,197,1.02
May 31 2017,,CA,Passenger,1,0,1,407,408,0.25
April 30 2017,Travis,TX,Passenger,0,1,1,192,193,0.52
April 30 2017,Orange,FL,Passenger,1,1,2,147,149,1.34
April 30 2017,Lewis,WA,Passenger,51,44,95,56366,56461,0.17
April 30 2017,Stevens,WA,Passenger,8,24,32,32258,32290,0.10
May 31 2017,Arlington,VA,Passenger,1,1,2,169,171,1.17
April 30 2017,Santa Rosa,FL,Passenger,1,0,1,104,105,0.95
April 30 2017,Pend Oreille,WA,Truck,0,0,0,5884,5884,0.00
April 30 2017,Walla Walla,WA,Passenger,22,24,46,35591,35637,0.13
April 30 2017,Prince William,VA,Passenger,0,3,3,271,274,1.09
April 30 2017,Los Angeles,CA,Passenger,2,1,3,1338,1341,0.22
April 30 2017,Riverside,CA,Passenger,0,1,1,822,823,0.12
April 30 2017,Utah,UT,Passenger,0,1,1,156,157,0.64
April 30 2017,Whitman,WA,Passenger,9,21,30,22378,22408,0.13
April 30 2017,Manassas City,VA,Passenger,0,1,1,9,10,10.00
May 31 2017,Benton,WA,Truck,0,0,0,41307,41307,0.00
April 30 2017,San Diego,CA,Passenger,4,2,6,2797,2803,0.21
April 30 2017,San Juan,WA,Truck,0,0,0,5775,5775,0.00
May 31 2017,Charlottesville City,VA,Passenger,0,1,1,11,12,8.33
April 30 2017,Yakima,WA,Passenger,41,59,100,163525,163625,0.06
April 30 2017,Yakima,WA,Truck,0,0,0,59681,59681,0.00
May 31 2017,Alameda,CA,Passenger,1,1,2,365,367,0.54
April 30 2017,Skagit,WA,Truck,1,0,1,32380,32381,0.00
April 30 2017,Shelby,TN,Passenger,0,1,1,115,116,0.86
May 31 2017,Clackamas,OR,Passenger,1,1,2,304,306,0.65
April 30 2017,Spokane,WA,Passenger,248,244,492,301038,301530,0.16
April 30 2017,Skagit,WA,Passenger,128,112,240,89350,89590,0.27
April 30 2017,Snohomish,WA,Passenger,1739,948,2687,520576,523263,0.51
May 31 2017,Charles,MD,Passenger,0,1,1,90,91,1.10
May 31 2017,Cumberland,NC,Passenger,1,0,1,624,625,0.16
May 31 2017,Bexar,TX,Passenger,1,0,1,936,937,0.11
April 30 2017,Tarrant,TX,Passenger,0,2,2,270,272,0.74
May 31 2017,Dallas,TX,Passenger,0,1,1,184,185,0.54
May 31 2017,Allegheny,PA,Passenger,1,0,1,82,83,1.20
April 30 2017,Pacific,WA,Passenger,12,9,21,15361,15382,0.14
May 31 2017,Chelan,WA,Truck,0,0,0,21959,21959,0.00
May 31 2017,Dane,WI,Passenger,1,0,1,116,117,0.85
April 30 2017,Tulare,CA,Passenger,1,0,1,198,199,0.50
May 31 2017,Deschutes,OR,Passenger,1,0,1,189,190,0.53
May 31 2017,Clallam,WA,Truck,0,0,0,21575,21575,0.00
April 30 2017,Pierce,WA,Passenger,969,873,1842,534580,536422,0.34
April 30 2017,Pima,AZ,Passenger,0,2,2,430,432,0.46
April 30 2017,Virginia Beach City,VA,Passenger,1,1,2,640,642,0.31
April 30 2017,Ventura,CA,Passenger,0,1,1,363,364,0.27
April 30 2017,Wahkiakum,WA,Truck,0,0,0,1692,1692,0.00
April 30 2017,Volusia,FL,Passenger,0,1,1,47,48,2.08
May 31 2017,Chattahoochee,GA,Passenger,0,1,1,50,51,1.96
May 31 2017,Garfield,WA,Truck,0,0,0,965,965,0.00
May 31 2017,Camden,GA,Passenger,0,1,1,184,185,0.54
April 30 2017,Saint Lucie,FL,Passenger,1,0,1,30,31,3.23
May 31 2017,Clark,NV,Passenger,1,1,2,819,821,0.24
April 30 2017,Wayne,MI,Passenger,0,1,1,69,70,1.43
May 31 2017,Adams,WA,Passenger,3,3,6,12598,12604,0.05
May 31 2017,Harnett,NC,Passenger,1,0,1,269,270,0.37
May 31 2017,Chelan,WA,Passenger,60,36,96,53158,53254,0.18
May 31 2017,Cowlitz,WA,Truck,0,0,0,28786,28786,0.00
May 31 2017,Fairfax City,VA,Passenger,1,0,1,6,7,14.29
May 31 2017,Clark,WA,Passenger,797,520,1317,304258,305575,0.43
May 31 2017,Hidalgo,TX,Passenger,0,1,1,102,103,0.97
May 31 2017,Adams,WA,Truck,0,0,0,5325,5325,0.00
May 31 2017,Clark,WA,Truck,0,0,0,79990,79990,0.00
May 31 2017,Dale,AL,Passenger,0,1,1,68,69,1.45
May 31 2017,Benton,WA,Passenger,150,148,298,130954,131252,0.23
May 31 2017,Franklin,OH,Passenger,0,1,1,119,120,0.83
April 30 2017,Skamania,WA,Truck,0,0,0,4077,4077,0.00
May 31 2017,Alexandria City,VA,Passenger,2,0,2,185,187,1.07
May 31 2017,Dekalb,IN,Passenger,1,0,1,1,2,50.00
April 30 2017,Spokane,WA,Truck,1,1,2,93366,93368,0.00
May 31 2017,Columbia,WA,Passenger,0,1,1,2408,2409,0.04
May 31 2017,Glacier,MT,Passenger,0,1,1,3,4,25.00
May 31 2017,Cobb,GA,Passenger,0,1,1,70,71,1.41
May 31 2017,District Of Columbia,DC,Passenger,0,3,3,221,224,1.34
May 31 2017,Canyon,ID,Passenger,0,1,1,92,93,1.08
April 30 2017,Thurston,WA,Passenger,407,343,750,188937,189687,0.40
May 31 2017,Kitsap,WA,Passenger,639,318,957,176250,177207,0.54
May 31 2017,Dekalb,GA,Passenger,1,0,1,82,83,1.20
May 31 2017,Kittitas,WA,Truck,0,0,0,14042,14042,0.00
May 31 2017,Grays Harbor,WA,Passenger,34,34,68,45532,45600,0.15
May 31 2017,Cowlitz,WA,Passenger,56,60,116,70960,71076,0.16
May 31 2017,Asotin,WA,Truck,0,0,0,6713,6713,0.00
May 31 2017,Clallam,WA,Passenger,88,80,168,49208,49376,0.34
April 30 2017,Walla Walla,WA,Truck,0,0,0,13669,13669,0.00
May 31 2017,Hamilton,TN,Passenger,1,0,1,21,22,4.55
May 31 2017,Columbia,WA,Truck,0,0,0,1602,1602,0.00
May 31 2017,Douglas,WA,Passenger,32,23,55,27315,27370,0.20
May 31 2017,Hardin,KY,Passenger,0,1,1,122,123,0.81
May 31 2017,Douglas,WA,Truck,0,0,0,11864,11864,0.00
May 31 2017,Fulton,GA,Passenger,1,1,2,110,112,1.79
May 31 2017,Garfield,WA,Passenger,0,0,0,1324,1324,0.00
April 30 2017,Whatcom,WA,Truck,2,0,2,42636,42638,0.00
May 31 2017,Dakota,MN,Passenger,0,1,1,36,37,2.70
May 31 2017,Grant,WA,Truck,0,0,0,26314,26314,0.00
May 31 2017,Fairfax,VA,Passenger,1,3,4,859,863,0.46
May 31 2017,Grays Harbor,WA,Truck,0,0,0,20539,20539,0.00
May 31 2017,Jackson,MO,Passenger,1,0,1,61,62,1.61
May 31 2017,Manassas City,VA,Passenger,0,1,1,8,9,11.11
May 31 2017,Jefferson,NY,Passenger,1,1,2,269,271,0.74
May 31 2017,,,Passenger,9,4,13,2466,2479,0.52
May 31 2017,Duval,FL,Passenger,1,1,2,368,370,0.54
May 31 2017,Gwinnett,GA,Passenger,0,1,1,84,85,1.18
May 31 2017,Grant,WA,Passenger,21,30,51,62486,62537,0.08
May 31 2017,Anne Arundel,MD,Passenger,0,2,2,515,517,0.39
May 31 2017,Asotin,WA,Passenger,6,4,10,12630,12640,0.08
May 31 2017,Klickitat,WA,Truck,0,0,0,8280,8280,0.00
May 31 2017,Hamilton,IN,Passenger,1,0,1,57,58,1.72
May 31 2017,Flathead,MT,Passenger,1,0,1,61,62,1.61
May 31 2017,Larimer,CO,Passenger,0,1,1,75,76,1.32
May 31 2017,Franklin,WA,Passenger,30,45,75,56752,56827,0.13
May 31 2017,Lewis,WA,Passenger,53,43,96,56628,56724,0.17
May 31 2017,Lincoln,WA,Passenger,2,6,8,7737,7745,0.10
May 31 2017,Island,WA,Passenger,119,139,258,61213,61471,0.42
May 31 2017,Island,WA,Truck,0,0,0,21134,21134,0.00
May 31 2017,Okaloosa,FL,Passenger,1,0,1,182,183,0.55
May 31 2017,Jefferson,WA,Passenger,107,63,170,24313,24483,0.69
May 31 2017,Okanogan,WA,Passenger,0,4,4,6584,6588,0.06
May 31 2017,Jefferson,WA,Truck,0,0,0,9706,9706,0.00
May 31 2017,Juneau,AK,Passenger,0,1,1,45,46,2.17
May 31 2017,Ozaukee,WI,Passenger,0,1,1,3,4,25.00
May 31 2017,King,WA,Passenger,9952,4374,14326,1395548,1409874,1.02
May 31 2017,Howard,MD,Passenger,0,1,1,100,101,0.99
May 31 2017,Cascade,MT,Passenger,0,1,1,58,59,1.69
May 31 2017,Mason,WA,Truck,0,0,0,19980,19980,0.00
May 31 2017,Kent,DE,Passenger,0,1,1,75,76,1.32
May 31 2017,Kittitas,WA,Passenger,25,17,42,28114,28156,0.15
May 31 2017,Pierce,WA,Passenger,996,889,1885,534801,536686,0.35
May 31 2017,Klickitat,WA,Passenger,24,26,50,15178,15228,0.33
May 31 2017,Maui,HI,Passenger,1,0,1,75,76,1.32
May 31 2017,Kitsap,WA,Truck,1,0,1,53905,53906,0.00
May 31 2017,Ferry,WA,Passenger,2,1,3,4591,4594,0.07
May 31 2017,Franklin,WA,Truck,0,0,0,18728,18728,0.00
May 31 2017,Knox,TN,Passenger,1,0,1,40,41,2.44
May 31 2017,Kent,MI,Passenger,0,1,1,34,35,2.86
May 31 2017,Gallatin,MT,Passenger,0,1,1,62,63,1.59
May 31 2017,Lincoln,WA,Truck,0,0,0,4627,4627,0.00
May 31 2017,King,WA,Truck,8,1,9,193148,193157,0.00
May 31 2017,Orange,CA,Passenger,3,1,4,677,681,0.59
May 31 2017,Orange,FL,Passenger,1,1,2,142,144,1.39
May 31 2017,Pend Oreille,WA,Passenger,3,4,7,9694,9701,0.07
May 31 2017,Los Angeles,CA,Passenger,2,1,3,1323,1326,0.23
May 31 2017,Lewis,WA,Truck,0,0,0,25824,25824,0.00
May 31 2017,El Paso,CO,Passenger,1,1,2,822,824,0.24
May 31 2017,Marin,CA,Passenger,1,0,1,55,56,1.79
May 31 2017,Northampton,PA,Passenger,1,0,1,171,172,0.58
May 31 2017,Saint Lucie,FL,Passenger,1,0,1,30,31,3.23
May 31 2017,Manatee,FL,Passenger,1,0,1,41,42,2.38
May 31 2017,Ferry,WA,Truck,0,0,0,3764,3764,0.00
May 31 2017,Sumter,FL,Passenger,0,1,1,9,10,10.00
May 31 2017,Marion,OR,Passenger,1,0,1,158,159,0.63
May 31 2017,San Juan,WA,Truck,0,0,0,5770,5770,0.00
May 31 2017,Pacific,WA,Truck,0,0,0,7701,7701,0.00
May 31 2017,Riley,KS,Passenger,1,0,1,94,95,1.05
May 31 2017,Travis,TX,Passenger,0,1,1,192,193,0.52
May 31 2017,Montgomery,MD,Passenger,1,2,3,306,309,0.97
May 31 2017,Pend Oreille,WA,Truck,0,0,0,5874,5874,0.00
May 31 2017,Pima,AZ,Passenger,0,2,2,433,435,0.46
May 31 2017,Santa Rosa,FL,Passenger,1,0,1,105,106,0.94
May 31 2017,Polk,FL,Passenger,1,0,1,64,65,1.54
May 31 2017,Okanogan,,Passenger,3,12,15,19929,19944,0.08
May 31 2017,Monroe,NY,Passenger,1,0,1,27,28,3.57
May 31 2017,Snohomish,WA,Passenger,1781,953,2734,521135,523869,0.52
May 31 2017,Prince William,VA,Passenger,0,3,3,273,276,1.09
May 31 2017,Montgomery,PA,Passenger,1,0,1,35,36,2.78
May 31 2017,Pacific,WA,Passenger,13,8,21,15437,15458,0.14
May 31 2017,Spokane,WA,Truck,1,0,1,93565,93566,0.00
May 31 2017,Lane,OR,Passenger,0,1,1,245,246,0.41
May 31 2017,Palm Beach,FL,Passenger,0,1,1,87,88,1.14
May 31 2017,Multnomah,OR,Passenger,1,3,4,1030,1034,0.39
May 31 2017,Latah,ID,Passenger,0,1,1,107,108,0.93
May 31 2017,Stevens,WA,Passenger,8,25,33,32358,32391,0.10
May 31 2017,Nassau,NY,Passenger,0,1,1,37,38,2.63
May 31 2017,Honolulu,HI,Passenger,4,1,5,599,604,0.83
May 31 2017,Yakima,WA,Truck,0,0,0,59777,59777,0.00
May 31 2017,Thurston,WA,Passenger,417,358,775,189453,190228,0.41
May 31 2017,Russell,AL,Passenger,1,0,1,54,55,1.82
June 30 2017,,,Passenger,9,4,13,2455,2468,0.53
May 31 2017,Thurston,WA,Truck,0,0,0,54868,54868,0.00
May 31 2017,Orleans,LA,Passenger,0,1,1,49,50,2.00
May 31 2017,Madison,ID,Passenger,1,0,1,40,41,2.44
May 31 2017,Ramsey,MN,Passenger,1,0,1,38,39,2.56
June 30 2017,Alexandria City,VA,Passenger,2,0,2,188,190,1.05
May 31 2017,Ventura,CA,Passenger,0,1,1,364,365,0.27
May 31 2017,Maricopa,AZ,Passenger,3,0,3,1662,1665,0.18
May 31 2017,Wahkiakum,WA,Passenger,1,2,3,2904,2907,0.10
May 31 2017,Pierce,WA,Truck,0,0,0,141960,141960,0.00
May 31 2017,Mason,WA,Passenger,59,67,126,44318,44444,0.28
May 31 2017,Skamania,WA,Passenger,9,7,16,8775,8791,0.18
May 31 2017,Skamania,WA,Truck,0,0,0,4070,4070,0.00
May 31 2017,Spokane,WA,Passenger,260,249,509,302224,302733,0.17
May 31 2017,Miami-Dade,FL,Passenger,0,1,1,132,133,0.75
May 31 2017,Saratoga,NY,Passenger,0,1,1,72,73,1.37
June 30 2017,Adams,WA,Truck,0,0,0,5354,5354,0.00
May 31 2017,Skagit,WA,Passenger,140,117,257,89695,89952,0.29
May 31 2017,Missoula,MT,Passenger,1,0,1,68,69,1.45
May 31 2017,Riverside,CA,Passenger,0,1,1,813,814,0.12
May 31 2017,Skagit,WA,Truck,1,0,1,32421,32422,0.00
May 31 2017,Snohomish,WA,Truck,1,0,1,125821,125822,0.00
June 30 2017,Asotin,WA,Truck,0,0,0,6728,6728,0.00
May 31 2017,Tulare,CA,Passenger,1,0,1,198,199,0.50
May 31 2017,Monterey,CA,Passenger,0,1,1,221,222,0.45
May 31 2017,Stevens,WA,Truck,0,0,0,19134,19134,0.00
May 31 2017,Wahkiakum,WA,Truck,0,0,0,1705,1705,0.00
May 31 2017,Santa Clara,CA,Passenger,5,2,7,403,410,1.71
May 31 2017,Montgomery,TN,Passenger,1,0,1,274,275,0.36
May 31 2017,Walla Walla,WA,Passenger,23,24,47,35668,35715,0.13
June 30 2017,Bexar,TX,Passenger,1,1,2,917,919,0.22
May 31 2017,Walla Walla,WA,Truck,0,0,0,13681,13681,0.00
May 31 2017,Moore,NC,Passenger,0,1,1,205,206,0.49
June 30 2017,Clark,WA,Truck,0,0,0,80061,80061,0.00
May 31 2017,Twin Falls,ID,Passenger,0,1,1,22,23,4.35
May 31 2017,New Castle,DE,Passenger,1,0,1,24,25,4.00
May 31 2017,Norfolk City,VA,Passenger,2,1,3,327,330,0.91
May 31 2017,Virginia Beach City,VA,Passenger,1,1,2,653,655,0.31
May 31 2017,Whatcom,WA,Passenger,470,185,655,145255,145910,0.45
May 31 2017,Whatcom,WA,Truck,2,0,2,42727,42729,0.00
May 31 2017,Nueces,TX,Passenger,0,1,1,100,101,0.99
June 30 2017,Cowlitz,WA,Passenger,54,70,124,71141,71265,0.17
June 30 2017,Camden,GA,Passenger,0,1,1,186,187,0.53
May 31 2017,Whitman,WA,Truck,0,0,0,8666,8666,0.00
May 31 2017,Okanogan,WA,Truck,0,0,0,4522,4522,0.00
May 31 2017,Wayne,MI,Passenger,0,1,1,67,68,1.47
May 31 2017,Pinal,AZ,Passenger,2,1,3,220,223,1.35
June 30 2017,,CA,Passenger,1,0,1,402,403,0.25
May 31 2017,Volusia,FL,Passenger,0,1,1,45,46,2.17
June 30 2017,Chelan,WA,Passenger,67,37,104,53371,53475,0.19
June 30 2017,Columbia,WA,Passenger,1,1,2,2403,2405,0.08
June 30 2017,Allegheny,PA,Passenger,1,0,1,83,84,1.19
May 31 2017,Whitman,WA,Passenger,10,22,32,22434,22466,0.14
June 30 2017,Fairfax,VA,Passenger,1,3,4,860,864,0.46
June 30 2017,Cobb,GA,Passenger,0,1,1,69,70,1.43
June 30 2017,Grant,WA,Passenger,22,32,54,62681,62735,0.09
May 31 2017,Salt Lake,UT,Passenger,0,1,1,264,265,0.38
May 31 2017,San Juan,WA,Passenger,105,41,146,13878,14024,1.04
May 31 2017,San Mateo,CA,Passenger,0,1,1,154,155,0.65
June 30 2017,Ferry,WA,Passenger,2,1,3,4577,4580,0.07
June 30 2017,Dekalb,GA,Passenger,1,0,1,84,85,1.18
June 30 2017,Benton,WA,Truck,0,0,0,41428,41428,0.00
May 31 2017,San Diego,CA,Passenger,4,2,6,2786,2792,0.21
June 30 2017,Honolulu,HI,Passenger,4,1,5,586,591,0.85
June 30 2017,Douglas,WA,Truck,0,0,0,11911,11911,0.00
June 30 2017,Benton,WA,Passenger,155,149,304,131315,131619,0.23
May 31 2017,Santa Fe,NM,Passenger,0,1,1,43,44,2.27
June 30 2017,Island,WA,Passenger,125,147,272,61462,61734,0.44
June 30 2017,Gwinnett,GA,Passenger,0,1,1,85,86,1.16
May 31 2017,Shelby,TN,Passenger,0,1,1,115,116,0.86
June 30 2017,Clackamas,OR,Passenger,0,1,1,290,291,0.34
June 30 2017,Franklin,WA,Truck,0,0,0,18771,18771,0.00
June 30 2017,Cascade,MT,Passenger,0,1,1,56,57,1.75
June 30 2017,King,WA,Passenger,10237,4440,14677,1396033,1410710,1.04
June 30 2017,Charles,MD,Passenger,0,1,1,89,90,1.11
June 30 2017,Fulton,GA,Passenger,1,1,2,109,111,1.80
June 30 2017,Gallatin,MT,Passenger,0,1,1,62,63,1.59
June 30 2017,Cumberland,NC,Passenger,1,0,1,617,618,0.16
June 30 2017,Garfield,WA,Passenger,0,0,0,1334,1334,0.00
June 30 2017,Clark,WA,Passenger,825,536,1361,305324,306685,0.44
June 30 2017,Lincoln,WA,Truck,0,0,0,4612,4612,0.00
June 30 2017,Clallam,WA,Passenger,96,81,177,49392,49569,0.36
June 30 2017,Clallam,WA,Truck,0,0,0,21628,21628,0.00
May 31 2017,Utah,UT,Passenger,0,1,1,155,156,0.64
June 30 2017,District Of Columbia,DC,Passenger,0,3,3,219,222,1.35
June 30 2017,Jefferson,WA,Truck,0,0,0,9696,9696,0.00
June 30 2017,Juneau,AK,Passenger,0,1,1,42,43,2.33
June 30 2017,Duval,FL,Passenger,1,1,2,376,378,0.53
June 30 2017,Dakota,MN,Passenger,0,1,1,34,35,2.86
June 30 2017,Flathead,MT,Passenger,1,0,1,60,61,1.64
June 30 2017,Island,WA,Truck,0,0,0,21138,21138,0.00
June 30 2017,Alameda,CA,Passenger,1,1,2,358,360,0.56
May 31 2017,Yakima,WA,Passenger,46,63,109,163831,163940,0.07
June 30 2017,Knox,TN,Passenger,1,0,1,40,41,2.44
June 30 2017,Montgomery,TN,Passenger,1,0,1,272,273,0.37
June 30 2017,Arlington,VA,Passenger,1,1,2,166,168,1.19
June 30 2017,Ferry,WA,Truck,0,0,0,3755,3755,0.00
June 30 2017,Douglas,WA,Passenger,34,26,60,27364,27424,0.22
June 30 2017,Lane,OR,Passenger,0,1,1,238,239,0.42
June 30 2017,Norfolk City,VA,Passenger,2,1,3,337,340,0.88
June 30 2017,Garfield,WA,Truck,0,0,0,974,974,0.00
June 30 2017,Adams,WA,Passenger,3,3,6,12632,12638,0.05
June 30 2017,Northampton,PA,Passenger,1,0,1,151,152,0.66
June 30 2017,Fairfax City,VA,Passenger,1,0,1,6,7,14.29
June 30 2017,Anne Arundel,MD,Passenger,0,2,2,513,515,0.39
June 30 2017,Okanogan,WA,Truck,0,0,0,4511,4511,0.00
June 30 2017,Asotin,WA,Passenger,6,4,10,12709,12719,0.08
June 30 2017,Franklin,OH,Passenger,0,1,1,119,120,0.83
June 30 2017,Hamilton,IN,Passenger,1,0,1,54,55,1.82
June 30 2017,Harnett,NC,Passenger,1,0,1,268,269,0.37
June 30 2017,Glacier,MT,Passenger,0,1,1,3,4,25.00
June 30 2017,Latah,ID,Passenger,0,1,1,101,102,0.98
June 30 2017,Lumpkin,GA,Passenger,1,0,1,10,11,9.09
June 30 2017,Maricopa,AZ,Passenger,3,0,3,1637,1640,0.18
June 30 2017,Jefferson,WA,Passenger,108,65,173,24365,24538,0.71
June 30 2017,Canyon,ID,Passenger,0,1,1,91,92,1.09
June 30 2017,Los Angeles,CA,Passenger,2,1,3,1298,1301,0.23
June 30 2017,Howard,MD,Passenger,0,1,1,103,104,0.96
June 30 2017,Charlottesville City,VA,Passenger,0,1,1,11,12,8.33
June 30 2017,Clark,NV,Passenger,1,1,2,801,803,0.25
June 30 2017,Madison,ID,Passenger,1,0,1,38,39,2.56
June 30 2017,Chelan,WA,Truck,0,0,0,22026,22026,0.00
June 30 2017,Kent,DE,Passenger,0,1,1,73,74,1.35
June 30 2017,Jefferson,NY,Passenger,1,1,2,265,267,0.75
June 30 2017,Kitsap,WA,Passenger,649,334,983,176994,177977,0.55
June 30 2017,Marin,CA,Passenger,1,0,1,56,57,1.75
June 30 2017,Kitsap,WA,Truck,1,0,1,54080,54081,0.00
June 30 2017,Kent,MI,Passenger,0,1,1,37,38,2.63
June 30 2017,San Diego,CA,Passenger,4,2,6,2772,2778,0.22
June 30 2017,Kittitas,WA,Truck,0,0,0,14077,14077,0.00
June 30 2017,Klickitat,WA,Passenger,27,26,53,15200,15253,0.35
June 30 2017,Mason,WA,Passenger,64,69,133,44515,44648,0.30
June 30 2017,Columbia,WA,Truck,0,0,0,1599,1599,0.00
June 30 2017,Montgomery,MD,Passenger,1,2,3,310,313,0.96
June 30 2017,Kittitas,WA,Passenger,24,17,41,28354,28395,0.14
June 30 2017,Cowlitz,WA,Truck,0,0,0,28839,28839,0.00
June 30 2017,Miami-Dade,FL,Passenger,0,1,1,131,132,0.76
June 30 2017,Skamania,WA,Truck,0,0,0,4095,4095,0.00
June 30 2017,Lincoln,WA,Passenger,2,6,8,7767,7775,0.10
June 30 2017,Dale,AL,Passenger,0,1,1,68,69,1.45
June 30 2017,Dane,WI,Passenger,1,0,1,98,99,1.01
June 30 2017,Missoula,MT,Passenger,1,0,1,67,68,1.47
June 30 2017,Dallas,TX,Passenger,0,1,1,182,183,0.55
June 30 2017,Spokane,WA,Passenger,272,248,520,303044,303564,0.17
June 30 2017,Dekalb,IN,Passenger,1,0,1,1,2,50.00
June 30 2017,Deschutes,OR,Passenger,1,0,1,189,190,0.53
June 30 2017,Pacific,WA,Passenger,16,8,24,15447,15471,0.16
June 30 2017,Marion,OR,Passenger,1,0,1,150,151,0.66
June 30 2017,Maui,HI,Passenger,1,0,1,72,73,1.37
June 30 2017,Mason,WA,Truck,0,0,0,19993,19993,0.00
June 30 2017,Monterey,CA,Passenger,0,1,1,216,217,0.46
June 30 2017,Moore,NC,Passenger,0,1,1,201,202,0.50
June 30 2017,Tulare,CA,Passenger,1,0,1,202,203,0.49
June 30 2017,El Paso,CO,Passenger,1,1,2,818,820,0.24
June 30 2017,Wahkiakum,WA,Truck,0,0,0,1708,1708,0.00
June 30 2017,Nueces,TX,Passenger,0,1,1,99,100,1.00
June 30 2017,Okanogan,,Passenger,4,12,16,19966,19982,0.08
June 30 2017,Nassau,NY,Passenger,0,1,1,38,39,2.56
June 30 2017,Pacific,WA,Truck,0,0,0,7707,7707,0.00
June 30 2017,Franklin,WA,Passenger,28,46,74,56972,57046,0.13
June 30 2017,Palm Beach,FL,Passenger,0,1,1,87,88,1.14
June 30 2017,Grant,WA,Truck,0,0,0,26340,26340,0.00
June 30 2017,Whatcom,WA,Truck,2,0,2,42850,42852,0.00
June 30 2017,Grays Harbor,WA,Passenger,38,35,73,45831,45904,0.16
June 30 2017,Orange,CA,Passenger,3,1,4,661,665,0.60
June 30 2017,Grays Harbor,WA,Truck,0,0,0,20545,20545,0.00
June 30 2017,Pima,AZ,Passenger,0,2,2,424,426,0.47
June 30 2017,Orleans,LA,Passenger,0,1,1,46,47,2.13
June 30 2017,Salt Lake,UT,Passenger,0,1,1,258,259,0.39
April 30 2020,Flathead,MT,Passenger,1,0,1,52,53,1.89
April 30 2020,Manassas City,VA,Passenger,0,1,1,4,5,20.00
May 31 2020,Douglas,WA,Passenger,70,41,111,28578,28689,0.39
May 31 2020,Denver,CO,Passenger,1,0,1,105,106,0.94
May 31 2020,Deschutes,OR,Passenger,2,0,2,116,118,1.69
April 30 2020,Garfield,WA,Truck,0,0,0,994,994,0.00
April 30 2020,Chelan,WA,Truck,0,0,0,23097,23097,0.00
April 30 2020,Pend Oreille,WA,Passenger,8,6,14,9593,9607,0.15
June 30 2020,Los Angeles,CA,Passenger,9,9,18,944,962,1.87
April 30 2020,Goochland,VA,Passenger,2,1,3,193,196,1.53
April 30 2020,Clark,WA,Truck,0,0,0,83955,83955,0.00
June 30 2020,Mason,WA,Passenger,191,143,334,48385,48719,0.69
May 31 2020,Monterey,CA,Passenger,1,0,1,183,184,0.54
April 30 2020,Multnomah,OR,Passenger,4,7,11,681,692,1.59
May 31 2020,Harris,TX,Passenger,1,0,1,208,209,0.48
May 31 2020,Fresno,CA,Passenger,1,0,1,175,176,0.57
April 30 2020,Howard,MD,Passenger,0,1,1,83,84,1.19
April 30 2020,Sacramento,CA,Passenger,1,0,1,254,255,0.39
May 31 2020,Howard,MD,Passenger,0,1,1,83,84,1.19
April 30 2020,Okanogan,WA,Passenger,4,8,12,6013,6025,0.20
June 30 2020,Montgomery,AL,Passenger,0,1,1,37,38,2.63
April 30 2020,Oldham,KY,Passenger,0,1,1,3,4,25.00
May 31 2020,Island,WA,Passenger,431,290,721,64054,64775,1.11
May 31 2020,Garfield,WA,Truck,0,0,0,994,994,0.00
April 30 2020,Cowlitz,WA,Passenger,146,130,276,74147,74423,0.37
June 30 2020,Multnomah,OR,Passenger,4,7,11,663,674,1.63
April 30 2020,Cowlitz,WA,Truck,0,0,0,29634,29634,0.00
May 31 2020,Goochland,VA,Passenger,2,1,3,191,194,1.55
May 31 2020,Oklahoma,OK,Passenger,0,1,1,113,114,0.88
May 31 2020,Jones,GA,Passenger,1,0,1,1,2,50.00
May 31 2020,Otero,NM,Passenger,0,1,1,37,38,2.63
April 30 2020,Denver,CO,Passenger,1,0,1,108,109,0.92
May 31 2020,Ozaukee,WI,Passenger,0,1,1,3,4,25.00
April 30 2020,Snohomish,WA,Passenger,4599,1868,6467,545081,551548,1.17
June 30 2020,Okanogan,,Passenger,33,26,59,20614,20673,0.29
May 31 2020,Kittitas,WA,Passenger,108,50,158,30527,30685,0.51
April 30 2020,Spartanburg,SC,Passenger,0,1,1,37,38,2.63
April 30 2020,Pierce,WA,Passenger,2589,1807,4396,559574,563970,0.78
April 30 2020,Kitsap,WA,Passenger,1403,712,2115,183956,186071,1.14
April 30 2020,El Paso,TX,Passenger,2,0,2,437,439,0.46
April 30 2020,Pierce,WA,Truck,0,0,0,145145,145145,0.00
April 30 2020,Stafford,VA,Passenger,1,0,1,85,86,1.16
June 30 2020,Osceola,FL,Passenger,1,0,1,33,34,2.94
April 30 2020,Pinellas,FL,Passenger,1,1,2,87,89,2.25
April 30 2020,Stevens,WA,Passenger,36,35,71,31825,31896,0.22
May 31 2020,Jefferson,WA,Passenger,245,156,401,25322,25723,1.56
April 30 2020,Sumter,FL,Passenger,0,1,1,9,10,10.00
May 31 2020,Lincoln,WA,Truck,0,0,0,4755,4755,0.00
May 31 2020,Pacific,WA,Truck,0,0,0,7837,7837,0.00
April 30 2020,Putnam,TN,Passenger,0,1,1,2,3,33.33
April 30 2020,Franklin,WA,Passenger,65,82,147,62065,62212,0.24
May 31 2020,Kern,CA,Passenger,1,1,2,226,228,0.88
May 31 2020,Palm Beach,FL,Passenger,0,1,1,65,66,1.52
May 31 2020,Pend Oreille,WA,Passenger,7,6,13,9551,9564,0.14
April 30 2020,Travis,TX,Passenger,1,2,3,159,162,1.85
April 30 2020,Fulton,GA,Passenger,1,2,3,98,101,2.97
April 30 2020,Riverside,CA,Passenger,3,1,4,591,595,0.67
April 30 2020,Tuolumne,CA,Passenger,0,1,1,8,9,11.11
April 30 2020,Lincoln,WA,Passenger,6,12,18,7889,7907,0.23
May 31 2020,Kitsap,WA,Passenger,1407,713,2120,183149,185269,1.14
June 30 2020,Ramsey,MN,Passenger,1,0,1,34,35,2.86
May 31 2020,Pinal,AZ,Passenger,1,0,1,150,151,0.66
April 30 2020,Grant,WA,Passenger,62,76,138,66989,67127,0.21
June 30 2020,Riverside,CA,Passenger,3,1,4,577,581,0.69
April 30 2020,Wahkiakum,WA,Passenger,6,6,12,3045,3057,0.39
April 30 2020,Grant,WA,Truck,0,0,0,27936,27936,0.00
April 30 2020,Grays Harbor,WA,Passenger,120,114,234,48950,49184,0.48
April 30 2020,San Juan,WA,Truck,0,0,0,6074,6074,0.00
May 31 2020,Lincoln,WA,Passenger,6,12,18,7854,7872,0.23
May 31 2020,Multnomah,OR,Passenger,4,7,11,676,687,1.60
April 30 2020,Mason,OR,Passenger,1,0,1,19,20,5.00
June 30 2020,San Bernardino,CA,Passenger,0,1,1,427,428,0.23
April 30 2020,Yakima,WA,Truck,0,0,0,61834,61834,0.00
April 30 2020,Mason,WA,Truck,0,0,0,21168,21168,0.00
April 30 2020,Solano,CA,Passenger,1,0,1,212,213,0.47
May 31 2020,Nassau,NY,Passenger,2,0,2,29,31,6.45
May 31 2020,Manassas City,VA,Passenger,0,1,1,4,5,20.00
June 30 2020,Santa Cruz,CA,Passenger,1,0,1,30,31,3.23
May 31 2020,Okanogan,WA,Truck,0,0,0,4051,4051,0.00
April 30 2020,Monroe,IL,Passenger,1,0,1,3,4,25.00
May 31 2020,Saint Louis City,MO,Passenger,1,0,1,25,26,3.85
May 31 2020,Mecklenburg,NC,Passenger,1,0,1,68,69,1.45
June 30 2020,Skagit,WA,Truck,1,0,1,33396,33397,0.00
May 31 2020,Pend Oreille,WA,Truck,0,0,0,5967,5967,0.00
April 30 2020,Kent,MI,Passenger,0,1,1,20,21,4.76
June 30 2020,Stafford,VA,Passenger,1,0,1,86,87,1.15
May 31 2020,Skamania,WA,Passenger,34,18,52,8752,8804,0.59
May 31 2020,Pierce,WA,Truck,0,0,0,145211,145211,0.00
April 30 2020,Kern,CA,Passenger,1,1,2,225,227,0.88
April 30 2020,King,WA,Passenger,24692,8047,32739,1407665,1440404,2.27
April 30 2020,Orange,CA,Passenger,5,1,6,494,500,1.20
May 31 2020,Sumter,FL,Passenger,0,1,1,9,10,10.00
April 30 2020,King,WA,Truck,6,1,7,186205,186212,0.00
May 31 2020,Okanogan,WA,Passenger,4,8,12,6006,6018,0.20
April 30 2020,Klickitat,WA,Truck,0,0,0,8470,8470,0.00
April 30 2020,Osceola,FL,Passenger,1,0,1,35,36,2.78
April 30 2020,Westchester,NY,Passenger,0,1,1,24,25,4.00
May 31 2020,Boulder,CO,Passenger,1,1,2,36,38,5.26
May 31 2020,Travis,TX,Passenger,1,2,3,156,159,1.89
April 30 2020,Larimer,CO,Passenger,0,1,1,42,43,2.33
May 31 2020,Riverside,CA,Passenger,3,1,4,585,589,0.68
May 31 2020,Wahkiakum,WA,Passenger,6,7,13,3038,3051,0.43
April 30 2020,Lewis,WA,Passenger,109,115,224,59920,60144,0.37
June 30 2020,Washoe,NV,Passenger,1,0,1,78,79,1.27
May 31 2020,Putnam,TN,Passenger,0,1,1,2,3,33.33
May 31 2020,Sacramento,CA,Passenger,1,0,1,253,254,0.39
June 30 2020,Westchester,NY,Passenger,0,1,1,22,23,4.35
May 31 2020,Asotin,WA,Truck,0,0,0,6796,6796,0.00
May 31 2020,Saint Marys,MD,Passenger,1,0,1,192,193,0.52
June 30 2020,Williams,ND,Passenger,0,1,1,12,13,7.69
May 31 2020,Columbia,WA,Passenger,4,3,7,2477,2484,0.28
May 31 2020,San Juan,WA,Truck,0,0,0,6044,6044,0.00
May 31 2020,Columbia,WA,Truck,0,0,0,1585,1585,0.00
April 30 2020,Riley,KS,Passenger,1,0,1,62,63,1.59
May 31 2020,Santa Clara,CA,Passenger,3,2,5,271,276,1.81
May 31 2020,Riley,KS,Passenger,1,0,1,60,61,1.64
May 31 2020,Whatcom,WA,Passenger,1127,518,1645,152352,153997,1.07
May 31 2020,Broward,FL,Passenger,1,1,2,104,106,1.89
July 31 2020,Allegheny,PA,Passenger,1,0,1,60,61,1.64
April 30 2020,Santa Barbara,CA,Passenger,1,0,1,91,92,1.09
May 31 2020,Caddo,LA,Passenger,1,0,1,13,14,7.14
May 31 2020,Shelby,TN,Passenger,0,1,1,83,84,1.19
May 31 2020,Douglas,NE,Passenger,0,1,1,48,49,2.04
May 31 2020,Yakima,WA,Truck,0,0,0,61826,61826,0.00
May 31 2020,Douglas,OR,Passenger,1,0,1,38,39,2.56
April 30 2020,Montgomery,PA,Passenger,1,0,1,23,24,4.17
April 30 2020,Sedgwick,KS,Passenger,1,0,1,89,90,1.11
May 31 2020,Cascade,MT,Passenger,0,1,1,55,56,1.79
July 31 2020,Asotin,WA,Truck,0,0,0,6850,6850,0.00
April 30 2020,Shasta,CA,Passenger,1,0,1,37,38,2.63
May 31 2020,San Juan,WA,Passenger,302,95,397,14443,14840,2.68
May 31 2020,Chaves,NM,Passenger,1,0,1,9,10,10.00
May 31 2020,Shelby,OH,Passenger,0,1,1,1,2,50.00
April 30 2020,Suffolk City,VA,Passenger,1,0,1,120,121,0.83
April 30 2020,Oklahoma,OK,Passenger,0,2,2,115,117,1.71
July 31 2020,Boone,MO,Passenger,0,1,1,7,8,12.50
May 31 2020,Snohomish,WA,Truck,0,0,0,126908,126908,0.00
May 31 2020,Solano,CA,Passenger,1,0,1,207,208,0.48
May 31 2020,Tulsa,OK,Passenger,0,1,1,40,41,2.44
May 31 2020,Cumberland,NC,Passenger,0,3,3,478,481,0.62
May 31 2020,Guadalupe,TX,Passenger,2,0,2,50,52,3.85
July 31 2020,Caddo,LA,Passenger,1,0,1,12,13,7.69
May 31 2020,Stevens,WA,Truck,0,0,0,19255,19255,0.00
May 31 2020,Hamilton,IN,Passenger,1,0,1,31,32,3.12
May 31 2020,Walla Walla,WA,Passenger,72,63,135,36690,36825,0.37
June 30 2020,Carson City,NV,Passenger,1,0,1,8,9,11.11
May 31 2020,Denton,TX,Passenger,1,0,1,64,65,1.54
May 31 2020,Washtenaw,MI,Passenger,1,0,1,22,23,4.35
April 30 2020,Prince William,VA,Passenger,2,3,5,224,229,2.18
May 31 2020,Duval,FL,Passenger,0,1,1,336,337,0.30
July 31 2020,Cascade,MT,Passenger,0,1,1,53,54,1.85
May 31 2020,Thurston,WA,Truck,0,0,0,56716,56716,0.00
May 31 2020,Tipton,TN,Passenger,1,0,1,11,12,8.33
July 31 2020,Chaves,NM,Passenger,1,0,1,9,10,10.00
April 30 2020,Saint Clair,IL,Passenger,1,0,1,138,139,0.72
June 30 2020,Clark,WA,Truck,0,0,0,84276,84276,0.00
May 31 2020,Williamson,TX,Passenger,1,0,1,105,106,0.94
April 30 2020,Williams,ND,Passenger,0,1,1,14,15,6.67
May 31 2020,Ferry,WA,Passenger,5,3,8,4502,4510,0.18
May 31 2020,Ferry,WA,Truck,0,0,0,3687,3687,0.00
June 30 2020,Cowlitz,WA,Passenger,148,129,277,73793,74070,0.37
May 31 2020,Franklin,WA,Truck,0,0,0,20494,20494,0.00
May 31 2020,Kent,MI,Passenger,0,1,1,21,22,4.55
May 31 2020,Whitman,WA,Truck,0,0,0,8768,8768,0.00
June 30 2020,Asotin,WA,Truck,0,0,0,6843,6843,0.00
June 30 2020,Cumberland,NC,Passenger,0,3,3,471,474,0.63
July 31 2020,Davidson,TN,Passenger,1,0,1,54,55,1.82
April 30 2020,Spokane,WA,Truck,1,0,1,100338,100339,0.00
May 31 2020,King,WA,Passenger,24641,8040,32681,1397202,1429883,2.29
July 31 2020,Dekalb,GA,Passenger,1,0,1,67,68,1.47
May 31 2020,Garfield,WA,Passenger,0,1,1,1367,1368,0.07
May 31 2020,Arapahoe,CO,Passenger,1,0,1,121,122,0.82
July 31 2020,Denton,TX,Passenger,1,0,1,62,63,1.59
June 30 2020,Bay,FL,Passenger,1,0,1,34,35,2.86
May 31 2020,Klickitat,WA,Passenger,57,41,98,15676,15774,0.62
June 30 2020,Bexar,TX,Passenger,3,5,8,547,555,1.44
May 31 2020,Bay,FL,Passenger,1,0,1,34,35,2.86
June 30 2020,Alexandria City,VA,Passenger,4,0,4,134,138,2.90
May 31 2020,Harrison,MS,Passenger,1,0,1,60,61,1.64
April 30 2020,Thurston,WA,Passenger,1235,786,2021,200956,202977,1.00
May 31 2020,Bexar,TX,Passenger,2,5,7,555,562,1.25
June 30 2020,Broward,FL,Passenger,1,1,2,100,102,1.96
June 30 2020,Dupage,IL,Passenger,2,0,2,48,50,4.00
May 31 2020,Boone,MO,Passenger,0,1,1,7,8,12.50
May 31 2020,Lewis,WA,Passenger,109,117,226,59514,59740,0.38
June 30 2020,Caddo,LA,Passenger,1,0,1,12,13,7.69
April 30 2020,Ventura,CA,Passenger,0,2,2,292,294,0.68
July 31 2020,Franklin,WA,Truck,0,0,0,20687,20687,0.00
July 31 2020,Fresno,CA,Passenger,1,0,1,167,168,0.60
June 30 2020,Glacier,MT,Passenger,0,1,1,4,5,20.00
June 30 2020,Chaves,NM,Passenger,1,0,1,9,10,10.00
June 30 2020,Boulder,CO,Passenger,1,1,2,33,35,5.71
June 30 2020,Chelan,WA,Passenger,234,82,316,55382,55698,0.57
June 30 2020,Brevard,FL,Passenger,0,1,1,70,71,1.41
June 30 2020,Grant,WA,Passenger,62,76,138,66909,67047,0.21
June 30 2020,Grays Harbor,WA,Passenger,121,115,236,48999,49235,0.48
May 31 2020,Chelan,WA,Passenger,230,82,312,55315,55627,0.56
June 30 2020,Clay,FL,Passenger,0,1,1,81,82,1.22
May 31 2020,Adams,WA,Truck,0,0,0,5421,5421,0.00
May 31 2020,Albemarle,VA,Passenger,1,0,1,25,26,3.85
June 30 2020,Guilford,NC,Passenger,1,0,1,27,28,3.57
May 31 2020,Alexandria City,VA,Passenger,4,0,4,134,138,2.90
June 30 2020,Chelan,WA,Truck,0,0,0,23142,23142,0.00
May 31 2020,Clark,WA,Truck,0,0,0,84003,84003,0.00
May 31 2020,Montgomery,OH,Passenger,0,1,1,58,59,1.69
May 31 2020,Clay,FL,Passenger,0,1,1,80,81,1.23
June 30 2020,Clackamas,OR,Passenger,1,0,1,166,167,0.60
May 31 2020,Bartow,GA,Passenger,0,1,1,3,4,25.00
May 31 2020,Benton,WA,Passenger,366,330,696,137068,137764,0.51
May 31 2020,Cowlitz,WA,Passenger,146,130,276,73818,74094,0.37
July 31 2020,Jefferson,WA,Passenger,263,157,420,25244,25664,1.64
June 30 2020,Hennepin,MN,Passenger,2,0,2,74,76,2.63
May 31 2020,Okanogan,,Passenger,31,25,56,20623,20679,0.27
June 30 2020,Columbia,WA,Passenger,4,3,7,2486,2493,0.28
June 30 2020,Denton,TX,Passenger,1,0,1,62,63,1.59
May 31 2020,Oldham,KY,Passenger,0,1,1,3,4,25.00
July 31 2020,Kent,DE,Passenger,0,1,1,65,66,1.52
May 31 2020,Dekalb,GA,Passenger,1,0,1,69,70,1.43
June 30 2020,Douglas,WA,Truck,0,0,0,12636,12636,0.00
June 30 2020,Duval,FL,Passenger,0,1,1,337,338,0.30
June 30 2020,Denver,CO,Passenger,1,0,1,101,102,0.98
June 30 2020,Deschutes,OR,Passenger,2,0,2,115,117,1.71
July 31 2020,Kootenai,ID,Passenger,1,0,1,184,185,0.54
May 31 2020,Maricopa,AZ,Passenger,5,5,10,1173,1183,0.85
May 31 2020,Douglas,WA,Truck,0,0,0,12620,12620,0.00
May 31 2020,Pacific,WA,Passenger,40,36,76,16001,16077,0.47
June 30 2020,Jefferson,WA,Truck,0,0,0,9771,9771,0.00
May 31 2020,Dupage,IL,Passenger,2,0,2,48,50,4.00
June 30 2020,Ferry,WA,Truck,0,0,0,3699,3699,0.00
June 30 2020,Juneau,AK,Passenger,0,2,2,23,25,8.00
June 30 2020,Douglas,OR,Passenger,1,0,1,40,41,2.44
May 31 2020,Erie,NY,Passenger,1,0,1,38,39,2.56
May 31 2020,Pierce,WA,Passenger,2592,1806,4398,558408,562806,0.78
June 30 2020,Klickitat,WA,Truck,0,0,0,8380,8380,0.00
June 30 2020,Franklin,WA,Truck,0,0,0,20585,20585,0.00
June 30 2020,Fulton,GA,Passenger,1,2,3,94,97,3.09
May 31 2020,Fairfax,VA,Passenger,5,4,9,722,731,1.23
July 31 2020,Los Angeles,CA,Passenger,9,9,18,932,950,1.89
May 31 2020,Monroe,IL,Passenger,1,0,1,3,4,25.00
May 31 2020,Clallam,WA,Passenger,236,168,404,51134,51538,0.78
June 30 2020,Garfield,WA,Passenger,0,1,1,1370,1371,0.07
May 31 2020,Moore,NC,Passenger,0,1,1,161,162,0.62
May 31 2020,Prince William,VA,Passenger,2,3,5,221,226,2.21
June 30 2020,Larimer,CO,Passenger,0,1,1,40,41,2.44
May 31 2020,Fulton,GA,Passenger,1,2,3,97,100,3.00
May 31 2020,Ramsey,MN,Passenger,1,0,1,34,35,2.86
June 30 2020,Goochland,VA,Passenger,2,1,3,189,192,1.56
May 31 2020,Nueces,TX,Passenger,1,0,1,80,81,1.23
May 31 2020,Saint Clair,IL,Passenger,1,0,1,136,137,0.73
May 31 2020,Grant,WA,Passenger,62,75,137,66901,67038,0.20
June 30 2020,Hamilton,IN,Passenger,1,0,1,31,32,3.12
May 31 2020,Grays Harbor,WA,Passenger,120,115,235,48899,49134,0.48
June 30 2020,Guadalupe,TX,Passenger,2,0,2,48,50,4.00
July 31 2020,Monterey,CA,Passenger,1,0,1,174,175,0.57
May 31 2020,Skagit,WA,Truck,1,0,1,33349,33350,0.00
July 31 2020,Moore,NC,Passenger,0,2,2,157,159,1.26
May 31 2020,Skamania,WA,Truck,0,0,0,4190,4190,0.00
June 30 2020,Island,WA,Truck,1,0,1,21750,21751,0.00
May 31 2020,Hennepin,MN,Passenger,2,0,2,77,79,2.53
July 31 2020,Nueces,TX,Passenger,1,0,1,82,83,1.20
May 31 2020,Placer,CA,Passenger,1,0,1,78,79,1.27
July 31 2020,Okanogan,,Passenger,34,27,61,20642,20703,0.29
June 30 2020,Montgomery,MD,Passenger,0,4,4,233,237,1.69
May 31 2020,Island,WA,Truck,1,0,1,21664,21665,0.00
July 31 2020,Palm Beach,FL,Passenger,0,1,1,65,66,1.52
June 30 2020,Kent,MI,Passenger,0,1,1,21,22,4.55
May 31 2020,Twin Falls,ID,Passenger,0,1,1,21,22,4.55
May 31 2020,Umatilla,WA,Passenger,0,0,0,4,4,0.00
May 31 2020,Greene,MO,Passenger,0,1,1,19,20,5.00
June 30 2020,Klickitat,WA,Passenger,57,42,99,15590,15689,0.63
May 31 2020,Saginaw,MI,Passenger,1,0,1,9,10,10.00
May 31 2020,Guilford,NC,Passenger,1,0,1,28,29,3.45
May 31 2020,Jefferson,WA,Truck,0,0,0,9753,9753,0.00
June 30 2020,King,WA,Passenger,24755,8066,32821,1393379,1426200,2.30
May 31 2020,Wahkiakum,WA,Truck,0,0,0,1805,1805,0.00
May 31 2020,Juneau,AK,Passenger,0,2,2,24,26,7.69
May 31 2020,San Mateo,CA,Passenger,0,1,1,110,111,0.90
June 30 2020,Kitsap,WA,Passenger,1420,717,2137,183325,185462,1.15
June 30 2020,Oklahoma,OK,Passenger,0,1,1,111,112,0.89
July 31 2020,Ramsey,MN,Passenger,1,0,1,33,34,2.94
May 31 2020,Santa Barbara,CA,Passenger,1,0,1,89,90,1.11
May 31 2020,Klickitat,WA,Truck,0,0,0,8401,8401,0.00
July 31 2020,Saginaw,MI,Passenger,1,0,1,9,10,10.00
May 31 2020,Honolulu,HI,Passenger,3,0,3,413,416,0.72
May 31 2020,Washoe,NV,Passenger,1,0,1,80,81,1.23
May 31 2020,Sarasota,FL,Passenger,1,0,1,20,21,4.76
July 31 2020,Saint Louis City,MO,Passenger,1,0,1,25,26,3.85
June 30 2020,Pend Oreille,WA,Passenger,7,6,13,9555,9568,0.14
July 31 2020,San Bernardino,CA,Passenger,0,1,1,418,419,0.24
May 31 2020,Whatcom,WA,Truck,3,0,3,43982,43985,0.01
July 31 2020,San Juan,WA,Passenger,314,97,411,14361,14772,2.78
June 30 2020,Pinellas,FL,Passenger,1,1,2,85,87,2.30
June 30 2020,Lewis,WA,Passenger,114,121,235,59427,59662,0.39
July 31 2020,San Mateo,CA,Passenger,0,1,1,105,106,0.94
June 30 2020,Powhatan,VA,Passenger,1,0,1,0,1,100.00
May 31 2020,Los Angeles,CA,Passenger,9,9,18,955,973,1.85
June 30 2020,Monroe,IL,Passenger,1,0,1,3,4,25.00
July 31 2020,Santa Cruz,CA,Passenger,1,0,1,29,30,3.33
June 30 2020,Montgomery,OH,Passenger,0,1,1,58,59,1.69
May 31 2020,Suffolk City,VA,Passenger,1,0,1,117,118,0.85
July 31 2020,Skagit,WA,Truck,1,0,1,33482,33483,0.00
June 30 2020,Moore,NC,Passenger,0,2,2,161,163,1.23
July 31 2020,Snohomish,WA,Truck,0,0,0,127680,127680,0.00
June 30 2020,Nueces,TX,Passenger,1,0,1,81,82,1.22
June 30 2020,Maricopa,AZ,Passenger,5,5,10,1158,1168,0.86
July 31 2020,Stevens,WA,Truck,0,0,0,19301,19301,0.00
May 31 2020,Utah,UT,Passenger,0,1,1,115,116,0.86
June 30 2020,Mason,WA,Truck,0,0,0,21227,21227,0.00
June 30 2020,Bryan,GA,Passenger,1,0,1,54,55,1.82
May 31 2020,Montgomery,MD,Passenger,0,4,4,242,246,1.63
May 31 2020,Valencia,NM,Passenger,1,0,1,3,4,25.00
June 30 2020,San Francisco,CA,Passenger,1,1,2,82,84,2.38
June 30 2020,Bucks,PA,Passenger,1,0,1,19,20,5.00
May 31 2020,Mason,WA,Passenger,187,145,332,48299,48631,0.68
July 31 2020,Thurston,WA,Truck,0,0,0,57031,57031,0.00
May 31 2020,Mason,WA,Truck,0,0,0,21154,21154,0.00
June 30 2020,Camden,GA,Passenger,1,1,2,145,147,1.36
June 30 2020,Pima,AZ,Passenger,2,1,3,299,302,0.99
June 30 2020,Polk,FL,Passenger,1,0,1,62,63,1.59
July 31 2020,Valencia,NM,Passenger,1,0,1,4,5,20.00
May 31 2020,Yakima,WA,Passenger,149,127,276,169634,169910,0.16
June 30 2020,Spartanburg,SC,Passenger,0,1,1,34,35,2.86
May 31 2020,Pima,AZ,Passenger,2,1,3,308,311,0.96
May 31 2020,Montgomery,AL,Passenger,0,1,1,38,39,2.56
June 30 2020,Prince William,VA,Passenger,2,3,5,222,227,2.20
May 31 2020,Pinellas,FL,Passenger,1,1,2,85,87,2.30
June 30 2020,Spokane,WA,Passenger,771,526,1297,322358,323655,0.40
June 30 2020,Chesapeake City,VA,Passenger,0,2,2,406,408,0.49
July 31 2020,Washoe,NV,Passenger,1,0,1,75,76,1.32
May 31 2020,Polk,FL,Passenger,1,0,1,63,64,1.56
June 30 2020,Norfolk City,VA,Passenger,2,1,3,358,361,0.83
June 30 2020,Saginaw,MI,Passenger,1,0,1,9,10,10.00
May 31 2020,Powhatan,VA,Passenger,1,0,1,0,1,100.00
June 30 2020,,,Passenger,7,5,12,1891,1903,0.63
June 30 2020,Saint Clair,IL,Passenger,1,0,1,136,137,0.73
June 30 2020,Clark,WA,Passenger,2145,1117,3262,323876,327138,1.00
June 30 2020,Oldham,KY,Passenger,0,1,1,4,5,20.00
June 30 2020,Adams,WA,Passenger,9,9,18,13138,13156,0.14
July 31 2020,Westchester,NY,Passenger,0,1,1,22,23,4.35
June 30 2020,Orange,CA,Passenger,5,1,6,491,497,1.21
June 30 2020,Adams,WA,Truck,0,0,0,5455,5455,0.00
May 31 2020,Norfolk City,VA,Passenger,2,1,3,359,362,0.83
June 30 2020,Santa Barbara,CA,Passenger,1,0,1,88,89,1.12
July 31 2020,Yakima,WA,Passenger,157,129,286,170218,170504,0.17
June 30 2020,Pacific,WA,Passenger,43,38,81,16043,16124,0.50
June 30 2020,Utah,UT,Passenger,0,1,1,112,113,0.88
June 30 2020,Arlington,VA,Passenger,0,2,2,133,135,1.48
June 30 2020,Ventura,CA,Passenger,1,2,3,283,286,1.05
May 31 2020,Orange,CA,Passenger,5,1,6,492,498,1.20
June 30 2020,Spokane,WA,Truck,1,0,1,101083,101084,0.00
June 30 2020,Pierce,WA,Passenger,2624,1823,4447,560387,564834,0.79
May 31 2020,San Bernardino,CA,Passenger,0,1,1,431,432,0.23
August 31 2020,Arapahoe,CO,Passenger,1,0,1,121,122,0.82
June 30 2020,Bartow,GA,Passenger,0,1,1,3,4,25.00
June 30 2020,Stevens,WA,Passenger,39,35,74,31514,31588,0.23
May 31 2020,Osceola,FL,Passenger,1,0,1,34,35,2.86
May 31 2020,San Francisco,CA,Passenger,1,1,2,85,87,2.30
June 30 2020,Placer,CA,Passenger,1,0,1,78,79,1.27
June 30 2020,District Of Columbia,DC,Passenger,2,3,5,207,212,2.36
August 31 2020,Benton,WA,Truck,0,0,0,44081,44081,0.00
May 31 2020,Santa Cruz,CA,Passenger,1,0,1,32,33,3.03
June 30 2020,Whitman,WA,Passenger,46,51,97,22615,22712,0.43
June 30 2020,Douglas,NE,Passenger,0,1,1,47,48,2.08
June 30 2020,Thurston,WA,Passenger,1240,793,2033,200494,202527,1.00
June 30 2020,Yakima,WA,Truck,0,0,0,62083,62083,0.00
May 31 2020,Spokane,WA,Passenger,762,518,1280,322044,323324,0.40
June 30 2020,Salt Lake,UT,Passenger,0,1,1,177,178,0.56
June 30 2020,Garfield,WA,Truck,0,0,0,1002,1002,0.00
June 30 2020,Walla Walla,WA,Truck,0,0,0,14156,14156,0.00
July 31 2020,Alexandria City,VA,Passenger,4,0,4,131,135,2.96
August 31 2020,Charles,MD,Passenger,1,1,2,68,70,2.86
May 31 2020,San Diego,CA,Passenger,13,9,22,2776,2798,0.79
May 31 2020,Thurston,WA,Passenger,1234,789,2023,200395,202418,1.00
August 31 2020,Chelan,WA,Truck,0,0,0,23273,23273,0.00
June 30 2020,Sarasota,FL,Passenger,1,0,1,21,22,4.55
July 31 2020,Bartow,GA,Passenger,0,1,1,3,4,25.00
August 31 2020,Chesapeake City,VA,Passenger,0,2,2,401,403,0.50
May 31 2020,Sedgwick,KS,Passenger,1,0,1,88,89,1.12
June 30 2020,Yakima,WA,Passenger,150,129,279,169880,170159,0.16
June 30 2020,Sedgwick,KS,Passenger,1,0,1,88,89,1.12
May 31 2020,Ventura,CA,Passenger,1,2,3,288,291,1.03
August 31 2020,Clallam,WA,Truck,1,0,1,22244,22245,0.00
May 31 2020,Vigo,IN,Passenger,1,0,1,4,5,20.00
June 30 2020,Skamania,WA,Truck,0,0,0,4173,4173,0.00
August 31 2020,Clark,WA,Passenger,2263,1137,3400,324491,327891,1.04
July 31 2020,Adams,WA,Truck,0,0,0,5475,5475,0.00
June 30 2020,Clark,NV,Passenger,2,1,3,624,627,0.48
May 31 2020,Spartanburg,SC,Passenger,0,1,1,35,36,2.78
May 31 2020,Walla Walla,WA,Truck,0,0,0,14084,14084,0.00
May 31 2020,Stafford,VA,Passenger,1,0,1,86,87,1.15
June 30 2020,Suffolk City,VA,Passenger,1,0,1,120,121,0.83
June 30 2020,Jefferson,WA,Passenger,249,154,403,25301,25704,1.57
July 31 2020,Arapahoe,CO,Passenger,1,0,1,120,121,0.83
June 30 2020,Twin Falls,ID,Passenger,0,1,1,19,20,5.00
June 30 2020,Columbia,GA,Passenger,1,1,2,138,140,1.43
July 31 2020,Camden,GA,Passenger,1,1,2,142,144,1.39
July 31 2020,Bay,FL,Passenger,1,0,1,34,35,2.86
June 30 2020,Kittitas,WA,Passenger,105,49,154,30563,30717,0.50
May 31 2020,Westchester,NY,Passenger,0,1,1,23,24,4.17
June 30 2020,Contra Costa,CA,Passenger,3,0,3,182,185,1.62
June 30 2020,Klamath,OR,Passenger,1,0,1,25,26,3.85
May 31 2020,Whitman,WA,Passenger,47,51,98,22639,22737,0.43
June 30 2020,Wahkiakum,WA,Truck,0,0,0,1786,1786,0.00
August 31 2020,Denver,CO,Passenger,1,0,1,96,97,1.03
June 30 2020,Lincoln,WA,Passenger,6,12,18,7827,7845,0.23
May 31 2020,Williams,ND,Passenger,0,1,1,12,13,7.69
June 30 2020,,CA,Passenger,1,2,3,215,218,1.38
June 30 2020,Allegheny,PA,Passenger,1,0,1,59,60,1.67
June 30 2020,Whatcom,WA,Truck,3,0,3,44144,44147,0.01
June 30 2020,Ada,ID,Passenger,0,1,1,243,244,0.41
June 30 2020,Maui,HI,Passenger,1,0,1,31,32,3.12
June 30 2020,Arapahoe,CO,Passenger,1,0,1,120,121,0.83
June 30 2020,Alameda,CA,Passenger,1,0,1,249,250,0.40
June 30 2020,Dekalb,IN,Passenger,1,0,1,1,2,50.00
July 31 2020,Columbia,GA,Passenger,1,1,2,139,141,1.42
June 30 2020,Mecklenburg,NC,Passenger,1,0,1,66,67,1.49
July 31 2020,Charles,MD,Passenger,1,1,2,69,71,2.82
July 31 2020,,,Passenger,8,5,13,1852,1865,0.70
June 30 2020,Anne Arundel,MD,Passenger,0,3,3,408,411,0.73
July 31 2020,Columbia,WA,Passenger,4,3,7,2489,2496,0.28
August 31 2020,Fresno,CA,Passenger,1,0,1,165,166,0.60
July 31 2020,Chelan,WA,Passenger,245,85,330,55408,55738,0.59
June 30 2020,Bell,TX,Passenger,0,1,1,393,394,0.25
June 30 2020,Asotin,WA,Passenger,17,13,30,12676,12706,0.24
July 31 2020,Chesapeake City,VA,Passenger,0,2,2,403,405,0.49
June 30 2020,Benton,WA,Truck,0,0,0,43829,43829,0.00
July 31 2020,Anne Arundel,MD,Passenger,0,3,3,402,405,0.74
August 31 2020,Glacier,MT,Passenger,0,1,1,3,4,25.00
July 31 2020,Asotin,WA,Passenger,17,13,30,12718,12748,0.24
July 31 2020,Clallam,WA,Truck,1,0,1,22252,22253,0.00
June 30 2020,Nassau,FL,Passenger,1,0,1,27,28,3.57
June 30 2020,Frederick,MD,Passenger,2,1,3,79,82,3.66
July 31 2020,Clark,WA,Passenger,2225,1125,3350,324179,327529,1.02
June 30 2020,Boone,MO,Passenger,0,1,1,7,8,12.50
July 31 2020,Dekalb,IN,Passenger,1,0,1,1,2,50.00
June 30 2020,Bradley,TN,Passenger,0,1,1,3,4,25.00
July 31 2020,Clay,FL,Passenger,0,1,1,82,83,1.20
July 31 2020,Douglas,NE,Passenger,0,1,1,46,47,2.13
June 30 2020,Calvert,MD,Passenger,0,2,2,90,92,2.17
July 31 2020,Douglas,OR,Passenger,1,0,1,39,40,2.50
June 30 2020,Pend Oreille,WA,Truck,0,0,0,5978,5978,0.00
June 30 2020,Harris,TX,Passenger,1,0,1,204,205,0.49
July 31 2020,Calvert,MD,Passenger,0,2,2,89,91,2.20
July 31 2020,Fairbanks North Star,AK,Passenger,0,1,1,93,94,1.06
June 30 2020,Charles,MD,Passenger,1,1,2,68,70,2.86
June 30 2020,Hidalgo,TX,Passenger,0,1,1,67,68,1.47
June 30 2020,Cascade,MT,Passenger,0,1,1,53,54,1.85
July 31 2020,Ferry,WA,Passenger,7,3,10,4501,4511,0.22
August 31 2020,Jefferson,NY,Passenger,0,1,1,213,214,0.47
June 30 2020,Honolulu,HI,Passenger,3,0,3,408,411,0.73
July 31 2020,Charleston,SC,Passenger,1,0,1,93,94,1.06
June 30 2020,Riley,KS,Passenger,1,0,1,60,61,1.64
July 31 2020,Douglas,WA,Truck,0,0,0,12672,12672,0.00
June 30 2020,Clallam,WA,Truck,1,0,1,22308,22309,0.00
August 31 2020,Kern,CA,Passenger,1,1,2,217,219,0.91
June 30 2020,Sacramento,CA,Passenger,1,0,1,252,253,0.40
July 31 2020,Grays Harbor,WA,Truck,0,0,0,21442,21442,0.00
July 31 2020,Erie,NY,Passenger,1,0,1,38,39,2.56
June 30 2020,Cowlitz,WA,Truck,0,0,0,29686,29686,0.00
July 31 2020,Clark,WA,Truck,0,0,0,84419,84419,0.00
July 31 2020,Guadalupe,TX,Passenger,2,0,2,46,48,4.17
August 31 2020,Larimer,CO,Passenger,0,1,1,38,39,2.56
July 31 2020,Frederick,MD,Passenger,2,1,3,78,81,3.70
June 30 2020,Davidson,TN,Passenger,1,0,1,60,61,1.64
June 30 2020,Dekalb,GA,Passenger,1,0,1,70,71,1.41
June 30 2020,El Paso,TX,Passenger,2,0,2,420,422,0.47
July 31 2020,Contra Costa,CA,Passenger,3,0,3,179,182,1.65
June 30 2020,Shelby,OH,Passenger,0,1,1,1,2,50.00
July 31 2020,Harrison,MS,Passenger,1,0,1,56,57,1.75
August 31 2020,Lincoln,WA,Passenger,6,11,17,7817,7834,0.22
June 30 2020,Skagit,WA,Passenger,439,245,684,93157,93841,0.73
June 30 2020,Douglas,WA,Passenger,72,41,113,28596,28709,0.39
June 30 2020,Fairbanks North Star,AK,Passenger,0,1,1,94,95,1.05
June 30 2020,Snohomish,WA,Passenger,4629,1883,6512,544506,551018,1.18
July 31 2020,Greene,MO,Passenger,0,1,1,21,22,4.55
June 30 2020,Snohomish,WA,Truck,0,0,0,127380,127380,0.00
June 30 2020,Erie,NY,Passenger,1,0,1,37,38,2.63
July 31 2020,Hamilton,IN,Passenger,1,0,1,31,32,3.12
July 31 2020,Douglas,WA,Passenger,76,42,118,28625,28743,0.41
June 30 2020,Stevens,WA,Truck,0,0,0,19289,19289,0.00
June 30 2020,Ferry,WA,Passenger,5,3,8,4501,4509,0.18
June 30 2020,Liberty,GA,Passenger,1,0,1,119,120,0.83
July 31 2020,Dupage,IL,Passenger,2,0,2,48,50,4.00
June 30 2020,Fairfax,VA,Passenger,5,4,9,710,719,1.25
June 30 2020,Franklin,WA,Passenger,68,82,150,61985,62135,0.24
June 30 2020,Fresno,CA,Passenger,1,0,1,171,172,0.58
June 30 2020,Flathead,MT,Passenger,1,0,1,50,51,1.96
July 31 2020,Fairfax,VA,Passenger,5,4,9,711,720,1.25
July 31 2020,Island,WA,Truck,1,0,1,21763,21764,0.00
June 30 2020,Manassas City,VA,Passenger,0,1,1,3,4,25.00
June 30 2020,Umatilla,WA,Passenger,0,0,0,4,4,0.00
July 31 2020,Jefferson,NY,Passenger,0,1,1,215,216,0.46
June 30 2020,Grant,WA,Truck,0,0,0,27975,27975,0.00
August 31 2020,Monterey,CA,Passenger,1,0,1,170,171,0.58
June 30 2020,Grays Harbor,WA,Truck,0,0,0,21392,21392,0.00
July 31 2020,Kittitas,WA,Passenger,110,49,159,30509,30668,0.52
June 30 2020,Washtenaw,MI,Passenger,1,0,1,24,25,4.00
July 31 2020,Klamath,OR,Passenger,1,0,1,25,26,3.85
August 31 2020,Nassau,FL,Passenger,1,0,1,26,27,3.70
June 30 2020,Whitman,WA,Truck,0,0,0,8744,8744,0.00
July 31 2020,Guilford,NC,Passenger,1,0,1,26,27,3.70
June 30 2020,Harrison,MS,Passenger,1,0,1,58,59,1.69
July 31 2020,Klickitat,WA,Passenger,60,44,104,15530,15634,0.67
July 31 2020,Harris,TX,Passenger,1,0,1,197,198,0.51
June 30 2020,Howard,MD,Passenger,0,1,1,83,84,1.19
July 31 2020,Honolulu,HI,Passenger,3,0,3,403,406,0.74
June 30 2020,Okanogan,WA,Passenger,4,7,11,5977,5988,0.18
August 31 2020,Otero,NM,Passenger,0,1,1,33,34,2.94
July 31 2020,Adams,WA,Passenger,9,9,18,13210,13228,0.14
June 30 2020,Okanogan,WA,Truck,0,0,0,4042,4042,0.00
June 30 2020,Island,WA,Passenger,439,287,726,64048,64774,1.12
August 31 2020,Pacific,WA,Truck,0,0,0,7911,7911,0.00
August 31 2020,Pend Oreille,WA,Passenger,8,5,13,9531,9544,0.14
July 31 2020,Island,WA,Passenger,449,292,741,64115,64856,1.14
June 30 2020,Ozaukee,WI,Passenger,0,1,1,3,4,25.00
July 31 2020,Liberty,GA,Passenger,1,0,1,117,118,0.85
June 30 2020,Kern,CA,Passenger,1,1,2,223,225,0.89
June 30 2020,Jefferson,NY,Passenger,0,1,1,216,217,0.46
July 31 2020,Maricopa,AZ,Passenger,5,5,10,1146,1156,0.87
July 31 2020,Jefferson,WA,Truck,0,0,0,9771,9771,0.00
June 30 2020,King,WA,Truck,6,1,7,186666,186673,0.00
July 31 2020,Arlington,VA,Passenger,0,2,2,133,135,1.48
July 31 2020,Juneau,AK,Passenger,0,1,1,24,25,4.00
June 30 2020,Pierce,WA,Truck,0,0,0,145916,145916,0.00
June 30 2020,Kent,DE,Passenger,0,1,1,65,66,1.52
June 30 2020,Pinal,AZ,Passenger,1,0,1,146,147,0.68
July 31 2020,Mason,WA,Passenger,193,142,335,48460,48795,0.69
July 31 2020,Maui,HI,Passenger,1,0,1,31,32,3.12
June 30 2020,Kitsap,WA,Truck,0,0,0,55316,55316,0.00
August 31 2020,Riley,KS,Passenger,1,0,1,60,61,1.64
July 31 2020,Kings,NY,Passenger,1,0,1,58,59,1.69
June 30 2020,Putnam,TN,Passenger,0,1,1,2,3,33.33
July 31 2020,Kitsap,WA,Truck,0,0,0,55358,55358,0.00
June 30 2020,Lewis,WA,Truck,0,0,0,26973,26973,0.00
June 30 2020,Kittitas,WA,Truck,0,0,0,14998,14998,0.00
June 30 2020,Kootenai,ID,Passenger,1,0,1,185,186,0.54
July 31 2020,Montgomery,AL,Passenger,0,1,1,37,38,2.63
July 31 2020,Montgomery,OH,Passenger,0,1,1,60,61,1.64
August 31 2020,San Juan,WA,Passenger,322,102,424,14335,14759,2.87
August 31 2020,Shelby,OH,Passenger,0,1,1,1,2,50.00
July 31 2020,Lewis,WA,Truck,0,0,0,27007,27007,0.00
July 31 2020,Lincoln,WA,Truck,0,0,0,4785,4785,0.00
August 31 2020,Skamania,WA,Passenger,35,22,57,8603,8660,0.66
June 30 2020,Lincoln,WA,Truck,0,0,0,4758,4758,0.00
July 31 2020,New Castle,DE,Passenger,1,0,1,22,23,4.35
June 30 2020,Saint Marys,MD,Passenger,1,0,1,194,195,0.51
July 31 2020,Columbia,WA,Truck,0,0,0,1590,1590,0.00
July 31 2020,Norfolk City,VA,Passenger,2,1,3,359,362,0.83
June 30 2020,San Diego,CA,Passenger,13,9,22,2791,2813,0.78
July 31 2020,Cowlitz,WA,Passenger,157,131,288,73710,73998,0.39
July 31 2020,Otero,NM,Passenger,0,1,1,36,37,2.70
June 30 2020,San Juan,WA,Truck,0,0,0,6040,6040,0.00
July 31 2020,Ozaukee,WI,Passenger,0,1,1,3,4,25.00
June 30 2020,Monterey,CA,Passenger,1,0,1,175,176,0.57
July 31 2020,Pacific,WA,Truck,0,0,0,7909,7909,0.00
June 30 2020,Montgomery,PA,Passenger,1,0,1,22,23,4.35
June 30 2020,Santa Clara,CA,Passenger,3,2,5,267,272,1.84
August 31 2020,Thurston,WA,Truck,0,0,0,57049,57049,0.00
July 31 2020,Pima,AZ,Passenger,2,1,3,293,296,1.01
June 30 2020,New Castle,DE,Passenger,1,0,1,22,23,4.35
July 31 2020,Pacific,WA,Passenger,43,38,81,16051,16132,0.50
June 30 2020,Shelby,TN,Passenger,0,1,1,84,85,1.18
July 31 2020,Pinal,AZ,Passenger,1,0,1,144,145,0.69
July 31 2020,Montgomery,MD,Passenger,0,4,4,229,233,1.72
July 31 2020,Pend Oreille,WA,Truck,0,0,0,5961,5961,0.00
July 31 2020,Polk,FL,Passenger,1,0,1,62,63,1.59
June 30 2020,Solano,CA,Passenger,1,0,1,210,211,0.47
July 31 2020,Nassau,NY,Passenger,2,0,2,25,27,7.41
August 31 2020,Wahkiakum,WA,Passenger,6,7,13,3101,3114,0.42
July 31 2020,Franklin,WA,Passenger,74,85,159,62103,62262,0.26
June 30 2020,Nassau,NY,Passenger,2,0,2,25,27,7.41
July 31 2020,Placer,CA,Passenger,1,0,1,76,77,1.30
July 31 2020,Okanogan,WA,Truck,0,0,0,4047,4047,0.00
June 30 2020,Tipton,TN,Passenger,1,0,1,11,12,8.33
July 31 2020,Grant,WA,Passenger,64,80,144,66953,67097,0.21
July 31 2020,Grays Harbor,WA,Passenger,124,117,241,49114,49355,0.49
June 30 2020,Tulsa,OK,Passenger,0,1,1,39,40,2.50
June 30 2020,Otero,NM,Passenger,0,1,1,37,38,2.63
August 31 2020,Whatcom,WA,Passenger,1185,539,1724,152289,154013,1.12
July 31 2020,Powhatan,VA,Passenger,1,0,1,0,1,100.00
June 30 2020,Pacific,WA,Truck,0,0,0,7902,7902,0.00
June 30 2020,Palm Beach,FL,Passenger,0,1,1,65,66,1.52
August 31 2020,Whitman,WA,Truck,0,0,0,8699,8699,0.00
July 31 2020,Salt Lake,UT,Passenger,0,1,1,166,167,0.60
June 30 2020,San Juan,WA,Passenger,306,97,403,14364,14767,2.73
July 31 2020,San Diego,CA,Passenger,13,8,21,2785,2806,0.75
June 30 2020,San Mateo,CA,Passenger,0,1,1,107,108,0.93
July 31 2020,Hennepin,MN,Passenger,2,0,2,76,78,2.56
July 31 2020,Sarasota,FL,Passenger,1,0,1,20,21,4.76
July 31 2020,Hidalgo,TX,Passenger,0,1,1,63,64,1.56
July 31 2020,Shelby,TN,Passenger,0,1,1,82,83,1.20
July 31 2020,Shelby,OH,Passenger,0,1,1,1,2,50.00
July 31 2020,,CA,Passenger,1,2,3,210,213,1.41
July 31 2020,Skagit,WA,Passenger,456,246,702,93277,93979,0.75
July 31 2020,Saint Marys,MD,Passenger,1,0,1,193,194,0.52
July 31 2020,Skamania,WA,Passenger,35,20,55,8656,8711,0.63
July 31 2020,Skamania,WA,Truck,0,0,0,4185,4185,0.00
September 30 2020,Boulder,CO,Passenger,1,1,2,33,35,5.71
June 30 2020,Saint Louis City,MO,Passenger,1,0,1,25,26,3.85
July 31 2020,San Francisco,CA,Passenger,2,1,3,80,83,3.61
July 31 2020,Bell,TX,Passenger,0,1,1,387,388,0.26
June 30 2020,Thurston,WA,Truck,0,0,0,56926,56926,0.00
July 31 2020,Santa Clara,CA,Passenger,4,2,6,254,260,2.31
July 31 2020,Kent,MI,Passenger,0,1,1,21,22,4.55
July 31 2020,Tipton,TN,Passenger,1,0,1,11,12,8.33
July 31 2020,Bradley,TN,Passenger,1,1,2,3,5,40.00
July 31 2020,King,WA,Truck,8,1,9,187267,187276,0.00
July 31 2020,Twin Falls,ID,Passenger,0,1,1,18,19,5.26
September 30 2020,Carson City,NV,Passenger,1,0,1,8,9,11.11
July 31 2020,Klickitat,WA,Truck,0,0,0,8397,8397,0.00
July 31 2020,Umatilla,WA,Passenger,0,0,0,4,4,0.00
June 30 2020,Valencia,NM,Passenger,1,0,1,3,4,25.00
July 31 2020,Vigo,IN,Passenger,1,0,1,4,5,20.00
June 30 2020,Shasta,CA,Passenger,1,0,1,36,37,2.70
July 31 2020,Broward,FL,Passenger,1,1,2,98,100,2.00
July 31 2020,Walla Walla,WA,Truck,0,0,0,14164,14164,0.00
September 30 2020,Clackamas,OR,Passenger,1,0,1,149,150,0.67
July 31 2020,Bryan,GA,Passenger,1,0,1,55,56,1.79
July 31 2020,Whatcom,WA,Passenger,1166,526,1692,152389,154081,1.10
July 31 2020,Whitman,WA,Truck,0,0,0,8734,8734,0.00
July 31 2020,Williams,ND,Passenger,0,1,1,12,13,7.69
June 30 2020,Skamania,WA,Passenger,35,19,54,8713,8767,0.62
July 31 2020,Carson City,NV,Passenger,1,0,1,8,9,11.11
July 31 2020,Wahkiakum,WA,Truck,0,0,0,1788,1788,0.00
September 30 2020,Columbia,WA,Passenger,4,3,7,2492,2499,0.28
July 31 2020,Spokane,WA,Passenger,796,528,1324,323226,324550,0.41
June 30 2020,Sumter,FL,Passenger,0,1,1,9,10,10.00
August 31 2020,,CA,Passenger,1,2,3,211,214,1.40
June 30 2020,Travis,TX,Passenger,1,2,3,153,156,1.92
July 31 2020,Lake,IL,Passenger,1,0,1,170,171,0.58
September 30 2020,Cumberland,NC,Passenger,0,3,3,457,460,0.65
July 31 2020,Clackamas,OR,Passenger,1,0,1,159,160,0.62
July 31 2020,Larimer,CO,Passenger,0,1,1,39,40,2.50
August 31 2020,Allegheny,PA,Passenger,1,0,1,59,60,1.67
September 30 2020,Deschutes,OR,Passenger,1,0,1,107,108,0.93
June 30 2020,Vigo,IN,Passenger,1,0,1,4,5,20.00
August 31 2020,Arlington,VA,Passenger,0,2,2,131,133,1.50
July 31 2020,Tulsa,OK,Passenger,0,1,1,38,39,2.56
July 31 2020,Cumberland,NC,Passenger,0,3,3,468,471,0.64
July 31 2020,Washtenaw,MI,Passenger,1,0,1,24,25,4.00
June 30 2020,Wahkiakum,WA,Passenger,6,7,13,3060,3073,0.42
June 30 2020,Walla Walla,WA,Passenger,76,63,139,36708,36847,0.38
September 30 2020,Douglas,OR,Passenger,1,0,1,40,41,2.44
July 31 2020,District Of Columbia,DC,Passenger,2,3,5,206,211,2.37
July 31 2020,Whatcom,WA,Truck,3,0,3,44272,44275,0.01
September 30 2020,Dupage,IL,Passenger,2,0,2,45,47,4.26
June 30 2020,Whatcom,WA,Passenger,1135,522,1657,152324,153981,1.08
July 31 2020,Albemarle,VA,Passenger,1,0,1,25,26,3.85
August 31 2020,,,Passenger,8,5,13,1835,1848,0.70
July 31 2020,Duval,FL,Passenger,0,1,1,335,336,0.30
June 30 2020,Williamson,TX,Passenger,1,0,1,108,109,0.92
August 31 2020,Adams,WA,Passenger,9,10,19,13213,13232,0.14
July 31 2020,Benton,WA,Passenger,387,329,716,137203,137919,0.52
July 31 2020,Benton,WA,Truck,0,0,0,43977,43977,0.00
July 31 2020,Brevard,FL,Passenger,0,1,1,73,74,1.35
August 31 2020,Bell,TX,Passenger,0,1,1,378,379,0.26
July 31 2020,Bucks,PA,Passenger,1,0,1,20,21,4.76
July 31 2020,Ada,ID,Passenger,0,1,1,235,236,0.42
August 31 2020,Anne Arundel,MD,Passenger,0,3,3,389,392,0.77
July 31 2020,Utah,UT,Passenger,0,1,1,114,115,0.87
July 31 2020,Alameda,CA,Passenger,1,0,1,247,248,0.40
August 31 2020,Asotin,WA,Passenger,18,15,33,12691,12724,0.26
August 31 2020,Bradley,TN,Passenger,1,1,2,1,3,66.67
July 31 2020,Montgomery,PA,Passenger,1,0,1,22,23,4.35
September 30 2020,Goochland,VA,Passenger,3,1,4,178,182,2.20
July 31 2020,Clallam,WA,Passenger,252,173,425,51085,51510,0.83
July 31 2020,Walla Walla,WA,Passenger,80,66,146,36762,36908,0.40
July 31 2020,Ferry,WA,Truck,0,0,0,3704,3704,0.00
August 31 2020,Bryan,GA,Passenger,1,0,1,56,57,1.75
July 31 2020,Multnomah,OR,Passenger,4,7,11,659,670,1.64
July 31 2020,Bexar,TX,Passenger,4,5,9,543,552,1.63
September 30 2020,Guadalupe,TX,Passenger,1,0,1,45,46,2.17
July 31 2020,Flathead,MT,Passenger,1,0,1,47,48,2.08
August 31 2020,Carson City,NV,Passenger,1,0,1,8,9,11.11
July 31 2020,Garfield,WA,Passenger,0,1,1,1367,1368,0.07
July 31 2020,Oklahoma,OK,Passenger,0,1,1,110,111,0.90
July 31 2020,Boulder,CO,Passenger,1,1,2,33,35,5.71
July 31 2020,Garfield,WA,Truck,0,0,0,1014,1014,0.00
July 31 2020,Whitman,WA,Passenger,47,52,99,22598,22697,0.44
September 30 2020,Hennepin,MN,Passenger,1,0,1,72,73,1.37
August 31 2020,Calvert,MD,Passenger,0,2,2,87,89,2.25
July 31 2020,Goochland,VA,Passenger,3,1,4,187,191,2.09
July 31 2020,Williamson,TX,Passenger,1,0,1,103,104,0.96
August 31 2020,Clackamas,OR,Passenger,1,0,1,153,154,0.65
July 31 2020,Pierce,WA,Truck,0,0,0,146536,146536,0.00
July 31 2020,Chelan,WA,Truck,0,0,0,23238,23238,0.00
August 31 2020,Contra Costa,CA,Passenger,3,0,3,174,177,1.69
July 31 2020,Pinellas,FL,Passenger,1,1,2,84,86,2.33
August 31 2020,Ada,ID,Passenger,0,1,1,230,231,0.43
August 31 2020,Alameda,CA,Passenger,1,0,1,248,249,0.40
July 31 2020,Glacier,MT,Passenger,0,1,1,3,4,25.00
July 31 2020,Clark,NV,Passenger,2,1,3,615,618,0.49
September 30 2020,Jefferson,WA,Truck,0,0,0,9761,9761,0.00
July 31 2020,Prince William,VA,Passenger,2,3,5,225,230,2.17
August 31 2020,Davidson,TN,Passenger,1,0,1,54,55,1.82
September 30 2020,Juneau,AK,Passenger,0,1,1,23,24,4.17
August 31 2020,Deschutes,OR,Passenger,1,0,1,109,110,0.91
August 31 2020,Douglas,WA,Passenger,78,42,120,28591,28711,0.42
July 31 2020,Riverside,CA,Passenger,3,1,4,566,570,0.70
September 30 2020,Kitsap,WA,Passenger,1511,742,2253,183175,185428,1.22
July 31 2020,Kitsap,WA,Passenger,1464,727,2191,183377,185568,1.18
July 31 2020,Cowlitz,WA,Truck,0,0,0,29691,29691,0.00
July 31 2020,Howard,MD,Passenger,0,1,1,81,82,1.22
July 31 2020,Saint Clair,IL,Passenger,1,0,1,135,136,0.74
July 31 2020,Kittitas,WA,Truck,0,0,0,14948,14948,0.00
August 31 2020,Flathead,MT,Passenger,1,0,1,47,48,2.08
August 31 2020,Bucks,PA,Passenger,1,0,1,20,21,4.76
August 31 2020,Franklin,WA,Passenger,74,83,157,62134,62291,0.25
July 31 2020,Denver,CO,Passenger,1,0,1,100,101,0.99
July 31 2020,Deschutes,OR,Passenger,1,0,1,111,112,0.89
August 31 2020,Camden,GA,Passenger,1,1,2,135,137,1.46
August 31 2020,Frederick,MD,Passenger,2,1,3,78,81,3.70
July 31 2020,Lincoln,WA,Passenger,6,11,17,7843,7860,0.22
August 31 2020,Garfield,WA,Truck,0,0,0,1019,1019,0.00
August 31 2020,Harris,TX,Passenger,1,0,1,193,194,0.52
July 31 2020,El Paso,TX,Passenger,2,0,2,413,415,0.48
August 31 2020,Honolulu,HI,Passenger,3,0,3,396,399,0.75
August 31 2020,Goochland,VA,Passenger,3,1,4,181,185,2.16
August 31 2020,Howard,MD,Passenger,0,1,1,80,81,1.23
August 31 2020,Clark,NV,Passenger,2,1,3,606,609,0.49
July 31 2020,Ventura,CA,Passenger,1,2,3,281,284,1.06
July 31 2020,Mason,WA,Truck,0,0,0,21310,21310,0.00
August 31 2020,Island,WA,Passenger,454,292,746,64045,64791,1.15
July 31 2020,Fulton,GA,Passenger,1,2,3,94,97,3.09
July 31 2020,Monroe,IL,Passenger,1,0,1,3,4,25.00
September 30 2020,Manassas City,VA,Passenger,0,1,1,4,5,20.00
August 31 2020,Hidalgo,TX,Passenger,0,1,1,60,61,1.64
August 31 2020,Columbia,GA,Passenger,1,1,2,138,140,1.43
July 31 2020,Grant,WA,Truck,0,0,0,28053,28053,0.00
August 31 2020,Cowlitz,WA,Truck,0,0,0,29691,29691,0.00
July 31 2020,Nassau,FL,Passenger,1,0,1,26,27,3.70
August 31 2020,Jefferson,WA,Passenger,262,159,421,25156,25577,1.65
August 31 2020,King,WA,Truck,6,1,7,187479,187486,0.00
August 31 2020,Kent,DE,Passenger,0,1,1,63,64,1.56
August 31 2020,Kitsap,WA,Passenger,1488,728,2216,183159,185375,1.20
August 31 2020,Kitsap,WA,Truck,0,0,0,55357,55357,0.00
August 31 2020,Adams,WA,Truck,0,0,0,5498,5498,0.00
August 31 2020,Kittitas,WA,Truck,0,0,0,14945,14945,0.00
August 31 2020,Albemarle,VA,Passenger,1,0,1,23,24,4.17
September 30 2020,Montgomery,MD,Passenger,1,4,5,223,228,2.19
August 31 2020,Dekalb,IN,Passenger,1,0,1,1,2,50.00
August 31 2020,Alexandria City,VA,Passenger,4,0,4,128,132,3.03
July 31 2020,Orange,CA,Passenger,5,1,6,482,488,1.23
August 31 2020,Kootenai,ID,Passenger,1,0,1,184,185,0.54
August 31 2020,Lake,IL,Passenger,1,0,1,168,169,0.59
August 31 2020,District Of Columbia,DC,Passenger,2,3,5,204,209,2.39
August 31 2020,Asotin,WA,Truck,0,0,0,6857,6857,0.00
July 31 2020,Jones,GA,Passenger,1,0,1,1,2,50.00
August 31 2020,El Paso,TX,Passenger,2,0,2,410,412,0.49
August 31 2020,Lewis,WA,Truck,0,0,0,27046,27046,0.00
September 30 2020,Oldham,KY,Passenger,0,1,1,4,5,20.00
August 31 2020,Liberty,GA,Passenger,1,0,1,117,118,0.85
July 31 2020,Kern,CA,Passenger,1,1,2,220,222,0.90
August 31 2020,Fairbanks North Star,AK,Passenger,0,1,1,92,93,1.08
July 31 2020,Pend Oreille,WA,Passenger,7,5,12,9554,9566,0.13
August 31 2020,Lincoln,WA,Truck,0,0,0,4773,4773,0.00
August 31 2020,Bartow,GA,Passenger,0,1,1,3,4,25.00
July 31 2020,King,WA,Passenger,25567,8100,33667,1393499,1427166,2.36
August 31 2020,Ferry,WA,Passenger,7,3,10,4477,4487,0.22
September 30 2020,Pacific,WA,Passenger,42,39,81,15994,16075,0.50
August 31 2020,Brevard,FL,Passenger,0,1,1,69,70,1.43
August 31 2020,Broward,FL,Passenger,1,1,2,98,100,2.00
July 31 2020,Santa Barbara,CA,Passenger,1,0,1,84,85,1.18
August 31 2020,Manassas City,VA,Passenger,0,1,1,4,5,20.00
September 30 2020,Pierce,WA,Passenger,2815,1837,4652,564102,568754,0.82
August 31 2020,Grant,WA,Truck,0,0,0,28097,28097,0.00
August 31 2020,Caddo,LA,Passenger,1,0,1,12,13,7.69
September 30 2020,Pinellas,FL,Passenger,1,1,2,79,81,2.47
August 31 2020,Grays Harbor,WA,Truck,0,0,0,21464,21464,0.00
July 31 2020,Riley,KS,Passenger,1,0,1,60,61,1.64
September 30 2020,Placer,CA,Passenger,1,0,1,76,77,1.30
July 31 2020,Shasta,CA,Passenger,1,0,1,37,38,2.63
July 31 2020,Lewis,WA,Passenger,119,124,243,59375,59618,0.41
July 31 2020,Sacramento,CA,Passenger,1,0,1,251,252,0.40
July 31 2020,Snohomish,WA,Passenger,4778,1894,6672,545465,552137,1.21
August 31 2020,Montgomery,PA,Passenger,1,0,1,20,21,4.76
July 31 2020,Stevens,WA,Passenger,40,37,77,31462,31539,0.24
August 31 2020,Multnomah,OR,Passenger,4,6,10,653,663,1.51
July 31 2020,Suffolk City,VA,Passenger,1,0,1,118,119,0.84
July 31 2020,Sedgwick,KS,Passenger,1,0,1,90,91,1.10
July 31 2020,Manassas City,VA,Passenger,0,1,1,4,5,20.00
July 31 2020,Sumter,FL,Passenger,0,1,1,9,10,10.00
September 30 2020,Putnam,TN,Passenger,0,1,1,1,2,50.00
July 31 2020,Spartanburg,SC,Passenger,0,1,1,34,35,2.86
August 31 2020,Okanogan,WA,Passenger,5,7,12,5991,6003,0.20
August 31 2020,Nassau,NY,Passenger,2,0,2,25,27,7.41
July 31 2020,Travis,TX,Passenger,1,2,3,149,152,1.97
August 31 2020,Jones,GA,Passenger,1,0,1,1,2,50.00
July 31 2020,Stafford,VA,Passenger,1,0,1,84,85,1.18
August 31 2020,Okanogan,WA,Truck,0,0,0,4038,4038,0.00
August 31 2020,Ozaukee,WI,Passenger,0,1,1,3,4,25.00
August 31 2020,Kittitas,WA,Passenger,116,49,165,30505,30670,0.54
August 31 2020,Palm Beach,FL,Passenger,0,1,1,63,64,1.56
September 30 2020,Salt Lake,UT,Passenger,0,1,1,157,158,0.63
August 31 2020,Klamath,OR,Passenger,1,0,1,24,25,4.00
July 31 2020,Okanogan,WA,Passenger,4,7,11,5996,6007,0.18
July 31 2020,Oldham,KY,Passenger,0,1,1,4,5,20.00
August 31 2020,Pierce,WA,Truck,0,0,0,146889,146889,0.00
August 31 2020,Pinal,AZ,Passenger,1,0,1,144,145,0.69
September 30 2020,Sarasota,FL,Passenger,1,0,1,20,21,4.76
August 31 2020,Franklin,WA,Truck,0,0,0,20761,20761,0.00
July 31 2020,Yakima,WA,Truck,0,0,0,62303,62303,0.00
August 31 2020,Putnam,TN,Passenger,0,1,1,2,3,33.33
August 31 2020,Garfield,WA,Passenger,0,1,1,1366,1367,0.07
July 31 2020,Wahkiakum,WA,Passenger,6,7,13,3072,3085,0.42
July 31 2020,Pierce,WA,Passenger,2711,1826,4537,561961,566498,0.80
August 31 2020,Maui,HI,Passenger,1,0,1,29,30,3.33
September 30 2020,Suffolk City,VA,Passenger,1,0,1,116,117,0.85
August 31 2020,Bay,FL,Passenger,1,0,1,32,33,3.03
August 31 2020,Riverside,CA,Passenger,3,0,3,566,569,0.53
July 31 2020,Putnam,TN,Passenger,0,1,1,2,3,33.33
September 30 2020,Twin Falls,ID,Passenger,0,1,1,18,19,5.26
August 31 2020,Saint Louis City,MO,Passenger,1,0,1,24,25,4.00
August 31 2020,Bexar,TX,Passenger,4,5,9,531,540,1.67
August 31 2020,Harrison,MS,Passenger,1,0,1,55,56,1.79
September 30 2020,Utah,UT,Passenger,0,1,1,112,113,0.88
August 31 2020,Saint Marys,MD,Passenger,1,0,1,188,189,0.53
August 31 2020,New Castle,DE,Passenger,1,0,1,23,24,4.17
August 31 2020,Santa Clara,CA,Passenger,4,2,6,246,252,2.38
July 31 2020,San Juan,WA,Truck,0,0,0,6021,6021,0.00
August 31 2020,Charleston,SC,Passenger,1,0,1,92,93,1.08
August 31 2020,Snohomish,WA,Truck,0,0,0,127842,127842,0.00
August 31 2020,Shasta,CA,Passenger,1,0,1,35,36,2.78
August 31 2020,Solano,CA,Passenger,1,0,1,204,205,0.49
August 31 2020,Chelan,WA,Passenger,252,83,335,55353,55688,0.60
August 31 2020,Stevens,WA,Truck,0,0,0,19262,19262,0.00
August 31 2020,Pend Oreille,WA,Truck,0,0,0,5937,5937,0.00
September 30 2020,Whitman,WA,Passenger,49,50,99,22492,22591,0.44
July 31 2020,Solano,CA,Passenger,1,0,1,208,209,0.48
July 31 2020,Spokane,WA,Truck,1,0,1,101612,101613,0.00
August 31 2020,Boone,MO,Passenger,0,1,1,7,8,12.50
August 31 2020,Sumter,FL,Passenger,0,1,1,10,11,9.09
August 31 2020,Boulder,CO,Passenger,1,1,2,32,34,5.88
September 30 2020,Yakima,WA,Truck,0,0,0,62566,62566,0.00
August 31 2020,Tipton,TN,Passenger,1,0,1,11,12,8.33
August 31 2020,Clark,WA,Truck,0,0,0,84649,84649,0.00
August 31 2020,Travis,TX,Passenger,1,2,3,146,149,2.01
July 31 2020,Thurston,WA,Passenger,1268,799,2067,200739,202806,1.02
August 31 2020,Clay,FL,Passenger,0,1,1,81,82,1.22
August 31 2020,Sacramento,CA,Passenger,1,0,1,244,245,0.41
August 31 2020,Tulsa,OK,Passenger,0,1,1,38,39,2.56
October 31 2020,Anne Arundel,MD,Passenger,1,3,4,391,395,1.01
August 31 2020,San Diego,CA,Passenger,14,8,22,2771,2793,0.79
August 31 2020,Walla Walla,WA,Passenger,84,67,151,36746,36897,0.41
August 31 2020,Columbia,WA,Passenger,3,3,6,2493,2499,0.24
August 31 2020,Columbia,WA,Truck,0,0,0,1572,1572,0.00
October 31 2020,Asotin,WA,Passenger,18,15,33,12718,12751,0.26
August 31 2020,San Juan,WA,Truck,0,0,0,6018,6018,0.00
August 31 2020,Cowlitz,WA,Passenger,163,134,297,73611,73908,0.40
August 31 2020,Yakima,WA,Truck,0,0,0,62478,62478,0.00
August 31 2020,Dekalb,GA,Passenger,1,0,1,68,69,1.45
August 31 2020,Shelby,TN,Passenger,0,1,1,81,82,1.22
August 31 2020,Williamson,TX,Passenger,1,0,1,99,100,1.00
August 31 2020,Maricopa,AZ,Passenger,5,5,10,1108,1118,0.89
August 31 2020,Douglas,WA,Truck,0,0,0,12658,12658,0.00
August 31 2020,Skagit,WA,Passenger,465,246,711,93205,93916,0.76
September 30 2020,Alexandria City,VA,Passenger,4,0,4,129,133,3.01
August 31 2020,Douglas,NE,Passenger,0,1,1,45,46,2.17
August 31 2020,Mason,WA,Passenger,192,141,333,48464,48797,0.68
August 31 2020,Mason,WA,Truck,0,0,0,21356,21356,0.00
August 31 2020,Erie,NY,Passenger,1,0,1,38,39,2.56
August 31 2020,Douglas,OR,Passenger,1,0,1,40,41,2.44
August 31 2020,Benton,WA,Passenger,394,330,724,137213,137937,0.52
August 31 2020,Snohomish,WA,Passenger,4845,1902,6747,545839,552586,1.22
August 31 2020,Fairfax,VA,Passenger,5,4,9,712,721,1.25
August 31 2020,Dupage,IL,Passenger,2,0,2,47,49,4.08
October 31 2020,Calvert,MD,Passenger,0,2,2,84,86,2.33
August 31 2020,Spokane,WA,Truck,1,0,1,101974,101975,0.00
September 30 2020,Brevard,FL,Passenger,0,1,1,68,69,1.45
August 31 2020,Stevens,WA,Passenger,39,38,77,31317,31394,0.25
August 31 2020,Fulton,GA,Passenger,1,2,3,92,95,3.16
August 31 2020,Carroll,MD,Passenger,0,1,1,15,16,6.25
September 30 2020,Benton,WA,Passenger,409,338,747,137246,137993,0.54
October 31 2020,Charleston,SC,Passenger,1,0,1,84,85,1.18
August 31 2020,Montgomery,AL,Passenger,0,1,1,36,37,2.70
August 31 2020,Guadalupe,TX,Passenger,2,0,2,45,47,4.26
August 31 2020,Cascade,MT,Passenger,0,1,1,55,56,1.79
August 31 2020,Grant,WA,Passenger,69,80,149,67052,67201,0.22
September 30 2020,Charleston,SC,Passenger,1,0,1,88,89,1.12
August 31 2020,Moore,NC,Passenger,0,2,2,154,156,1.28
August 31 2020,Chaves,NM,Passenger,1,0,1,9,10,10.00
August 31 2020,Grays Harbor,WA,Passenger,128,121,249,49166,49415,0.50
September 30 2020,Chaves,NM,Passenger,1,0,1,9,10,10.00
August 31 2020,Norfolk City,VA,Passenger,2,1,3,358,361,0.83
October 31 2020,Clark,WA,Truck,0,0,0,85002,85002,0.00
September 30 2020,Chelan,WA,Truck,0,0,0,23307,23307,0.00
August 31 2020,Hennepin,MN,Passenger,2,0,2,75,77,2.60
August 31 2020,Clallam,WA,Passenger,255,175,430,50999,51429,0.84
September 30 2020,Clallam,WA,Passenger,260,178,438,50933,51371,0.85
August 31 2020,Washtenaw,MI,Passenger,1,0,1,24,25,4.00
August 31 2020,Hamilton,IN,Passenger,1,0,1,30,31,3.23
August 31 2020,Orange,CA,Passenger,4,1,5,472,477,1.05
September 30 2020,Clark,WA,Truck,0,0,0,84743,84743,0.00
August 31 2020,Howard,IN,Passenger,0,1,1,3,4,25.00
August 31 2020,Cumberland,NC,Passenger,0,3,3,463,466,0.64
September 30 2020,Columbia,WA,Truck,0,0,0,1570,1570,0.00
August 31 2020,Island,WA,Truck,1,0,1,21741,21742,0.00
October 31 2020,Douglas,WA,Passenger,82,44,126,28662,28788,0.44
August 31 2020,Jefferson,WA,Truck,0,0,0,9765,9765,0.00
August 31 2020,Placer,CA,Passenger,1,0,1,75,76,1.32
August 31 2020,Denton,TX,Passenger,1,0,1,63,64,1.56
September 30 2020,Albemarle,VA,Passenger,1,0,1,21,22,4.55
August 31 2020,Juneau,AK,Passenger,0,1,1,22,23,4.35
September 30 2020,Cowlitz,WA,Passenger,167,135,302,73639,73941,0.41
September 30 2020,Denton,TX,Passenger,1,0,1,62,63,1.59
August 31 2020,Kent,MI,Passenger,0,1,1,21,22,4.55
October 31 2020,Fairbanks North Star,AK,Passenger,0,1,1,92,93,1.08
August 31 2020,King,WA,Passenger,25867,8158,34025,1393241,1427266,2.38
October 31 2020,Fairfax,VA,Passenger,5,4,9,684,693,1.30
August 31 2020,Klickitat,WA,Passenger,61,43,104,15449,15553,0.67
September 30 2020,Asotin,WA,Truck,0,0,0,6880,6880,0.00
August 31 2020,Duval,FL,Passenger,0,1,1,329,330,0.30
September 30 2020,Denver,CO,Passenger,1,0,1,95,96,1.04
August 31 2020,Klickitat,WA,Truck,0,0,0,8374,8374,0.00
October 31 2020,Ferry,WA,Passenger,8,3,11,4493,4504,0.24
September 30 2020,Duval,FL,Passenger,0,1,1,329,330,0.30
September 30 2020,Bay,FL,Passenger,1,0,1,33,34,2.94
August 31 2020,Ferry,WA,Truck,0,0,0,3704,3704,0.00
August 31 2020,Lewis,WA,Passenger,124,125,249,59399,59648,0.42
September 30 2020,Bexar,TX,Passenger,4,5,9,525,534,1.69
September 30 2020,Ferry,WA,Truck,0,0,0,3699,3699,0.00
August 31 2020,Salt Lake,UT,Passenger,0,1,1,165,166,0.60
September 30 2020,Broward,FL,Passenger,1,1,2,98,100,2.00
August 31 2020,Greene,MO,Passenger,0,1,1,21,22,4.55
August 31 2020,Sarasota,FL,Passenger,1,0,1,19,20,5.00
September 30 2020,Greene,MO,Passenger,0,1,1,20,21,4.76
September 30 2020,Caddo,LA,Passenger,1,0,1,12,13,7.69
August 31 2020,Guilford,NC,Passenger,1,0,1,27,28,3.57
October 31 2020,Grays Harbor,WA,Truck,0,0,0,21511,21511,0.00
September 30 2020,Glacier,MT,Passenger,0,1,1,3,4,25.00
August 31 2020,Sedgwick,KS,Passenger,1,0,1,83,84,1.19
September 30 2020,Hamilton,IN,Passenger,1,0,1,30,31,3.23
August 31 2020,Los Angeles,CA,Passenger,10,9,19,924,943,2.01
September 30 2020,Grant,WA,Passenger,71,85,156,67193,67349,0.23
October 31 2020,Harrison,MS,Passenger,1,0,1,54,55,1.82
August 31 2020,Stafford,VA,Passenger,1,0,1,84,85,1.18
September 30 2020,Grays Harbor,WA,Passenger,132,120,252,49288,49540,0.51
August 31 2020,Suffolk City,VA,Passenger,1,0,1,116,117,0.85
August 31 2020,Montgomery,OH,Passenger,0,1,1,59,60,1.67
September 30 2020,Guilford,NC,Passenger,1,0,1,28,29,3.45
October 31 2020,Howard,IN,Passenger,0,1,1,3,4,25.00
September 30 2020,Chelan,WA,Passenger,267,83,350,55466,55816,0.63
October 31 2020,Island,WA,Passenger,483,305,788,64131,64919,1.21
September 30 2020,Howard,IN,Passenger,0,1,1,3,4,25.00
August 31 2020,Valencia,NM,Passenger,1,0,1,4,5,20.00
August 31 2020,Montgomery,MD,Passenger,1,4,5,225,230,2.17
August 31 2020,Kings,NY,Passenger,1,0,1,56,57,1.75
September 30 2020,Kern,CA,Passenger,1,1,2,219,221,0.90
September 30 2020,Kent,MI,Passenger,0,1,1,19,20,5.00
August 31 2020,Pima,AZ,Passenger,2,1,3,288,291,1.03
September 30 2020,King,WA,Passenger,26107,8232,34339,1393909,1428248,2.40
August 31 2020,Polk,FL,Passenger,1,0,1,58,59,1.69
September 30 2020,Klickitat,WA,Passenger,62,43,105,15434,15539,0.68
September 30 2020,Klickitat,WA,Truck,0,0,0,8367,8367,0.00
August 31 2020,Okanogan,,Passenger,36,28,64,20687,20751,0.31
October 31 2020,Kittitas,WA,Passenger,127,52,179,30429,30608,0.58
August 31 2020,Oldham,KY,Passenger,0,1,1,4,5,20.00
August 31 2020,Powhatan,VA,Passenger,1,0,1,0,1,100.00
September 30 2020,Ada,ID,Passenger,0,1,1,225,226,0.44
August 31 2020,Prince William,VA,Passenger,2,2,4,224,228,1.75
August 31 2020,Pacific,WA,Passenger,42,38,80,15986,16066,0.50
September 30 2020,Adams,WA,Truck,0,0,0,5496,5496,0.00
September 30 2020,Larimer,CO,Passenger,0,1,1,40,41,2.44
September 30 2020,Douglas,WA,Truck,0,0,0,12688,12688,0.00
September 30 2020,Alameda,CA,Passenger,1,0,1,243,244,0.41
September 30 2020,Leavenworth,KS,Passenger,0,1,1,119,120,0.83
August 31 2020,Pierce,WA,Passenger,2766,1832,4598,562842,567440,0.81
September 30 2020,Lewis,WA,Passenger,124,124,248,59477,59725,0.42
September 30 2020,Arlington,VA,Passenger,0,2,2,131,133,1.50
August 31 2020,Pinellas,FL,Passenger,1,1,2,79,81,2.47
August 31 2020,Saint Clair,IL,Passenger,1,0,1,137,138,0.72
October 31 2020,Lewis,WA,Truck,0,0,0,27130,27130,0.00
September 30 2020,Franklin,WA,Truck,0,0,0,20864,20864,0.00
August 31 2020,San Francisco,CA,Passenger,2,1,3,79,82,3.66
September 30 2020,Fulton,GA,Passenger,1,2,3,86,89,3.37
August 31 2020,Monroe,IL,Passenger,1,0,1,3,4,25.00
October 31 2020,Lincoln,WA,Truck,0,0,0,4778,4778,0.00
September 30 2020,Garfield,WA,Passenger,0,1,1,1366,1367,0.07
September 30 2020,Bartow,GA,Passenger,0,1,1,3,4,25.00
August 31 2020,Ramsey,MN,Passenger,1,0,1,32,33,3.03
September 30 2020,Mason,WA,Truck,0,0,0,21368,21368,0.00
August 31 2020,Skamania,WA,Truck,0,0,0,4174,4174,0.00
September 30 2020,Monroe,IL,Passenger,1,0,1,2,3,33.33
October 31 2020,Maricopa,AZ,Passenger,5,4,9,1067,1076,0.84
August 31 2020,Spokane,WA,Passenger,826,542,1368,324139,325507,0.42
September 30 2020,Montgomery,OH,Passenger,0,1,1,58,59,1.69
August 31 2020,Nueces,TX,Passenger,1,0,1,82,83,1.20
September 30 2020,Multnomah,OR,Passenger,4,6,10,644,654,1.53
August 31 2020,Thurston,WA,Passenger,1289,806,2095,200642,202737,1.03
October 31 2020,Nassau,NY,Passenger,2,0,2,23,25,8.00
August 31 2020,Umatilla,WA,Passenger,0,0,0,3,3,0.00
September 30 2020,Norfolk City,VA,Passenger,2,1,3,355,358,0.84
August 31 2020,San Bernardino,CA,Passenger,0,1,1,420,421,0.24
August 31 2020,Ventura,CA,Passenger,1,2,3,281,284,1.06
October 31 2020,New Castle,DE,Passenger,1,0,1,22,23,4.35
August 31 2020,Vigo,IN,Passenger,1,0,1,4,5,20.00
September 30 2020,Clark,NV,Passenger,2,1,3,604,607,0.49
September 30 2020,Nueces,TX,Passenger,1,0,1,83,84,1.19
August 31 2020,Wahkiakum,WA,Truck,0,0,0,1790,1790,0.00
September 30 2020,Okanogan,,Passenger,40,31,71,20708,20779,0.34
September 30 2020,Orange,CA,Passenger,3,2,5,462,467,1.07
September 30 2020,Island,WA,Truck,1,0,1,21765,21766,0.00
August 31 2020,Santa Cruz,CA,Passenger,1,0,1,30,31,3.23
August 31 2020,Walla Walla,WA,Truck,0,0,0,14161,14161,0.00
September 30 2020,Columbia,GA,Passenger,1,1,2,135,137,1.46
August 31 2020,Whatcom,WA,Truck,3,0,3,44355,44358,0.01
September 30 2020,Pend Oreille,WA,Passenger,8,4,12,9497,9509,0.13
October 31 2020,Pend Oreille,WA,Truck,0,0,0,5892,5892,0.00
September 30 2020,Cowlitz,WA,Truck,0,0,0,29716,29716,0.00
September 30 2020,Jones,GA,Passenger,1,0,1,1,2,50.00
August 31 2020,Skagit,WA,Truck,1,0,1,33522,33523,0.00
August 31 2020,Saginaw,MI,Passenger,1,0,1,8,9,11.11
October 31 2020,Placer,CA,Passenger,1,0,1,75,76,1.32
September 30 2020,Plaquemines,LA,Passenger,0,1,1,16,17,5.88
August 31 2020,San Mateo,CA,Passenger,0,1,1,100,101,0.99
October 31 2020,Powhatan,VA,Passenger,1,0,1,0,1,100.00
September 30 2020,,CA,Passenger,1,2,3,210,213,1.41
September 30 2020,Dekalb,IN,Passenger,1,0,1,1,2,50.00
September 30 2020,Powhatan,VA,Passenger,1,0,1,0,1,100.00
July 31 2017,,,Passenger,9,4,13,2443,2456,0.53
June 30 2017,Pinal,AZ,Passenger,2,1,3,212,215,1.40
June 30 2017,Hamilton,TN,Passenger,1,0,1,18,19,5.26
June 30 2017,Polk,FL,Passenger,1,0,1,63,64,1.56
June 30 2017,Hardin,KY,Passenger,0,1,1,122,123,0.81
June 30 2017,Pend Oreille,WA,Passenger,4,4,8,9706,9714,0.08
July 31 2017,Adams,WA,Passenger,4,3,7,12631,12638,0.06
June 30 2017,Prince William,VA,Passenger,0,3,3,272,275,1.09
June 30 2017,Pend Oreille,WA,Truck,0,0,0,5885,5885,0.00
June 30 2017,Santa Fe,NM,Passenger,0,1,1,43,44,2.27
June 30 2017,Ramsey,MN,Passenger,1,0,1,37,38,2.63
June 30 2017,Saratoga,NY,Passenger,0,1,1,74,75,1.33
June 30 2017,Skagit,WA,Passenger,149,118,267,89984,90251,0.30
June 30 2017,Russell,AL,Passenger,1,0,1,55,56,1.79
June 30 2017,Riley,KS,Passenger,1,0,1,93,94,1.06
June 30 2017,Jackson,MO,Passenger,1,0,1,58,59,1.69
June 30 2017,San Mateo,CA,Passenger,0,1,1,151,152,0.66
June 30 2017,Santa Rosa,FL,Passenger,1,0,1,108,109,0.92
June 30 2017,Klickitat,WA,Truck,0,0,0,8283,8283,0.00
June 30 2017,Twin Falls,ID,Passenger,0,1,1,23,24,4.17
June 30 2017,Snohomish,WA,Passenger,1857,993,2850,522267,525117,0.54
June 30 2017,Skagit,WA,Truck,1,0,1,32498,32499,0.00
June 30 2017,King,WA,Truck,8,1,9,192800,192809,0.00
July 31 2017,Camden,GA,Passenger,0,1,1,185,186,0.54
June 30 2017,Snohomish,WA,Truck,1,0,1,125926,125927,0.00
June 30 2017,Utah,UT,Passenger,0,1,1,149,150,0.67
June 30 2017,Skamania,WA,Passenger,9,7,16,8816,8832,0.18
June 30 2017,Larimer,CO,Passenger,0,1,1,74,75,1.33
June 30 2017,Virginia Beach City,VA,Passenger,1,1,2,650,652,0.31
June 30 2017,Stevens,WA,Passenger,9,25,34,32443,32477,0.10
June 30 2017,Stevens,WA,Truck,0,0,0,19153,19153,0.00
June 30 2017,Sumter,FL,Passenger,0,1,1,9,10,10.00
July 31 2017,Clark,NV,Passenger,1,1,2,789,791,0.25
June 30 2017,Tarrant,TX,Passenger,1,0,1,249,250,0.40
June 30 2017,Wayne,MI,Passenger,0,1,1,68,69,1.45
June 30 2017,Lewis,WA,Passenger,56,45,101,56857,56958,0.18
June 30 2017,Lewis,WA,Truck,0,0,0,25852,25852,0.00
June 30 2017,Travis,TX,Passenger,0,1,1,191,192,0.52
June 30 2017,Whitman,WA,Passenger,10,22,32,22518,22550,0.14
June 30 2017,Tuolumne,CA,Passenger,0,1,1,12,13,7.69
June 30 2017,Wahkiakum,WA,Passenger,1,2,3,2897,2900,0.10
June 30 2017,Walla Walla,WA,Truck,0,0,0,13695,13695,0.00
June 30 2017,Walla Walla,WA,Passenger,25,26,51,35676,35727,0.14
July 31 2017,Alameda,CA,Passenger,1,1,2,352,354,0.56
June 30 2017,Manassas City,VA,Passenger,0,1,1,8,9,11.11
July 31 2017,Dale,AL,Passenger,0,1,1,70,71,1.41
June 30 2017,Whatcom,WA,Passenger,483,194,677,145812,146489,0.46
June 30 2017,Manatee,FL,Passenger,1,0,1,40,41,2.44
June 30 2017,Washoe,NV,Passenger,1,0,1,125,126,0.79
July 31 2017,Anne Arundel,MD,Passenger,0,2,2,516,518,0.39
July 31 2017,Asotin,WA,Passenger,8,5,13,12740,12753,0.10
July 31 2017,Dekalb,IN,Passenger,1,0,1,1,2,50.00
July 31 2017,District Of Columbia,DC,Passenger,0,3,3,214,217,1.38
June 30 2017,Yakima,WA,Truck,0,0,0,59921,59921,0.00
June 30 2017,Whitman,WA,Truck,0,0,0,8710,8710,0.00
June 30 2017,New Castle,DE,Passenger,1,0,1,25,26,3.85
June 30 2017,Montgomery,PA,Passenger,1,0,1,35,36,2.78
June 30 2017,Yakima,WA,Passenger,50,65,115,164105,164220,0.07
July 31 2017,Flathead,MT,Passenger,1,0,1,60,61,1.64
June 30 2017,Okaloosa,FL,Passenger,1,0,1,179,180,0.56
July 31 2017,,CA,Passenger,1,0,1,384,385,0.26
June 30 2017,Multnomah,OR,Passenger,1,3,4,998,1002,0.40
July 31 2017,Adams,WA,Truck,0,0,0,5374,5374,0.00
June 30 2017,Orange,FL,Passenger,1,1,2,135,137,1.46
July 31 2017,Allegheny,PA,Passenger,1,0,1,81,82,1.22
July 31 2017,Bexar,TX,Passenger,2,1,3,879,882,0.34
June 30 2017,Okanogan,WA,Passenger,0,5,5,6579,6584,0.08
June 30 2017,Ozaukee,WI,Passenger,0,1,1,3,4,25.00
July 31 2017,Canyon,ID,Passenger,0,1,1,88,89,1.12
July 31 2017,Arlington,VA,Passenger,1,1,2,166,168,1.19
July 31 2017,Gwinnett,GA,Passenger,0,1,1,85,86,1.16
July 31 2017,Benton,WA,Truck,0,0,0,41528,41528,0.00
June 30 2017,Pierce,WA,Passenger,1048,908,1956,535188,537144,0.36
July 31 2017,Charlottesville City,VA,Passenger,0,1,1,11,12,8.33
June 30 2017,Pierce,WA,Truck,0,0,0,141908,141908,0.00
July 31 2017,Chelan,WA,Passenger,69,36,105,53480,53585,0.20
July 31 2017,Chelan,WA,Truck,0,0,0,22065,22065,0.00
July 31 2017,Cowlitz,WA,Truck,0,0,0,28886,28886,0.00
June 30 2017,Saint Lucie,FL,Passenger,1,0,1,31,32,3.12
July 31 2017,Honolulu,HI,Passenger,4,1,5,567,572,0.87
July 31 2017,Columbia,WA,Passenger,1,1,2,2400,2402,0.08
July 31 2017,Clark,WA,Passenger,836,549,1385,305934,307319,0.45
July 31 2017,Columbia,WA,Truck,0,0,0,1599,1599,0.00
June 30 2017,San Juan,WA,Truck,0,0,0,5767,5767,0.00
July 31 2017,Clark,WA,Truck,0,0,0,80154,80154,0.00
July 31 2017,Douglas,WA,Passenger,35,26,61,27417,27478,0.22
June 30 2017,Riverside,CA,Passenger,0,1,1,805,806,0.12
June 30 2017,Sangamon,IL,Passenger,1,0,1,11,12,8.33
July 31 2017,Dallas,TX,Passenger,0,1,1,178,179,0.56
June 30 2017,Shelby,TN,Passenger,0,1,1,116,117,0.85
July 31 2017,Fairfax,VA,Passenger,1,3,4,853,857,0.47
July 31 2017,Charles,MD,Passenger,0,1,1,87,88,1.14
July 31 2017,Deschutes,OR,Passenger,1,0,1,188,189,0.53
July 31 2017,Ferry,WA,Passenger,2,1,3,4586,4589,0.07
June 30 2017,San Juan,WA,Passenger,108,42,150,13935,14085,1.06
June 30 2017,Spokane,WA,Truck,1,0,1,93914,93915,0.00
July 31 2017,Dane,WI,Passenger,1,0,1,87,88,1.14
July 31 2017,Cowlitz,WA,Passenger,57,72,129,71290,71419,0.18
July 31 2017,Kitsap,WA,Truck,1,0,1,54097,54098,0.00
July 31 2017,Clallam,WA,Truck,0,0,0,21678,21678,0.00
June 30 2017,Santa Clara,CA,Passenger,5,2,7,399,406,1.72
July 31 2017,Knox,TN,Passenger,1,0,1,40,41,2.44
July 31 2017,Franklin,WA,Passenger,30,48,78,57135,57213,0.14
July 31 2017,El Paso,CO,Passenger,1,0,1,803,804,0.12
July 31 2017,Cobb,GA,Passenger,0,1,1,68,69,1.45
June 30 2017,Thurston,WA,Passenger,435,362,797,190236,191033,0.42
July 31 2017,Douglas,WA,Truck,0,0,0,11910,11910,0.00
July 31 2017,Franklin,OH,Passenger,0,1,1,118,119,0.84
June 30 2017,Ventura,CA,Passenger,0,1,1,360,361,0.28
July 31 2017,Dekalb,GA,Passenger,1,0,1,82,83,1.20
July 31 2017,Garfield,WA,Truck,0,0,0,959,959,0.00
July 31 2017,Grant,WA,Truck,0,0,0,26403,26403,0.00
June 30 2017,Thurston,WA,Truck,0,0,0,54964,54964,0.00
July 31 2017,Grays Harbor,WA,Truck,0,0,0,20551,20551,0.00
July 31 2017,Manatee,FL,Passenger,1,0,1,37,38,2.63
July 31 2017,Fulton,GA,Passenger,1,1,2,106,108,1.85
July 31 2017,Maui,HI,Passenger,1,0,1,72,73,1.37
June 30 2017,Volusia,FL,Passenger,0,1,1,47,48,2.08
July 31 2017,Howard,MD,Passenger,0,1,1,102,103,0.97
July 31 2017,Grant,WA,Passenger,21,35,56,62874,62930,0.09
July 31 2017,Island,WA,Passenger,131,152,283,61685,61968,0.46
July 31 2017,Franklin,WA,Truck,0,0,0,18845,18845,0.00
July 31 2017,Frederick,MD,Passenger,0,1,1,85,86,1.16
July 31 2017,Grays Harbor,WA,Passenger,40,39,79,45947,46026,0.17
July 31 2017,Jefferson,WA,Truck,0,0,0,9705,9705,0.00
July 31 2017,Jackson,MO,Passenger,1,0,1,55,56,1.79
July 31 2017,Gallatin,MT,Passenger,0,1,1,64,65,1.54
July 31 2017,Jefferson,WA,Passenger,111,66,177,24429,24606,0.72
July 31 2017,Alexandria City,VA,Passenger,2,0,2,188,190,1.05
July 31 2017,Juneau,AK,Passenger,0,1,1,43,44,2.27
July 31 2017,Okanogan,WA,Truck,0,0,0,4473,4473,0.00
July 31 2017,Orange,FL,Passenger,1,1,2,133,135,1.48
July 31 2017,Hamilton,IN,Passenger,1,0,1,54,55,1.82
July 31 2017,Hamilton,TN,Passenger,1,0,1,16,17,5.88
July 31 2017,Hardin,KY,Passenger,0,1,1,122,123,0.81
July 31 2017,Benton,WA,Passenger,161,154,315,131591,131906,0.24
July 31 2017,King,WA,Truck,8,1,9,192441,192450,0.00
July 31 2017,Klickitat,WA,Passenger,27,26,53,15217,15270,0.35
July 31 2017,Kittitas,WA,Passenger,27,19,46,28472,28518,0.16
July 31 2017,Asotin,WA,Truck,0,0,0,6768,6768,0.00
July 31 2017,Pierce,WA,Truck,0,0,0,141783,141783,0.00
July 31 2017,Lane,OR,Passenger,0,1,1,229,230,0.43
July 31 2017,Island,WA,Truck,0,0,0,21152,21152,0.00
July 31 2017,Lewis,WA,Truck,0,0,0,25917,25917,0.00
July 31 2017,Lincoln,WA,Passenger,3,6,9,7766,7775,0.12
July 31 2017,Lincoln,WA,Truck,0,0,0,4630,4630,0.00
July 31 2017,Jefferson,NY,Passenger,1,1,2,262,264,0.76
July 31 2017,Clallam,WA,Passenger,100,82,182,49483,49665,0.37
July 31 2017,Kent,MI,Passenger,0,1,1,37,38,2.63
July 31 2017,King,WA,Passenger,10513,4508,15021,1395615,1410636,1.06
July 31 2017,San Diego,CA,Passenger,5,3,8,2747,2755,0.29
July 31 2017,Maricopa,AZ,Passenger,3,0,3,1603,1606,0.19
July 31 2017,Klickitat,WA,Truck,0,0,0,8266,8266,0.00
July 31 2017,Kent,DE,Passenger,0,1,1,72,73,1.37
July 31 2017,San Juan,WA,Truck,0,0,0,5785,5785,0.00
July 31 2017,Manassas City,VA,Passenger,0,1,1,8,9,11.11
July 31 2017,Santa Clara,CA,Passenger,5,2,7,398,405,1.73
July 31 2017,Kittitas,WA,Truck,0,0,0,14111,14111,0.00
July 31 2017,Saratoga,NY,Passenger,0,1,1,74,75,1.33
July 31 2017,Marion,OR,Passenger,1,0,1,150,151,0.66
July 31 2017,Larimer,CO,Passenger,0,1,1,71,72,1.39
July 31 2017,Dakota,MN,Passenger,0,1,1,33,34,2.94
July 31 2017,Shelby,TN,Passenger,0,1,1,116,117,0.85
July 31 2017,Okanogan,WA,Passenger,0,5,5,6543,6548,0.08
July 31 2017,Lewis,WA,Passenger,57,46,103,56948,57051,0.18
July 31 2017,Skagit,WA,Passenger,153,119,272,90173,90445,0.30
July 31 2017,Snohomish,WA,Passenger,1899,1014,2913,522822,525735,0.55
July 31 2017,Montgomery,PA,Passenger,1,0,1,34,35,2.86
July 31 2017,Latah,ID,Passenger,0,1,1,94,95,1.05
July 31 2017,Montgomery,MD,Passenger,1,2,3,312,315,0.95
July 31 2017,Duval,FL,Passenger,1,1,2,371,373,0.54
July 31 2017,Nassau,NY,Passenger,1,1,2,38,40,5.00
July 31 2017,New Castle,DE,Passenger,1,0,1,25,26,3.85
July 31 2017,Multnomah,OR,Passenger,1,3,4,958,962,0.42
July 31 2017,Los Angeles,CA,Passenger,2,1,3,1285,1288,0.23
July 31 2017,Riley,KS,Passenger,1,0,1,94,95,1.05
July 31 2017,Okanogan,,Passenger,4,13,17,19973,19990,0.09
July 31 2017,Ferry,WA,Truck,0,0,0,3742,3742,0.00
July 31 2017,Madison,ID,Passenger,1,0,1,39,40,2.50
July 31 2017,Pend Oreille,WA,Truck,0,0,0,5899,5899,0.00
July 31 2017,Russell,AL,Passenger,1,0,1,53,54,1.85
July 31 2017,Virginia Beach City,VA,Passenger,1,1,2,652,654,0.31
July 31 2017,Fairfax City,VA,Passenger,1,0,1,6,7,14.29
July 31 2017,Marin,CA,Passenger,1,0,1,56,57,1.75
July 31 2017,Pacific,WA,Passenger,16,10,26,15499,15525,0.17
July 31 2017,San Juan,WA,Passenger,112,42,154,13964,14118,1.09
July 31 2017,Whitman,WA,Passenger,12,21,33,22640,22673,0.15
July 31 2017,Pierce,WA,Passenger,1101,926,2027,535303,537330,0.38
July 31 2017,San Mateo,CA,Passenger,0,1,1,151,152,0.66
July 31 2017,Garfield,WA,Passenger,0,0,0,1338,1338,0.00
July 31 2017,Glacier,MT,Passenger,0,1,1,3,4,25.00
July 31 2017,Snohomish,WA,Truck,1,0,1,125874,125875,0.00
August 31 2017,Alameda,CA,Passenger,0,1,1,351,352,0.28
July 31 2017,Ramsey,MN,Passenger,1,0,1,35,36,2.78
July 31 2017,Monterey,CA,Passenger,0,2,2,210,212,0.94
July 31 2017,Stevens,WA,Truck,0,0,0,19119,19119,0.00
July 31 2017,Riverside,CA,Passenger,0,1,1,784,785,0.13
July 31 2017,Pima,AZ,Passenger,0,2,2,419,421,0.48
August 31 2017,Bexar,TX,Passenger,2,1,3,851,854,0.35
July 31 2017,Saint Lucie,FL,Passenger,1,0,1,30,31,3.23
July 31 2017,Prince William,VA,Passenger,0,3,3,273,276,1.09
July 31 2017,Okaloosa,FL,Passenger,1,0,1,180,181,0.55
July 31 2017,Thurston,WA,Truck,0,0,0,55004,55004,0.00
August 31 2017,Canyon,ID,Passenger,0,1,1,88,89,1.12
July 31 2017,Ozaukee,WI,Passenger,0,1,1,3,4,25.00
July 31 2017,Kitsap,WA,Passenger,671,340,1011,177140,178151,0.57
July 31 2017,Pacific,WA,Truck,0,0,0,7722,7722,0.00
July 31 2017,Palm Beach,FL,Passenger,0,1,1,86,87,1.15
July 31 2017,Wahkiakum,WA,Truck,0,0,0,1721,1721,0.00
July 31 2017,Skagit,WA,Truck,1,0,1,32534,32535,0.00
July 31 2017,Walla Walla,WA,Passenger,27,26,53,35728,35781,0.15
July 31 2017,Pinal,AZ,Passenger,2,1,3,205,208,1.44
July 31 2017,Sangamon,IL,Passenger,1,0,1,11,12,8.33
July 31 2017,Whitman,WA,Truck,0,0,0,8720,8720,0.00
July 31 2017,Polk,FL,Passenger,1,0,1,62,63,1.59
July 31 2017,Twin Falls,ID,Passenger,0,1,1,23,24,4.17
July 31 2017,Skamania,WA,Truck,0,0,0,4085,4085,0.00
July 31 2017,Lumpkin,GA,Passenger,1,0,1,10,11,9.09
August 31 2017,Cowlitz,WA,Truck,0,0,0,28946,28946,0.00
July 31 2017,Mason,WA,Passenger,67,73,140,44704,44844,0.31
July 31 2017,Spokane,WA,Passenger,286,254,540,303294,303834,0.18
August 31 2017,,CA,Passenger,1,0,1,354,355,0.28
July 31 2017,Spokane,WA,Truck,1,0,1,94115,94116,0.00
July 31 2017,Volusia,FL,Passenger,0,1,1,45,46,2.17
July 31 2017,Mason,WA,Truck,0,0,0,20003,20003,0.00
July 31 2017,Miami-Dade,FL,Passenger,0,1,1,132,133,0.75
August 31 2017,Adams,WA,Passenger,4,3,7,12641,12648,0.06
July 31 2017,Missoula,MT,Passenger,1,0,1,67,68,1.47
July 31 2017,Tarrant,TX,Passenger,1,0,1,238,239,0.42
August 31 2017,Arlington,VA,Passenger,1,2,3,165,168,1.79
July 31 2017,Thurston,WA,Passenger,460,376,836,190812,191648,0.44
July 31 2017,Washoe,NV,Passenger,1,0,1,123,124,0.81
July 31 2017,Moore,NC,Passenger,0,1,1,203,204,0.49
July 31 2017,Wayne,MI,Passenger,0,1,1,68,69,1.45
August 31 2017,Benton,WA,Truck,0,0,0,41592,41592,0.00
July 31 2017,Tulare,CA,Passenger,1,0,1,200,201,0.50
July 31 2017,Montgomery,TN,Passenger,1,0,1,271,272,0.37
July 31 2017,Walla Walla,WA,Truck,0,0,0,13676,13676,0.00
August 31 2017,Benton,WA,Passenger,167,154,321,132068,132389,0.24
July 31 2017,Skamania,WA,Passenger,9,7,16,8799,8815,0.18
July 31 2017,Whatcom,WA,Truck,2,0,2,42908,42910,0.00
July 31 2017,Norfolk City,VA,Passenger,2,1,3,336,339,0.88
August 31 2017,District Of Columbia,DC,Passenger,0,3,3,208,211,1.42
July 31 2017,Nueces,TX,Passenger,0,1,1,100,101,0.99
July 31 2017,Sumter,FL,Passenger,0,1,1,9,10,10.00
July 31 2017,Orange,CA,Passenger,3,1,4,660,664,0.60
August 31 2017,Duval,FL,Passenger,1,1,2,372,374,0.53
August 31 2017,,,Passenger,9,4,13,2413,2426,0.54
July 31 2017,Pend Oreille,WA,Passenger,4,4,8,9720,9728,0.08
August 31 2017,Anne Arundel,MD,Passenger,0,2,2,515,517,0.39
August 31 2017,Charles,MD,Passenger,0,1,1,86,87,1.15
July 31 2017,Orleans,LA,Passenger,0,1,1,47,48,2.08
August 31 2017,Adams,WA,Truck,0,0,0,5359,5359,0.00
August 31 2017,Asotin,WA,Passenger,8,6,14,12764,12778,0.11
August 31 2017,Asotin,WA,Truck,0,0,0,6760,6760,0.00
July 31 2017,Travis,TX,Passenger,0,1,1,190,191,0.52
August 31 2017,Alexandria City,VA,Passenger,2,0,2,182,184,1.09
August 31 2017,Flathead,MT,Passenger,1,0,1,59,60,1.67
August 31 2017,Clallam,WA,Truck,0,0,0,21690,21690,0.00
August 31 2017,Clallam,WA,Passenger,104,84,188,49624,49812,0.38
July 31 2017,Wahkiakum,WA,Passenger,1,2,3,2903,2906,0.10
August 31 2017,Clark,NV,Passenger,1,1,2,771,773,0.26
August 31 2017,Franklin,WA,Passenger,32,49,81,57383,57464,0.14
August 31 2017,Fulton,GA,Passenger,1,1,2,102,104,1.92
August 31 2017,Columbia,WA,Truck,0,0,0,1613,1613,0.00
August 31 2017,Garfield,WA,Passenger,1,0,1,1345,1346,0.07
July 31 2017,Santa Fe,NM,Passenger,0,1,1,42,43,2.33
August 31 2017,Grant,WA,Truck,0,0,0,26489,26489,0.00
August 31 2017,Grays Harbor,WA,Truck,0,0,0,20591,20591,0.00
July 31 2017,Whatcom,WA,Passenger,499,196,695,146048,146743,0.47
August 31 2017,Dakota,MN,Passenger,0,1,1,33,34,2.94
August 31 2017,Dallas,TX,Passenger,0,1,1,177,178,0.56
August 31 2017,Dale,AL,Passenger,0,1,1,68,69,1.45
August 31 2017,Dekalb,IN,Passenger,1,0,1,1,2,50.00
July 31 2017,Santa Rosa,FL,Passenger,1,0,1,107,108,0.93
August 31 2017,Fairfax City,VA,Passenger,1,0,1,6,7,14.29
July 31 2017,Stevens,WA,Passenger,9,25,34,32490,32524,0.10
August 31 2017,Columbia,GA,Passenger,1,0,1,175,176,0.57
August 31 2017,Kent,MI,Passenger,0,1,1,37,38,2.63
August 31 2017,King,WA,Truck,8,1,9,192089,192098,0.00
August 31 2017,Glacier,MT,Passenger,0,1,1,3,4,25.00
July 31 2017,Tuolumne,CA,Passenger,0,1,1,12,13,7.69
July 31 2017,Utah,UT,Passenger,0,1,1,143,144,0.69
August 31 2017,Grays Harbor,WA,Passenger,43,41,84,46093,46177,0.18
August 31 2017,Lewis,WA,Truck,0,0,0,26015,26015,0.00
August 31 2017,Charlottesville City,VA,Passenger,0,1,1,11,12,8.33
August 31 2017,Hamilton,TN,Passenger,1,0,1,17,18,5.56
August 31 2017,Howard,MD,Passenger,0,1,1,100,101,0.99
August 31 2017,Chelan,WA,Truck,0,0,0,22116,22116,0.00
August 31 2017,Ferry,WA,Passenger,2,1,3,4584,4587,0.07
August 31 2017,Ferry,WA,Truck,0,0,0,3755,3755,0.00
August 31 2017,Hardin,KY,Passenger,0,1,1,123,124,0.81
August 31 2017,El Paso,CO,Passenger,1,0,1,790,791,0.13
August 31 2017,Maui,HI,Passenger,1,0,1,72,73,1.37
August 31 2017,Franklin,WA,Truck,0,0,0,18919,18919,0.00
July 31 2017,Yakima,WA,Truck,0,0,0,60066,60066,0.00
August 31 2017,Gallatin,MT,Passenger,0,1,1,66,67,1.49
August 31 2017,Frederick,MD,Passenger,0,1,1,86,87,1.15
August 31 2017,Montgomery,PA,Passenger,1,0,1,36,37,2.70
August 31 2017,Jefferson,NY,Passenger,1,0,1,261,262,0.38
July 31 2017,Yakima,WA,Passenger,56,69,125,164501,164626,0.08
August 31 2017,Kittitas,WA,Truck,0,0,0,14136,14136,0.00
August 31 2017,Klickitat,WA,Truck,0,0,0,8278,8278,0.00
August 31 2017,Deschutes,OR,Passenger,1,0,1,187,188,0.53
August 31 2017,Allegheny,PA,Passenger,1,0,1,81,82,1.22
August 31 2017,Larimer,CO,Passenger,0,1,1,71,72,1.39
August 31 2017,Honolulu,HI,Passenger,4,1,5,559,564,0.89
August 31 2017,Manatee,FL,Passenger,1,0,1,37,38,2.63
August 31 2017,Marion,OR,Passenger,1,0,1,141,142,0.70
August 31 2017,Franklin,OH,Passenger,0,1,1,114,115,0.87
August 31 2017,Garfield,WA,Truck,0,0,0,961,961,0.00
August 31 2017,Camden,GA,Passenger,0,1,1,186,187,0.53
August 31 2017,Saint Clair,IL,Passenger,0,1,1,176,177,0.56
August 31 2017,Multnomah,OR,Passenger,1,3,4,941,945,0.42
August 31 2017,Sangamon,IL,Passenger,1,0,1,11,12,8.33
August 31 2017,Lane,OR,Passenger,0,1,1,226,227,0.44
August 31 2017,Nassau,NY,Passenger,1,1,2,38,40,5.00
August 31 2017,Clark,WA,Passenger,850,563,1413,306969,308382,0.46
August 31 2017,Chelan,WA,Passenger,73,37,110,53664,53774,0.20
August 31 2017,Latah,ID,Passenger,0,1,1,89,90,1.11
August 31 2017,Okaloosa,FL,Passenger,1,0,1,181,182,0.55
August 31 2017,Orange,FL,Passenger,1,1,2,146,148,1.35
August 31 2017,Orleans,LA,Passenger,0,1,1,45,46,2.17
August 31 2017,Jackson,MO,Passenger,1,0,1,55,56,1.79
August 31 2017,Snohomish,WA,Passenger,1947,1037,2984,523607,526591,0.57
August 31 2017,Madison,ID,Passenger,1,0,1,37,38,2.63
August 31 2017,Spokane,WA,Truck,1,0,1,94393,94394,0.00
August 31 2017,Clark,WA,Truck,0,0,0,80371,80371,0.00
August 31 2017,Ozaukee,WI,Passenger,0,1,1,3,4,25.00
August 31 2017,Columbia,WA,Passenger,1,1,2,2410,2412,0.08
August 31 2017,Stevens,WA,Passenger,10,24,34,32628,32662,0.10
August 31 2017,Maricopa,AZ,Passenger,3,0,3,1587,1590,0.19
August 31 2017,Pierce,WA,Truck,0,0,0,141738,141738,0.00
August 31 2017,Pend Oreille,WA,Passenger,4,4,8,9774,9782,0.08
August 31 2017,Cobb,GA,Passenger,0,1,1,64,65,1.54
August 31 2017,Thurston,WA,Passenger,470,386,856,191682,192538,0.44
August 31 2017,Kitsap,WA,Passenger,693,353,1046,177705,178751,0.59
August 31 2017,Cowlitz,WA,Passenger,56,73,129,71549,71678,0.18
August 31 2017,Riverside,CA,Passenger,0,2,2,771,773,0.26
August 31 2017,Mason,WA,Passenger,74,75,149,45024,45173,0.33
August 31 2017,Tuolumne,CA,Passenger,0,1,1,12,13,7.69
August 31 2017,Missoula,MT,Passenger,1,0,1,65,66,1.52
August 31 2017,Miami-Dade,FL,Passenger,0,1,1,131,132,0.76
August 31 2017,Sacramento,CA,Passenger,1,0,1,350,351,0.28
August 31 2017,Dekalb,GA,Passenger,1,0,1,83,84,1.19
August 31 2017,Monterey,CA,Passenger,0,2,2,206,208,0.96
August 31 2017,Lewis,WA,Passenger,60,48,108,57232,57340,0.19
August 31 2017,Saint Lucie,FL,Passenger,1,0,1,27,28,3.57
August 31 2017,Lincoln,WA,Passenger,3,6,9,7825,7834,0.11
August 31 2017,San Juan,WA,Truck,0,0,0,5786,5786,0.00
August 31 2017,Moore,NC,Passenger,0,1,1,204,205,0.49
August 31 2017,Montgomery,TN,Passenger,1,0,1,268,269,0.37
August 31 2017,Douglas,WA,Passenger,35,27,62,27502,27564,0.22
August 31 2017,Douglas,WA,Truck,0,0,0,11966,11966,0.00
August 31 2017,Santa Clara,CA,Passenger,5,2,7,391,398,1.76
August 31 2017,New Castle,DE,Passenger,1,0,1,23,24,4.17
August 31 2017,Lumpkin,GA,Passenger,1,0,1,10,11,9.09
August 31 2017,Norfolk City,VA,Passenger,2,1,3,334,337,0.89
August 31 2017,Hamilton,IN,Passenger,1,0,1,55,56,1.79
August 31 2017,Fairfax,VA,Passenger,1,3,4,845,849,0.47
August 31 2017,Manassas City,VA,Passenger,0,1,1,8,9,11.11
August 31 2017,Nueces,TX,Passenger,0,1,1,99,100,1.00
August 31 2017,Okanogan,WA,Truck,0,0,0,4459,4459,0.00
September 30 2017,Adams,WA,Truck,0,0,0,5374,5374,0.00
August 31 2017,Mason,WA,Truck,0,0,0,20074,20074,0.00
August 31 2017,Sumter,FL,Passenger,0,1,1,9,10,10.00
August 31 2017,Jefferson,WA,Passenger,117,69,186,24492,24678,0.75
August 31 2017,Grant,WA,Passenger,21,37,58,63133,63191,0.09
August 31 2017,Pinal,AZ,Passenger,2,1,3,201,204,1.47
August 31 2017,Travis,TX,Passenger,0,1,1,195,196,0.51
August 31 2017,Volusia,FL,Passenger,0,1,1,44,45,2.22
August 31 2017,Gwinnett,GA,Passenger,0,1,1,88,89,1.12
September 30 2017,Benton,WA,Passenger,170,158,328,132372,132700,0.25
August 31 2017,Wahkiakum,WA,Passenger,2,2,4,2896,2900,0.14
August 31 2017,King,WA,Passenger,10739,4599,15338,1395831,1411169,1.09
August 31 2017,Kittitas,WA,Passenger,31,21,52,28688,28740,0.18
August 31 2017,Okanogan,WA,Passenger,0,4,4,6503,6507,0.06
August 31 2017,Orange,CA,Passenger,3,1,4,643,647,0.62
August 31 2017,Klickitat,WA,Passenger,26,26,52,15201,15253,0.34
August 31 2017,Island,WA,Passenger,136,160,296,61995,62291,0.48
August 31 2017,San Juan,WA,Passenger,114,42,156,14051,14207,1.10
August 31 2017,Island,WA,Truck,0,0,0,21193,21193,0.00
August 31 2017,San Mateo,CA,Passenger,0,1,1,150,151,0.66
August 31 2017,Yakima,WA,Truck,0,0,0,60256,60256,0.00
August 31 2017,Santa Fe,NM,Passenger,0,1,1,41,42,2.38
August 31 2017,Pierce,WA,Passenger,1147,936,2083,536049,538132,0.39
August 31 2017,San Diego,CA,Passenger,5,3,8,2719,2727,0.29
September 30 2017,Asotin,WA,Truck,0,0,0,6755,6755,0.00
August 31 2017,Jefferson,WA,Truck,0,0,0,9722,9722,0.00
September 30 2017,Bexar,TX,Passenger,2,1,3,834,837,0.36
August 31 2017,Shelby,TN,Passenger,0,1,1,112,113,0.88
August 31 2017,Juneau,AK,Passenger,0,1,1,41,42,2.38
August 31 2017,Kent,DE,Passenger,0,1,1,71,72,1.39
August 31 2017,Kitsap,WA,Truck,1,0,1,54187,54188,0.00
August 31 2017,Riley,KS,Passenger,1,0,1,97,98,1.02
August 31 2017,Knox,TN,Passenger,1,0,1,40,41,2.44
September 30 2017,Dekalb,GA,Passenger,1,0,1,82,83,1.20
August 31 2017,Northampton,PA,Passenger,0,1,1,101,102,0.98
August 31 2017,Utah,UT,Passenger,0,1,1,140,141,0.71
September 30 2017,Chelan,WA,Passenger,76,38,114,53902,54016,0.21
August 31 2017,Okanogan,,Passenger,5,14,19,20039,20058,0.09
August 31 2017,Santa Rosa,FL,Passenger,1,0,1,104,105,0.95
September 30 2017,Frederick,MD,Passenger,0,1,1,87,88,1.14
August 31 2017,Lincoln,WA,Truck,0,0,0,4639,4639,0.00
September 30 2017,Clark,WA,Passenger,876,578,1454,307771,309225,0.47
August 31 2017,Pacific,WA,Passenger,17,10,27,15557,15584,0.17
September 30 2017,Clay,FL,Passenger,0,1,1,110,111,0.90
August 31 2017,Pend Oreille,WA,Truck,0,0,0,5876,5876,0.00
August 31 2017,Los Angeles,CA,Passenger,2,2,4,1268,1272,0.31
September 30 2017,Cobb,GA,Passenger,0,1,1,61,62,1.61
September 30 2017,Clark,WA,Truck,0,0,0,80377,80377,0.00
August 31 2017,Yakima,WA,Passenger,62,74,136,165063,165199,0.08
August 31 2017,Thurston,WA,Truck,0,0,0,55143,55143,0.00
August 31 2017,Marin,CA,Passenger,1,0,1,57,58,1.72
August 31 2017,Prince William,VA,Passenger,0,3,3,270,273,1.10
September 30 2017,Alameda,CA,Passenger,0,1,1,348,349,0.29
September 30 2017,Cowlitz,WA,Passenger,61,75,136,71821,71957,0.19
September 30 2017,,,Passenger,9,2,11,2395,2406,0.46
August 31 2017,Ramsey,MN,Passenger,1,0,1,34,35,2.86
September 30 2017,Adams,WA,Passenger,4,3,7,12719,12726,0.06
September 30 2017,Anne Arundel,MD,Passenger,0,2,2,510,512,0.39
September 30 2017,Asotin,WA,Passenger,7,6,13,12795,12808,0.10
August 31 2017,Montgomery,MD,Passenger,1,3,4,313,317,1.26
September 30 2017,Douglas,WA,Truck,0,0,0,11983,11983,0.00
August 31 2017,Russell,AL,Passenger,1,0,1,52,53,1.89
September 30 2017,Arlington,VA,Passenger,1,2,3,162,165,1.82
September 30 2017,Fairfax,VA,Passenger,1,3,4,847,851,0.47
September 30 2017,Ferry,WA,Truck,0,0,0,3756,3756,0.00
August 31 2017,Pacific,WA,Truck,0,0,0,7745,7745,0.00
August 31 2017,Skagit,WA,Passenger,152,128,280,90510,90790,0.31
August 31 2017,Palm Beach,FL,Passenger,0,1,1,88,89,1.12
August 31 2017,Skagit,WA,Truck,1,0,1,32585,32586,0.00
September 30 2017,Franklin,WA,Truck,0,0,0,18950,18950,0.00
August 31 2017,Skamania,WA,Truck,0,0,0,4092,4092,0.00
August 31 2017,Pima,AZ,Passenger,0,2,2,413,415,0.48
August 31 2017,Snohomish,WA,Truck,1,0,1,125819,125820,0.00
September 30 2017,Fulton,GA,Passenger,1,1,2,103,105,1.90
September 30 2017,Alexandria City,VA,Passenger,2,0,2,178,180,1.11
September 30 2017,Gallatin,MT,Passenger,0,1,1,62,63,1.59
September 30 2017,Canyon,ID,Passenger,0,1,1,84,85,1.18
September 30 2017,Grant,WA,Passenger,22,38,60,63422,63482,0.09
August 31 2017,Stevens,WA,Truck,0,0,0,19136,19136,0.00
September 30 2017,Garfield,WA,Passenger,1,0,1,1338,1339,0.07
August 31 2017,Polk,FL,Passenger,1,0,1,63,64,1.56
September 30 2017,Gwinnett,GA,Passenger,0,1,1,87,88,1.14
September 30 2017,Charlottesville City,VA,Passenger,0,1,1,11,12,8.33
August 31 2017,Tarrant,TX,Passenger,1,0,1,228,229,0.44
September 30 2017,Chelan,WA,Truck,0,0,0,22164,22164,0.00
September 30 2017,Latah,ID,Passenger,0,1,1,89,90,1.11
September 30 2017,Hamilton,IN,Passenger,1,0,1,54,55,1.82
September 30 2017,Clark,NV,Passenger,1,1,2,751,753,0.27
August 31 2017,Twin Falls,ID,Passenger,0,1,1,22,23,4.35
September 30 2017,Honolulu,HI,Passenger,3,1,4,560,564,0.71
September 30 2017,Columbia,GA,Passenger,1,0,1,173,174,0.57
August 31 2017,Virginia Beach City,VA,Passenger,1,1,2,645,647,0.31
September 30 2017,Columbia,WA,Truck,0,0,0,1630,1630,0.00
September 30 2017,Los Angeles,CA,Passenger,4,2,6,1250,1256,0.48
August 31 2017,Wahkiakum,WA,Truck,0,0,0,1720,1720,0.00
September 30 2017,Island,WA,Passenger,142,160,302,62289,62591,0.48
September 30 2017,Marin,CA,Passenger,1,0,1,57,58,1.72
September 30 2017,Island,WA,Truck,0,0,0,21258,21258,0.00
September 30 2017,Mason,WA,Passenger,76,76,152,45280,45432,0.33
September 30 2017,Jefferson,WA,Truck,0,0,0,9709,9709,0.00
August 31 2017,Saratoga,NY,Passenger,0,1,1,71,72,1.39
September 30 2017,Juneau,AK,Passenger,0,1,1,42,43,2.33
August 31 2017,Washoe,NV,Passenger,1,0,1,125,126,0.79
September 30 2017,Dale,AL,Passenger,0,1,1,69,70,1.43
September 30 2017,Cowlitz,WA,Truck,0,0,0,29002,29002,0.00
September 30 2017,Miami-Dade,FL,Passenger,0,1,1,127,128,0.78
September 30 2017,Dallas,TX,Passenger,0,1,1,175,176,0.57
September 30 2017,Dekalb,IN,Passenger,1,0,1,1,2,50.00
August 31 2017,Skamania,WA,Passenger,11,7,18,8826,8844,0.20
August 31 2017,Whatcom,WA,Truck,2,0,2,43025,43027,0.00
September 30 2017,Klickitat,WA,Truck,0,0,0,8294,8294,0.00
August 31 2017,Spokane,WA,Passenger,298,260,558,304313,304871,0.18
September 30 2017,Deschutes,OR,Passenger,1,0,1,186,187,0.53
August 31 2017,Whitman,WA,Truck,0,0,0,8741,8741,0.00
September 30 2017,Kent,MI,Passenger,0,1,1,35,36,2.78
September 30 2017,Knox,TN,Passenger,1,0,1,41,42,2.38
September 30 2017,Klickitat,WA,Passenger,27,28,55,15196,15251,0.36
September 30 2017,Columbia,WA,Passenger,1,1,2,2437,2439,0.08
September 30 2017,El Paso,CO,Passenger,1,0,1,786,787,0.13
September 30 2017,Okanogan,,Passenger,6,14,20,20078,20098,0.10
September 30 2017,El Paso,TX,Passenger,1,0,1,564,565,0.18
August 31 2017,Tulare,CA,Passenger,1,0,1,203,204,0.49
September 30 2017,Lincoln,WA,Truck,0,0,0,4659,4659,0.00
September 30 2017,Palm Beach,FL,Passenger,0,1,1,86,87,1.15
September 30 2017,Madison,ID,Passenger,1,0,1,37,38,2.63
August 31 2017,Walla Walla,WA,Passenger,27,27,54,35841,35895,0.15
August 31 2017,Walla Walla,WA,Truck,0,0,0,13697,13697,0.00
September 30 2017,Franklin,WA,Passenger,37,50,87,57661,57748,0.15
September 30 2017,Pinal,AZ,Passenger,2,0,2,201,203,0.99
September 30 2017,Ferry,WA,Passenger,2,1,3,4566,4569,0.07
September 30 2017,Camden,GA,Passenger,0,1,1,182,183,0.55
August 31 2017,Wayne,MI,Passenger,0,1,1,65,66,1.52
September 30 2017,Ramsey,MN,Passenger,1,0,1,35,36,2.78
September 30 2017,Grant,WA,Truck,0,0,0,26576,26576,0.00
August 31 2017,Whatcom,WA,Passenger,510,199,709,146507,147216,0.48
September 30 2017,Missoula,MT,Passenger,1,0,1,65,66,1.52
August 31 2017,Whitman,WA,Passenger,11,24,35,22685,22720,0.15
September 30 2017,Montgomery,MD,Passenger,1,3,4,311,315,1.27
September 30 2017,Monterey,CA,Passenger,0,2,2,207,209,0.96
September 30 2017,Grays Harbor,WA,Passenger,45,43,88,46279,46367,0.19
September 30 2017,Grays Harbor,WA,Truck,0,0,0,20628,20628,0.00
September 30 2017,Moore,NC,Passenger,0,1,1,205,206,0.49
September 30 2017,,CA,Passenger,1,1,2,331,333,0.60
September 30 2017,Nueces,TX,Passenger,0,1,1,99,100,1.00
September 30 2017,Hamilton,TN,Passenger,1,0,1,19,20,5.00
September 30 2017,Allegheny,PA,Passenger,1,0,1,80,81,1.23
September 30 2017,Hardin,KY,Passenger,0,1,1,118,119,0.84
September 30 2017,Okanogan,WA,Truck,0,0,0,4442,4442,0.00
September 30 2017,Pacific,WA,Truck,0,0,0,7746,7746,0.00
September 30 2017,Skagit,WA,Truck,1,0,1,32631,32632,0.00
September 30 2017,Pima,AZ,Passenger,0,1,1,411,412,0.24
September 30 2017,Snohomish,WA,Truck,1,0,1,125722,125723,0.00
September 30 2017,Benton,WA,Truck,0,0,0,41716,41716,0.00
September 30 2017,Polk,FL,Passenger,1,0,1,62,63,1.59
September 30 2017,District Of Columbia,DC,Passenger,0,3,3,207,210,1.43
September 30 2017,Prince William,VA,Passenger,0,3,3,270,273,1.10
September 30 2017,Liberty,GA,Passenger,1,0,1,158,159,0.63
September 30 2017,King,WA,Passenger,10983,4674,15657,1396902,1412559,1.11
September 30 2017,King,WA,Truck,8,1,9,191831,191840,0.00
September 30 2017,Franklin,OH,Passenger,0,1,1,113,114,0.88
September 30 2017,San Mateo,CA,Passenger,0,1,1,148,149,0.67
September 30 2017,Garfield,WA,Truck,0,0,0,966,966,0.00
September 30 2017,Lane,OR,Passenger,0,1,1,223,224,0.45
September 30 2017,Charles,MD,Passenger,0,1,1,85,86,1.16
September 30 2017,Larimer,CO,Passenger,0,1,1,68,69,1.45
September 30 2017,Manassas City,VA,Passenger,0,1,1,8,9,11.11
September 30 2017,Washoe,NV,Passenger,1,0,1,122,123,0.81
September 30 2017,Manatee,FL,Passenger,1,0,1,37,38,2.63
September 30 2017,Santa Fe,NM,Passenger,0,1,1,40,41,2.44
September 30 2017,Saratoga,NY,Passenger,0,1,1,70,71,1.41
September 30 2017,Lewis,WA,Passenger,58,48,106,57467,57573,0.18
September 30 2017,Clallam,WA,Passenger,103,88,191,49695,49886,0.38
September 30 2017,Lewis,WA,Truck,0,0,0,26135,26135,0.00
September 30 2017,Clallam,WA,Truck,0,0,0,21721,21721,0.00
October 31 2017,,CA,Passenger,1,1,2,316,318,0.63
September 30 2017,Lumpkin,GA,Passenger,1,0,1,10,11,9.09
September 30 2017,Jefferson,WA,Passenger,121,70,191,24556,24747,0.77
September 30 2017,Tarrant,TX,Passenger,1,0,1,228,229,0.44
September 30 2017,Maricopa,AZ,Passenger,3,0,3,1548,1551,0.19
September 30 2017,Spokane,WA,Passenger,306,268,574,305250,305824,0.19
October 31 2017,Allegheny,PA,Passenger,1,0,1,81,82,1.22
September 30 2017,Multnomah,OR,Passenger,1,3,4,929,933,0.43
September 30 2017,Dakota,MN,Passenger,0,1,1,33,34,2.94
September 30 2017,Kitsap,WA,Passenger,714,361,1075,178281,179356,0.60
September 30 2017,Kittitas,WA,Passenger,36,21,57,28796,28853,0.20
September 30 2017,Okaloosa,FL,Passenger,1,0,1,183,184,0.54
September 30 2017,Walla Walla,WA,Truck,0,0,0,13752,13752,0.00
September 30 2017,Okanogan,WA,Passenger,0,4,4,6493,6497,0.06
September 30 2017,Tulare,CA,Passenger,1,0,1,203,204,0.49
September 30 2017,Douglas,WA,Passenger,35,29,64,27609,27673,0.23
September 30 2017,Montgomery,PA,Passenger,1,0,1,33,34,2.94
September 30 2017,Lincoln,WA,Passenger,4,7,11,7828,7839,0.14
September 30 2017,Utah,UT,Passenger,0,1,1,138,139,0.72
September 30 2017,Montgomery,TN,Passenger,1,0,1,264,265,0.38
September 30 2017,Duval,FL,Passenger,1,1,2,367,369,0.54
September 30 2017,Orange,FL,Passenger,1,1,2,145,147,1.36
September 30 2017,Yakima,WA,Passenger,66,76,142,165566,165708,0.09
September 30 2017,New Castle,DE,Passenger,1,0,1,23,24,4.17
September 30 2017,Ozaukee,WI,Passenger,0,1,1,2,3,33.33
September 30 2017,Norfolk City,VA,Passenger,2,1,3,335,338,0.89
September 30 2017,Fairfax City,VA,Passenger,1,0,1,8,9,11.11
October 31 2017,Adams,WA,Truck,0,0,0,5385,5385,0.00
September 30 2017,Oklahoma,OK,Passenger,0,1,1,134,135,0.74
September 30 2017,Mason,WA,Truck,0,0,0,20116,20116,0.00
September 30 2017,Northampton,PA,Passenger,0,1,1,87,88,1.14
September 30 2017,Wayne,MI,Passenger,0,1,1,66,67,1.49
September 30 2017,Flathead,MT,Passenger,1,0,1,57,58,1.72
September 30 2017,Maui,HI,Passenger,1,0,1,72,73,1.37
September 30 2017,Whitman,WA,Passenger,12,25,37,22770,22807,0.16
September 30 2017,Orange,CA,Passenger,3,1,4,639,643,0.62
September 30 2017,Pierce,WA,Passenger,1170,971,2141,536536,538677,0.40
September 30 2017,Pierce,WA,Truck,0,0,0,141609,141609,0.00
October 31 2017,Arlington,VA,Passenger,1,2,3,166,169,1.78
September 30 2017,Pacific,WA,Passenger,19,10,29,15584,15613,0.19
September 30 2017,Glacier,MT,Passenger,0,1,1,3,4,25.00
October 31 2017,Benton,WA,Truck,0,0,0,41844,41844,0.00
October 31 2017,Alameda,CA,Passenger,0,1,1,350,351,0.28
September 30 2017,Riverside,CA,Passenger,0,2,2,754,756,0.26
September 30 2017,Saint Clair,IL,Passenger,0,1,1,173,174,0.57
September 30 2017,Pend Oreille,WA,Truck,0,0,0,5882,5882,0.00
September 30 2017,Howard,MD,Passenger,0,1,1,102,103,0.97
September 30 2017,San Juan,WA,Passenger,118,45,163,14094,14257,1.14
September 30 2017,Sangamon,IL,Passenger,1,0,1,11,12,8.33
September 30 2017,Saint Lucie,FL,Passenger,1,0,1,26,27,3.70
October 31 2017,Dekalb,GA,Passenger,1,0,1,84,85,1.18
October 31 2017,Charles,MD,Passenger,0,1,1,85,86,1.16
September 30 2017,Jefferson,NY,Passenger,1,0,1,259,260,0.38
September 30 2017,San Diego,CA,Passenger,5,3,8,2703,2711,0.30
September 30 2017,San Juan,WA,Truck,0,0,0,5801,5801,0.00
September 30 2017,Riley,KS,Passenger,1,0,1,95,96,1.04
September 30 2017,Spokane,WA,Truck,1,0,1,94617,94618,0.00
September 30 2017,Santa Clara,CA,Passenger,5,2,7,384,391,1.79
September 30 2017,Kent,DE,Passenger,0,1,1,71,72,1.39
September 30 2017,Russell,AL,Passenger,1,0,1,51,52,1.92
September 30 2017,Sacramento,CA,Passenger,1,0,1,336,337,0.30
September 30 2017,Kitsap,WA,Truck,1,0,1,54246,54247,0.00
September 30 2017,Kittitas,WA,Truck,0,0,0,14192,14192,0.00
September 30 2017,Shelby,TN,Passenger,0,1,1,113,114,0.88
September 30 2017,Skagit,WA,Passenger,165,136,301,90739,91040,0.33
October 31 2017,Clallam,WA,Truck,0,0,0,21785,21785,0.00
October 31 2017,Franklin,WA,Truck,0,0,0,19027,19027,0.00
September 30 2017,Thurston,WA,Passenger,491,391,882,192231,193113,0.46
October 31 2017,Camden,GA,Passenger,0,1,1,180,181,0.55
September 30 2017,Skamania,WA,Truck,0,0,0,4087,4087,0.00
September 30 2017,Thurston,WA,Truck,0,0,0,55209,55209,0.00
October 31 2017,Clark,WA,Passenger,904,593,1497,308724,310221,0.48
October 31 2017,Gallatin,MT,Passenger,0,1,1,60,61,1.64
October 31 2017,Garfield,WA,Truck,0,0,0,969,969,0.00
September 30 2017,Santa Rosa,FL,Passenger,1,0,1,104,105,0.95
September 30 2017,Twin Falls,ID,Passenger,0,1,1,22,23,4.35
September 30 2017,Snohomish,WA,Passenger,2023,1068,3091,524572,527663,0.59
September 30 2017,Marion,OR,Passenger,1,0,1,137,138,0.72
October 31 2017,Hamilton,TN,Passenger,1,0,1,19,20,5.00
September 30 2017,Virginia Beach City,VA,Passenger,1,1,2,657,659,0.30
September 30 2017,Wahkiakum,WA,Truck,0,0,0,1728,1728,0.00
September 30 2017,Stevens,WA,Passenger,10,24,34,32663,32697,0.10
September 30 2017,Volusia,FL,Passenger,0,1,1,41,42,2.38
October 31 2017,Columbia,GA,Passenger,1,0,1,172,173,0.58
September 30 2017,Stevens,WA,Truck,0,0,0,19176,19176,0.00
October 31 2017,El Paso,CO,Passenger,1,0,1,781,782,0.13
September 30 2017,Whatcom,WA,Truck,2,0,2,43107,43109,0.00
September 30 2017,Nassau,NY,Passenger,1,1,2,38,40,5.00
October 31 2017,Dale,AL,Passenger,0,1,1,68,69,1.45
September 30 2017,Tuolumne,CA,Passenger,0,1,1,12,13,7.69
October 31 2017,Jefferson,WA,Passenger,126,73,199,24628,24827,0.80
October 31 2017,Dekalb,IN,Passenger,1,0,1,1,2,50.00
October 31 2017,Alexandria City,VA,Passenger,2,0,2,175,177,1.13
October 31 2017,,,Passenger,9,2,11,2382,2393,0.46
October 31 2017,Kent,DE,Passenger,0,1,1,72,73,1.37
October 31 2017,Adams,WA,Passenger,4,3,7,12746,12753,0.05
October 31 2017,District Of Columbia,DC,Passenger,0,4,4,208,212,1.89
October 31 2017,Franklin,OH,Passenger,0,1,1,113,114,0.88
September 30 2017,Orleans,LA,Passenger,0,1,1,46,47,2.13
October 31 2017,Anne Arundel,MD,Passenger,0,2,2,501,503,0.40
October 31 2017,Kittitas,WA,Truck,0,0,0,14238,14238,0.00
October 31 2017,Frederick,MD,Passenger,0,1,1,87,88,1.14
October 31 2017,Benton,WA,Passenger,173,163,336,132546,132882,0.25
October 31 2017,Asotin,WA,Passenger,7,6,13,12807,12820,0.10
September 30 2017,Whitman,WA,Truck,0,0,0,8724,8724,0.00
September 30 2017,Pend Oreille,WA,Passenger,4,4,8,9793,9801,0.08
October 31 2017,Ferry,WA,Passenger,2,1,3,4581,4584,0.07
October 31 2017,Asotin,WA,Truck,0,0,0,6773,6773,0.00
October 31 2017,Los Angeles,CA,Passenger,4,2,6,1236,1242,0.48
October 31 2017,Grays Harbor,WA,Truck,0,0,0,20670,20670,0.00
October 31 2017,Madison,ID,Passenger,1,0,1,37,38,2.63
October 31 2017,Clallam,WA,Passenger,104,91,195,49801,49996,0.39
October 31 2017,Canyon,ID,Passenger,0,1,1,85,86,1.16
October 31 2017,Marin,CA,Passenger,1,0,1,55,56,1.79
October 31 2017,Jefferson,NY,Passenger,1,0,1,256,257,0.39
October 31 2017,Dakota,MN,Passenger,0,1,1,34,35,2.86
October 31 2017,Klickitat,WA,Passenger,27,29,56,15238,15294,0.37
September 30 2017,Skamania,WA,Passenger,11,7,18,8837,8855,0.20
October 31 2017,Monterey,CA,Passenger,0,2,2,203,205,0.98
September 30 2017,Sumter,FL,Passenger,0,1,1,9,10,10.00
October 31 2017,Clark,WA,Truck,0,0,0,80620,80620,0.00
October 31 2017,Latah,ID,Passenger,0,1,1,82,83,1.20
September 30 2017,Travis,TX,Passenger,0,1,1,190,191,0.52
October 31 2017,Liberty,GA,Passenger,1,0,1,158,159,0.63
October 31 2017,Lincoln,WA,Passenger,4,6,10,7839,7849,0.13
October 31 2017,Douglas,WA,Passenger,36,32,68,27654,27722,0.25
October 31 2017,Palm Beach,FL,Passenger,0,1,1,86,87,1.15
October 31 2017,Fairfax City,VA,Passenger,1,0,1,8,9,11.11
October 31 2017,Kittitas,WA,Passenger,37,23,60,28935,28995,0.21
September 30 2017,Wahkiakum,WA,Passenger,2,2,4,2902,2906,0.14
October 31 2017,Columbia,WA,Truck,0,0,0,1616,1616,0.00
October 31 2017,Lane,OR,Passenger,0,1,1,219,220,0.45
September 30 2017,Walla Walla,WA,Passenger,27,28,55,35888,35943,0.15
October 31 2017,Cowlitz,WA,Passenger,64,76,140,72006,72146,0.19
October 31 2017,Fairfax,VA,Passenger,1,3,4,843,847,0.47
October 31 2017,Duval,FL,Passenger,1,1,2,367,369,0.54
October 31 2017,Glacier,MT,Passenger,0,1,1,3,4,25.00
October 31 2017,Flathead,MT,Passenger,1,0,1,55,56,1.79
October 31 2017,Dallas,TX,Passenger,0,1,1,177,178,0.56
October 31 2017,Mason,WA,Passenger,77,77,154,45579,45733,0.34
September 30 2017,Whatcom,WA,Passenger,532,205,737,146876,147613,0.50
October 31 2017,Maricopa,AZ,Passenger,3,0,3,1521,1524,0.20
October 31 2017,Ferry,WA,Truck,0,0,0,3771,3771,0.00
October 31 2017,Franklin,WA,Passenger,39,52,91,57999,58090,0.16
October 31 2017,Maui,HI,Passenger,1,0,1,71,72,1.39
October 31 2017,San Juan,WA,Passenger,128,43,171,14167,14338,1.19
September 30 2017,Yakima,WA,Truck,0,0,0,60313,60313,0.00
October 31 2017,San Mateo,CA,Passenger,0,1,1,150,151,0.66
October 31 2017,Garfield,WA,Passenger,1,0,1,1356,1357,0.07
October 31 2017,Okaloosa,FL,Passenger,1,0,1,183,184,0.54
October 31 2017,Gwinnett,GA,Passenger,0,1,1,87,88,1.14
October 31 2017,Snohomish,WA,Truck,1,0,1,125699,125700,0.00
October 31 2017,New Castle,DE,Passenger,1,0,1,25,26,3.85
October 31 2017,Grant,WA,Passenger,22,38,60,63667,63727,0.09
October 31 2017,Grays Harbor,WA,Passenger,46,47,93,46528,46621,0.20
October 31 2017,Northampton,PA,Passenger,0,1,1,73,74,1.35
October 31 2017,Ozaukee,WI,Passenger,0,1,1,2,3,33.33
October 31 2017,Stevens,WA,Truck,0,0,0,19234,19234,0.00
October 31 2017,Honolulu,HI,Passenger,3,1,4,555,559,0.72
October 31 2017,Pacific,WA,Truck,0,0,0,7757,7757,0.00
October 31 2017,Bexar,TX,Passenger,2,1,3,817,820,0.37
October 31 2017,Hamilton,IN,Passenger,1,0,1,54,55,1.82
October 31 2017,Sumter,FL,Passenger,0,1,1,9,10,10.00
October 31 2017,Howard,MD,Passenger,0,1,1,101,102,0.98
October 31 2017,Hardin,KY,Passenger,0,1,1,119,120,0.83
October 31 2017,Orange,FL,Passenger,1,1,2,146,148,1.35
October 31 2017,Pima,AZ,Passenger,0,1,1,407,408,0.25
October 31 2017,Pinal,AZ,Passenger,2,0,2,198,200,1.00
October 31 2017,Thurston,WA,Truck,0,0,0,55299,55299,0.00
October 31 2017,Island,WA,Passenger,153,164,317,62524,62841,0.50
October 31 2017,Polk,FL,Passenger,1,0,1,62,63,1.59
October 31 2017,Pend Oreille,WA,Truck,0,0,0,5890,5890,0.00
October 31 2017,Travis,TX,Passenger,0,1,1,193,194,0.52
October 31 2017,Juneau,AK,Passenger,0,1,1,42,43,2.33
October 31 2017,Kitsap,WA,Passenger,727,371,1098,178862,179960,0.61
October 31 2017,Charlottesville City,VA,Passenger,0,1,1,11,12,8.33
October 31 2017,Jefferson,WA,Truck,0,0,0,9733,9733,0.00
October 31 2017,Chelan,WA,Passenger,78,37,115,54149,54264,0.21
October 31 2017,Mason,WA,Truck,0,0,0,20216,20216,0.00
October 31 2017,Riley,KS,Passenger,1,0,1,95,96,1.04
October 31 2017,Chelan,WA,Truck,0,0,0,22234,22234,0.00
October 31 2017,Kitsap,WA,Truck,1,0,1,54269,54270,0.00
October 31 2017,Knox,TN,Passenger,1,0,1,40,41,2.44
October 31 2017,Kent,MI,Passenger,0,1,1,33,34,2.94
October 31 2017,Clark,NV,Passenger,1,1,2,742,744,0.27
October 31 2017,Miami-Dade,FL,Passenger,0,1,1,126,127,0.79
October 31 2017,King,WA,Truck,8,1,9,191394,191403,0.00
October 31 2017,San Diego,CA,Passenger,4,3,7,2679,2686,0.26
October 31 2017,Clay,FL,Passenger,0,1,1,109,110,0.91
October 31 2017,Russell,AL,Passenger,1,0,1,51,52,1.92
October 31 2017,Klickitat,WA,Truck,0,0,0,8317,8317,0.00
October 31 2017,San Juan,WA,Truck,0,0,0,5819,5819,0.00
October 31 2017,Shelby,TN,Passenger,0,1,1,112,113,0.88
October 31 2017,Lewis,WA,Truck,0,0,0,26227,26227,0.00
October 31 2017,Montgomery,TN,Passenger,1,0,1,260,261,0.38
October 31 2017,Columbia,WA,Passenger,1,1,2,2456,2458,0.08
October 31 2017,Larimer,CO,Passenger,0,1,1,67,68,1.47
October 31 2017,Lumpkin,GA,Passenger,1,0,1,10,11,9.09
October 31 2017,Lincoln,WA,Truck,0,0,0,4670,4670,0.00
November 30 2017,Benton,WA,Truck,0,0,0,41943,41943,0.00
October 31 2017,Cowlitz,WA,Truck,0,0,0,29081,29081,0.00
October 31 2017,Skagit,WA,Passenger,174,142,316,91039,91355,0.35
October 31 2017,Snohomish,WA,Passenger,2065,1095,3160,525495,528655,0.60
October 31 2017,Norfolk City,VA,Passenger,2,1,3,331,334,0.90
October 31 2017,Skamania,WA,Passenger,11,7,18,8828,8846,0.20
October 31 2017,Deschutes,OR,Passenger,1,0,1,178,179,0.56
November 30 2017,Brevard,FL,Passenger,0,1,1,95,96,1.04
October 31 2017,Orange,CA,Passenger,3,1,4,628,632,0.63
October 31 2017,Manatee,FL,Passenger,1,0,1,37,38,2.63
October 31 2017,Missoula,MT,Passenger,1,0,1,64,65,1.54
October 31 2017,Orleans,LA,Passenger,0,1,1,48,49,2.04
October 31 2017,Marion,OR,Passenger,1,0,1,137,138,0.72
October 31 2017,Douglas,WA,Truck,0,0,0,12042,12042,0.00
October 31 2017,Moore,NC,Passenger,0,1,1,204,205,0.49
October 31 2017,Virginia Beach City,VA,Passenger,1,1,2,653,655,0.31
November 30 2017,Charlottesville City,VA,Passenger,0,1,1,11,12,8.33
October 31 2017,Pend Oreille,WA,Passenger,4,4,8,9787,9795,0.08
October 31 2017,Wahkiakum,WA,Truck,0,0,0,1735,1735,0.00
October 31 2017,El Paso,TX,Passenger,1,0,1,548,549,0.18
October 31 2017,Montgomery,PA,Passenger,1,0,1,33,34,2.94
October 31 2017,Montgomery,MD,Passenger,1,3,4,308,312,1.28
October 31 2017,Wahkiakum,WA,Passenger,2,2,4,2917,2921,0.14
November 30 2017,Dallas,TX,Passenger,0,1,1,177,178,0.56
October 31 2017,Nassau,NY,Passenger,1,1,2,37,39,5.13
October 31 2017,Nueces,TX,Passenger,0,1,1,99,100,1.00
October 31 2017,Fulton,GA,Passenger,1,1,2,102,104,1.92
October 31 2017,Multnomah,OR,Passenger,1,3,4,919,923,0.43
October 31 2017,Okanogan,WA,Truck,0,0,0,4445,4445,0.00
November 30 2017,Deschutes,OR,Passenger,1,0,1,173,174,0.57
October 31 2017,Sacramento,CA,Passenger,1,0,1,328,329,0.30
October 31 2017,Whatcom,WA,Passenger,552,217,769,147350,148119,0.52
October 31 2017,Grant,WA,Truck,0,0,0,26612,26612,0.00
October 31 2017,Okanogan,,Passenger,6,13,19,20134,20153,0.09
October 31 2017,Whitman,WA,Truck,0,0,0,8729,8729,0.00
October 31 2017,Oklahoma,OK,Passenger,0,1,1,128,129,0.78
November 30 2017,Alameda,CA,Passenger,0,1,1,352,353,0.28
October 31 2017,Santa Rosa,FL,Passenger,1,0,1,103,104,0.96
October 31 2017,Pierce,WA,Truck,0,0,0,141590,141590,0.00
November 30 2017,,CA,Passenger,1,1,2,300,302,0.66
November 30 2017,Fairfax City,VA,Passenger,1,0,1,9,10,10.00
October 31 2017,Island,WA,Truck,0,0,0,21297,21297,0.00
November 30 2017,Bexar,TX,Passenger,2,1,3,817,820,0.37
October 31 2017,Prince William,VA,Passenger,0,3,3,271,274,1.09
November 30 2017,Glacier,MT,Passenger,0,1,1,3,4,25.00
October 31 2017,Ramsey,MN,Passenger,1,0,1,35,36,2.78
October 31 2017,Riverside,CA,Passenger,0,2,2,745,747,0.27
October 31 2017,Santa Clara,CA,Passenger,6,1,7,381,388,1.80
October 31 2017,Saratoga,NY,Passenger,0,1,1,71,72,1.39
October 31 2017,Santa Fe,NM,Passenger,0,1,1,39,40,2.50
October 31 2017,Saint Clair,IL,Passenger,0,1,1,170,171,0.58
October 31 2017,King,WA,Passenger,11307,4807,16114,1396896,1413010,1.14
November 30 2017,Chelan,WA,Truck,0,0,0,22260,22260,0.00
November 30 2017,Clark,NV,Passenger,1,1,2,733,735,0.27
October 31 2017,Skagit,WA,Truck,1,0,1,32722,32723,0.00
October 31 2017,Spokane,WA,Passenger,321,275,596,306128,306724,0.19
October 31 2017,Stevens,WA,Passenger,11,24,35,32677,32712,0.11
November 30 2017,Anne Arundel,MD,Passenger,0,2,2,503,505,0.40
November 30 2017,Clark,WA,Truck,0,0,0,80755,80755,0.00
October 31 2017,Lewis,WA,Passenger,58,49,107,57725,57832,0.19
November 30 2017,Asotin,WA,Passenger,7,5,12,12842,12854,0.09
November 30 2017,Asotin,WA,Truck,0,0,0,6799,6799,0.00
November 30 2017,Cowlitz,WA,Truck,0,0,0,29108,29108,0.00
October 31 2017,Walla Walla,WA,Passenger,28,28,56,36011,36067,0.16
October 31 2017,Tarrant,TX,Passenger,1,0,1,221,222,0.45
November 30 2017,Dale,AL,Passenger,0,1,1,70,71,1.41
October 31 2017,Whitman,WA,Passenger,13,24,37,22891,22928,0.16
October 31 2017,Tuolumne,CA,Passenger,0,1,1,12,13,7.69
November 30 2017,Lincoln,WA,Passenger,4,6,10,7830,7840,0.13
November 30 2017,Cowlitz,WA,Passenger,66,76,142,72184,72326,0.20
October 31 2017,Tulare,CA,Passenger,1,0,1,201,202,0.50
November 30 2017,District Of Columbia,DC,Passenger,0,4,4,209,213,1.88
October 31 2017,Utah,UT,Passenger,0,1,1,134,135,0.74
October 31 2017,Manassas City,VA,Passenger,0,1,1,8,9,11.11
October 31 2017,Ventura,CA,Passenger,0,1,1,346,347,0.29
November 30 2017,El Paso,TX,Passenger,1,0,1,546,547,0.18
October 31 2017,Volusia,FL,Passenger,0,1,1,38,39,2.56
November 30 2017,Manassas City,VA,Passenger,0,1,1,8,9,11.11
November 30 2017,Mason,WA,Truck,0,0,0,20292,20292,0.00
November 30 2017,Fulton,GA,Passenger,1,1,2,101,103,1.94
November 30 2017,Benton,WA,Passenger,174,168,342,133038,133380,0.26
October 31 2017,Yakima,WA,Passenger,66,79,145,165982,166127,0.09
November 30 2017,Garfield,WA,Passenger,1,0,1,1358,1359,0.07
October 31 2017,Yakima,WA,Truck,0,0,0,60411,60411,0.00
October 31 2017,Washoe,NV,Passenger,1,0,1,120,121,0.83
October 31 2017,Wayne,MI,Passenger,0,1,1,67,68,1.47
November 30 2017,Grant,WA,Truck,0,0,0,26661,26661,0.00
November 30 2017,,,Passenger,9,2,11,2365,2376,0.46
November 30 2017,Montgomery,MD,Passenger,1,3,4,305,309,1.29
October 31 2017,Okanogan,WA,Passenger,0,4,4,6484,6488,0.06
November 30 2017,Garfield,WA,Truck,0,0,0,962,962,0.00
November 30 2017,Canyon,ID,Passenger,0,1,1,83,84,1.19
November 30 2017,Adams,WA,Passenger,4,5,9,12820,12829,0.07
November 30 2017,Adams,WA,Truck,0,0,0,5385,5385,0.00
October 31 2017,Pacific,WA,Passenger,21,11,32,15640,15672,0.20
November 30 2017,Alexandria City,VA,Passenger,2,0,2,173,175,1.14
November 30 2017,Clallam,WA,Passenger,106,92,198,49928,50126,0.40
November 30 2017,Grant,WA,Passenger,26,37,63,63916,63979,0.10
November 30 2017,Arlington,VA,Passenger,1,2,3,167,170,1.76
November 30 2017,Okanogan,WA,Passenger,0,3,3,6467,6470,0.05
November 30 2017,Grays Harbor,WA,Passenger,51,47,98,46742,46840,0.21
October 31 2017,Pierce,WA,Passenger,1221,989,2210,536974,539184,0.41
November 30 2017,Orange,CA,Passenger,3,1,4,615,619,0.65
November 30 2017,Columbia,WA,Truck,0,0,0,1612,1612,0.00
November 30 2017,Island,WA,Truck,0,0,0,21380,21380,0.00
November 30 2017,Dakota,MN,Passenger,0,1,1,33,34,2.94
November 30 2017,Hardin,KY,Passenger,0,1,1,121,122,0.82
November 30 2017,Pend Oreille,WA,Passenger,4,4,8,9833,9841,0.08
November 30 2017,Pierce,WA,Passenger,1246,1018,2264,537606,539870,0.42
November 30 2017,Ferry,WA,Passenger,2,3,5,4590,4595,0.11
October 31 2017,Saint Lucie,FL,Passenger,1,0,1,26,27,3.70
November 30 2017,Duval,FL,Passenger,1,1,2,366,368,0.54
November 30 2017,Franklin,WA,Passenger,40,51,91,58175,58266,0.16
November 30 2017,Franklin,WA,Truck,0,0,0,19128,19128,0.00
November 30 2017,Ferry,WA,Truck,0,0,0,3768,3768,0.00
October 31 2017,Sangamon,IL,Passenger,1,0,1,11,12,8.33
November 30 2017,Gallatin,MT,Passenger,0,1,1,61,62,1.61
November 30 2017,Flathead,MT,Passenger,1,0,1,56,57,1.75
November 30 2017,Riley,KS,Passenger,1,0,1,96,97,1.03
November 30 2017,Clark,WA,Passenger,920,593,1513,309657,311170,0.49
November 30 2017,King,WA,Passenger,11525,4925,16450,1396307,1412757,1.16
November 30 2017,Kitsap,WA,Passenger,750,383,1133,179366,180499,0.63
November 30 2017,Kittitas,WA,Truck,0,0,0,14315,14315,0.00
November 30 2017,Grays Harbor,WA,Truck,0,0,0,20688,20688,0.00
November 30 2017,Columbia,GA,Passenger,1,0,1,169,170,0.59
November 30 2017,Klickitat,WA,Truck,0,0,0,8313,8313,0.00
October 31 2017,Skamania,WA,Truck,0,0,0,4095,4095,0.00
November 30 2017,Hamilton,TN,Passenger,1,0,1,19,20,5.00
October 31 2017,Spokane,WA,Truck,1,0,1,94817,94818,0.00
November 30 2017,Missoula,MT,Passenger,1,0,1,63,64,1.56
November 30 2017,Santa Rosa,FL,Passenger,1,0,1,101,102,0.98
November 30 2017,Larimer,CO,Passenger,0,1,1,65,66,1.52
November 30 2017,Douglas,WA,Passenger,37,33,70,27766,27836,0.25
October 31 2017,Thurston,WA,Passenger,504,403,907,192902,193809,0.47
November 30 2017,Lewis,WA,Passenger,58,47,105,57882,57987,0.18
November 30 2017,Dekalb,IN,Passenger,1,0,1,1,2,50.00
October 31 2017,Twin Falls,ID,Passenger,0,1,1,24,25,4.00
November 30 2017,Lumpkin,GA,Passenger,1,0,1,10,11,9.09
November 30 2017,Fairfax,VA,Passenger,1,3,4,835,839,0.48
October 31 2017,Walla Walla,WA,Truck,0,0,0,13775,13775,0.00
November 30 2017,El Paso,CO,Passenger,1,0,1,775,776,0.13
November 30 2017,Franklin,OH,Passenger,0,1,1,112,113,0.88
November 30 2017,Kent,MI,Passenger,0,1,1,33,34,2.94
October 31 2017,Whatcom,WA,Truck,2,0,2,43155,43157,0.00
November 30 2017,Gwinnett,GA,Passenger,0,1,1,85,86,1.16
November 30 2017,King,WA,Truck,8,1,9,191152,191161,0.00
November 30 2017,Hamilton,IN,Passenger,1,0,1,50,51,1.96
November 30 2017,Frederick,MD,Passenger,0,1,1,91,92,1.09
November 30 2017,Sacramento,CA,Passenger,1,0,1,321,322,0.31
November 30 2017,Lane,OR,Passenger,0,1,1,212,213,0.47
November 30 2017,Saint Lucie,FL,Passenger,1,0,1,25,26,3.85
November 30 2017,Allegheny,PA,Passenger,1,0,1,81,82,1.22
November 30 2017,Howard,MD,Passenger,0,1,1,103,104,0.96
November 30 2017,Island,WA,Passenger,162,166,328,62786,63114,0.52
November 30 2017,Lewis,WA,Truck,0,0,0,26232,26232,0.00
November 30 2017,San Juan,WA,Truck,0,0,0,5823,5823,0.00
November 30 2017,Jefferson,WA,Passenger,127,76,203,24724,24927,0.81
November 30 2017,Madison,ID,Passenger,1,0,1,38,39,2.56
November 30 2017,Sangamon,IL,Passenger,1,0,1,11,12,8.33
November 30 2017,Jefferson,WA,Truck,0,0,0,9763,9763,0.00
November 30 2017,Honolulu,HI,Passenger,3,1,4,557,561,0.71
November 30 2017,Oklahoma,OK,Passenger,0,1,1,126,127,0.79
November 30 2017,Maricopa,AZ,Passenger,3,0,3,1520,1523,0.20
November 30 2017,Manatee,FL,Passenger,1,0,1,36,37,2.70
November 30 2017,Juneau,AK,Passenger,0,1,1,42,43,2.33
November 30 2017,Snohomish,WA,Passenger,2113,1114,3227,526291,529518,0.61
November 30 2017,Kitsap,WA,Truck,1,0,1,54338,54339,0.00
November 30 2017,Klickitat,WA,Passenger,28,28,56,15304,15360,0.36
November 30 2017,Spokane,WA,Truck,1,0,1,94955,94956,0.00
November 30 2017,Camden,GA,Passenger,0,1,1,178,179,0.56
November 30 2017,Knox,TN,Passenger,1,0,1,38,39,2.56
November 30 2017,Monterey,CA,Passenger,0,2,2,206,208,0.96
November 30 2017,Stevens,WA,Passenger,12,23,35,32697,32732,0.11
November 30 2017,Montgomery,PA,Passenger,1,0,1,33,34,2.94
November 30 2017,Moore,NC,Passenger,0,1,1,204,205,0.49
November 30 2017,Prince George,VA,Passenger,0,1,1,75,76,1.32
November 30 2017,Thurston,WA,Passenger,527,415,942,193544,194486,0.48
November 30 2017,Multnomah,OR,Passenger,3,3,6,901,907,0.66
November 30 2017,Lincoln,WA,Truck,0,0,0,4672,4672,0.00
November 30 2017,Latah,ID,Passenger,0,1,1,77,78,1.28
November 30 2017,New Castle,DE,Passenger,1,0,1,25,26,3.85
November 30 2017,Tuolumne,CA,Passenger,0,1,1,13,14,7.14
November 30 2017,Nueces,TX,Passenger,1,1,2,99,101,1.98
November 30 2017,Charles,MD,Passenger,0,1,1,85,86,1.16
November 30 2017,Okanogan,,Passenger,6,14,20,20166,20186,0.10
November 30 2017,Marion,OR,Passenger,1,0,1,132,133,0.75
November 30 2017,Liberty,GA,Passenger,1,0,1,156,157,0.64
November 30 2017,Chelan,WA,Passenger,85,37,122,54256,54378,0.22
November 30 2017,Orleans,LA,Passenger,0,1,1,48,49,2.04
December 31 2017,Columbia,WA,Passenger,2,1,3,2462,2465,0.12
November 30 2017,Clallam,WA,Truck,0,0,0,21832,21832,0.00
November 30 2017,Santa Fe,NM,Passenger,0,1,1,41,42,2.38
November 30 2017,Clay,FL,Passenger,0,1,1,106,107,0.93
November 30 2017,Nassau,NY,Passenger,1,1,2,37,39,5.13
December 31 2017,Dupage,IL,Passenger,1,0,1,58,59,1.69
November 30 2017,Mason,WA,Passenger,81,75,156,45729,45885,0.34
November 30 2017,Columbia,WA,Passenger,2,1,3,2454,2457,0.12
November 30 2017,Prince William,VA,Passenger,0,3,3,274,277,1.08
November 30 2017,Miami-Dade,FL,Passenger,0,1,1,125,126,0.79
December 31 2017,Ferry,WA,Passenger,2,3,5,4582,4587,0.11
November 30 2017,Riverside,CA,Passenger,0,2,2,745,747,0.27
November 30 2017,Sumter,FL,Passenger,0,1,1,9,10,10.00
November 30 2017,Montgomery,TN,Passenger,1,0,1,261,262,0.38
November 30 2017,Saint Clair,IL,Passenger,0,1,1,170,171,0.58
November 30 2017,Ramsey,MN,Passenger,1,0,1,34,35,2.86
November 30 2017,San Juan,WA,Passenger,127,44,171,14191,14362,1.19
November 30 2017,San Mateo,CA,Passenger,0,1,1,148,149,0.67
November 30 2017,Travis,TX,Passenger,0,1,1,185,186,0.54
December 31 2017,Benton,WA,Passenger,181,176,357,133322,133679,0.27
November 30 2017,Dekalb,GA,Passenger,1,0,1,82,83,1.20
December 31 2017,Gwinnett,GA,Passenger,0,1,1,85,86,1.16
November 30 2017,Russell,AL,Passenger,1,0,1,50,51,1.96
November 30 2017,Ventura,CA,Passenger,0,1,1,338,339,0.29
November 30 2017,Norfolk City,VA,Passenger,2,1,3,329,332,0.90
November 30 2017,Okaloosa,FL,Passenger,1,0,1,185,186,0.54
November 30 2017,Skagit,WA,Truck,1,0,1,32784,32785,0.00
November 30 2017,Douglas,WA,Truck,0,0,0,12100,12100,0.00
November 30 2017,Okanogan,WA,Truck,0,0,0,4426,4426,0.00
November 30 2017,Saratoga,NY,Passenger,0,1,1,69,70,1.43
November 30 2017,Orange,FL,Passenger,1,1,2,146,148,1.35
November 30 2017,Snohomish,WA,Truck,1,0,1,125637,125638,0.00
November 30 2017,Ozaukee,WI,Passenger,0,1,1,3,4,25.00
November 30 2017,Thurston,WA,Truck,0,0,0,55419,55419,0.00
November 30 2017,Yakima,WA,Truck,0,0,0,60509,60509,0.00
December 31 2017,Clark,WA,Passenger,941,607,1548,310697,312245,0.50
November 30 2017,Spokane,WA,Passenger,326,275,601,306862,307463,0.20
November 30 2017,Pierce,WA,Truck,0,0,0,141662,141662,0.00
November 30 2017,Umatilla,WA,Truck,0,0,0,1,1,0.00
November 30 2017,Stevens,WA,Truck,0,0,0,19250,19250,0.00
November 30 2017,Utah,UT,Passenger,0,1,1,131,132,0.76
November 30 2017,Pinal,AZ,Passenger,2,0,2,195,197,1.02
December 31 2017,Alexandria City,VA,Passenger,2,0,2,170,172,1.16
December 31 2017,Jefferson,WA,Truck,0,0,0,9778,9778,0.00
November 30 2017,Volusia,FL,Passenger,0,1,1,36,37,2.70
November 30 2017,Tarrant,TX,Passenger,1,0,1,223,224,0.45
December 31 2017,Juneau,AK,Passenger,0,1,1,43,44,2.27
November 30 2017,Tulare,CA,Passenger,1,0,1,197,198,0.51
November 30 2017,Yakima,WA,Passenger,67,80,147,166632,166779,0.09
November 30 2017,Walla Walla,WA,Passenger,29,31,60,36093,36153,0.17
December 31 2017,Knox,TN,Passenger,1,0,1,38,39,2.56
December 31 2017,Duval,FL,Passenger,1,1,2,370,372,0.54
December 31 2017,Adams,WA,Truck,0,0,0,5377,5377,0.00
December 31 2017,Lane,OR,Passenger,0,1,1,211,212,0.47
November 30 2017,San Diego,CA,Passenger,4,3,7,2657,2664,0.26
November 30 2017,Jefferson,NY,Passenger,1,0,1,252,253,0.40
December 31 2017,Ferry,WA,Truck,0,0,0,3754,3754,0.00
November 30 2017,Washoe,NV,Passenger,1,0,1,120,121,0.83
November 30 2017,Santa Clara,CA,Passenger,7,1,8,379,387,2.07
December 31 2017,Asotin,WA,Truck,0,0,0,6794,6794,0.00
November 30 2017,Whitman,WA,Passenger,17,23,40,22977,23017,0.17
November 30 2017,Whitman,WA,Truck,0,0,0,8732,8732,0.00
November 30 2017,Kent,DE,Passenger,0,1,1,72,73,1.37
November 30 2017,Shelby,TN,Passenger,0,1,1,112,113,0.88
November 30 2017,Kittitas,WA,Passenger,37,24,61,29082,29143,0.21
December 31 2017,Benton,WA,Truck,0,0,0,41990,41990,0.00
December 31 2017,Hamilton,IN,Passenger,1,0,1,49,50,2.00
December 31 2017,Bexar,TX,Passenger,2,2,4,814,818,0.49
December 31 2017,Lumpkin,GA,Passenger,1,0,1,10,11,9.09
December 31 2017,Clark,WA,Truck,0,0,0,80921,80921,0.00
December 31 2017,Ada,ID,Passenger,0,1,1,338,339,0.29
December 31 2017,Brevard,FL,Passenger,0,1,1,92,93,1.08
December 31 2017,Alameda,CA,Passenger,0,1,1,348,349,0.29
December 31 2017,Maricopa,AZ,Passenger,3,0,3,1512,1515,0.20
December 31 2017,Arlington,VA,Passenger,1,2,3,167,170,1.76
November 30 2017,Los Angeles,CA,Passenger,5,2,7,1229,1236,0.57
December 31 2017,Cowlitz,WA,Passenger,66,77,143,72341,72484,0.20
November 30 2017,Marin,CA,Passenger,1,0,1,54,55,1.82
December 31 2017,Charles,MD,Passenger,0,1,1,85,86,1.16
November 30 2017,Maui,HI,Passenger,1,0,1,70,71,1.41
December 31 2017,Montgomery,MD,Passenger,1,3,4,304,308,1.30
December 31 2017,,CA,Passenger,1,1,2,296,298,0.67
December 31 2017,Kent,MI,Passenger,0,1,1,32,33,3.03
December 31 2017,Chelan,WA,Passenger,88,39,127,54448,54575,0.23
December 31 2017,Fairfax,VA,Passenger,1,3,4,828,832,0.48
December 31 2017,Clallam,WA,Passenger,107,98,205,50086,50291,0.41
December 31 2017,Allegheny,PA,Passenger,1,0,1,75,76,1.32
December 31 2017,Clallam,WA,Truck,0,0,0,21863,21863,0.00
December 31 2017,Klickitat,WA,Passenger,27,28,55,15326,15381,0.36
December 31 2017,Clay,FL,Passenger,0,1,1,103,104,0.96
November 30 2017,Northampton,PA,Passenger,0,1,1,70,71,1.41
December 31 2017,Grant,WA,Passenger,28,39,67,64131,64198,0.10
December 31 2017,Clark,NV,Passenger,1,1,2,726,728,0.27
December 31 2017,Dakota,MN,Passenger,0,1,1,33,34,2.94
December 31 2017,Guilford,NC,Passenger,1,0,1,30,31,3.23
December 31 2017,Pacific,WA,Passenger,23,14,37,15716,15753,0.23
November 30 2017,Pacific,WA,Passenger,23,12,35,15657,15692,0.22
November 30 2017,Pacific,WA,Truck,0,0,0,7770,7770,0.00
December 31 2017,Columbia,GA,Passenger,1,1,2,165,167,1.20
September 30 2020,Prince William,VA,Passenger,2,2,4,221,225,1.78
September 30 2020,Allegheny,PA,Passenger,1,0,1,57,58,1.72
August 31 2020,Twin Falls,ID,Passenger,0,1,1,18,19,5.26
September 30 2020,Ramsey,MN,Passenger,1,0,1,30,31,3.23
September 30 2020,El Dorado,CA,Passenger,1,0,1,29,30,3.33
September 30 2020,Riverside,CA,Passenger,3,0,3,563,566,0.53
August 31 2020,Santa Barbara,CA,Passenger,1,0,1,81,82,1.22
September 30 2020,El Paso,TX,Passenger,2,0,2,410,412,0.49
September 30 2020,Saginaw,MI,Passenger,1,0,1,8,9,11.11
September 30 2020,Bell,TX,Passenger,0,1,1,369,370,0.27
September 30 2020,Saint Clair,IL,Passenger,1,0,1,133,134,0.75
September 30 2020,Los Angeles,CA,Passenger,10,8,18,920,938,1.92
September 30 2020,Fairbanks North Star,AK,Passenger,0,1,1,91,92,1.09
September 30 2020,San Francisco,CA,Passenger,2,1,3,78,81,3.70
September 30 2020,Ferry,WA,Passenger,8,3,11,4461,4472,0.25
August 31 2020,Washoe,NV,Passenger,1,0,1,74,75,1.33
September 30 2020,Santa Barbara,CA,Passenger,1,0,1,82,83,1.20
August 31 2020,Spartanburg,SC,Passenger,0,1,1,35,36,2.78
October 31 2020,Salt Lake,UT,Passenger,0,1,1,155,156,0.64
September 30 2020,Frederick,MD,Passenger,2,1,3,76,79,3.80
September 30 2020,Mason,WA,Passenger,193,139,332,48510,48842,0.68
October 31 2020,San Francisco,CA,Passenger,1,1,2,79,81,2.47
August 31 2020,Westchester,NY,Passenger,0,1,1,21,22,4.55
September 30 2020,Sedgwick,KS,Passenger,1,0,1,83,84,1.19
September 30 2020,Boone,MO,Passenger,0,1,1,7,8,12.50
September 30 2020,Skagit,WA,Truck,1,0,1,33503,33504,0.00
September 30 2020,Bradley,TN,Passenger,1,1,2,1,3,66.67
August 31 2020,Whitman,WA,Passenger,48,51,99,22516,22615,0.44
October 31 2020,Sarasota,FL,Passenger,1,0,1,20,21,4.76
September 30 2020,Skamania,WA,Truck,0,0,0,4151,4151,0.00
September 30 2020,Bryan,GA,Passenger,1,0,1,56,57,1.75
August 31 2020,Utah,UT,Passenger,0,1,1,111,112,0.89
September 30 2020,Grant,WA,Truck,0,0,0,28150,28150,0.00
September 30 2020,Spartanburg,SC,Passenger,0,1,1,35,36,2.78
October 31 2020,Skamania,WA,Truck,0,0,0,4138,4138,0.00
September 30 2020,Grays Harbor,WA,Truck,0,0,0,21499,21499,0.00
September 30 2020,Montgomery,AL,Passenger,0,1,1,36,37,2.70
September 30 2020,Arapahoe,CO,Passenger,1,0,1,121,122,0.82
September 30 2020,Camden,GA,Passenger,1,1,2,135,137,1.46
September 30 2020,Spokane,WA,Passenger,841,552,1393,325333,326726,0.43
October 31 2020,Spokane,WA,Passenger,872,563,1435,326270,327705,0.44
September 30 2020,Moore,NC,Passenger,0,1,1,155,156,0.64
August 31 2020,Williams,ND,Passenger,0,1,1,12,13,7.69
September 30 2020,Harrison,MS,Passenger,1,0,1,54,55,1.82
September 30 2020,Benton,WA,Truck,0,0,0,44122,44122,0.00
October 31 2020,Suffolk City,VA,Passenger,1,0,1,116,117,0.85
September 30 2020,Hidalgo,TX,Passenger,0,1,1,61,62,1.61
August 31 2020,Yakima,WA,Passenger,164,132,296,170508,170804,0.17
September 30 2020,Bucks,PA,Passenger,1,0,1,19,20,5.00
October 31 2020,Umatilla,WA,Passenger,0,0,0,2,2,0.00
September 30 2020,Ventura,CA,Passenger,1,2,3,274,277,1.08
September 30 2020,,,Passenger,8,5,13,1814,1827,0.71
September 30 2020,Washoe,NV,Passenger,1,0,1,73,74,1.35
September 30 2020,Pima,AZ,Passenger,2,1,3,285,288,1.04
September 30 2020,Adams,WA,Passenger,8,10,18,13263,13281,0.14
October 31 2020,Utah,UT,Passenger,0,1,1,110,111,0.90
October 31 2020,Wahkiakum,WA,Truck,0,0,0,1809,1809,0.00
September 30 2020,Williams,ND,Passenger,0,1,1,12,13,7.69
September 30 2020,Calvert,MD,Passenger,0,2,2,85,87,2.30
September 30 2020,Polk,FL,Passenger,1,0,1,57,58,1.72
September 30 2020,Anne Arundel,MD,Passenger,1,3,4,390,394,1.02
October 31 2020,Walla Walla,WA,Passenger,90,68,158,36862,37020,0.43
September 30 2020,Asotin,WA,Passenger,18,15,33,12715,12748,0.26
September 30 2020,Whatcom,WA,Truck,3,0,3,44452,44455,0.01
September 30 2020,Yakima,WA,Passenger,171,134,305,170775,171080,0.18
October 31 2020,Washtenaw,MI,Passenger,1,0,1,20,21,4.76
September 30 2020,Charles,MD,Passenger,1,1,2,68,70,2.86
September 30 2020,Davidson,TN,Passenger,1,0,1,51,52,1.92
October 31 2020,Adams,WA,Truck,0,0,0,5508,5508,0.00
October 31 2020,Whatcom,WA,Truck,3,0,3,44488,44491,0.01
September 30 2020,Dekalb,GA,Passenger,1,0,1,68,69,1.45
October 31 2020,,,Passenger,8,5,13,1796,1809,0.72
October 31 2020,Allegheny,PA,Passenger,1,0,1,57,58,1.72
October 31 2020,Williamson,TX,Passenger,1,0,1,97,98,1.02
September 30 2020,Chesapeake City,VA,Passenger,0,3,3,400,403,0.74
September 30 2020,Liberty,GA,Passenger,1,0,1,114,115,0.87
October 31 2020,Alexandria City,VA,Passenger,4,0,4,131,135,2.96
October 31 2020,Arapahoe,CO,Passenger,1,0,1,116,117,0.85
September 30 2020,San Bernardino,CA,Passenger,0,1,1,413,414,0.24
October 31 2020,Asotin,WA,Truck,0,0,0,6873,6873,0.00
September 30 2020,District Of Columbia,DC,Passenger,2,3,5,203,208,2.40
September 30 2020,Clallam,WA,Truck,1,0,1,22291,22292,0.00
September 30 2020,Clark,WA,Passenger,2301,1158,3459,324694,328153,1.05
October 31 2020,Bartow,GA,Passenger,0,1,1,3,4,25.00
September 30 2020,Santa Cruz,CA,Passenger,1,0,1,29,30,3.33
September 30 2020,Douglas,NE,Passenger,0,1,1,43,44,2.27
September 30 2020,Maricopa,AZ,Passenger,5,5,10,1090,1100,0.91
November 30 2020,Adams,WA,Passenger,10,9,19,13260,13279,0.14
October 31 2020,Bay,FL,Passenger,1,0,1,33,34,2.94
September 30 2020,Carroll,MD,Passenger,0,1,1,15,16,6.25
September 30 2020,Cascade,MT,Passenger,0,1,1,55,56,1.79
September 30 2020,Spokane,WA,Truck,1,0,1,102311,102312,0.00
October 31 2020,Boone,MO,Passenger,0,1,1,7,8,12.50
September 30 2020,Stafford,VA,Passenger,1,0,1,86,87,1.15
September 30 2020,Flathead,MT,Passenger,1,0,1,47,48,2.08
October 31 2020,Caddo,LA,Passenger,1,0,1,11,12,8.33
September 30 2020,Stevens,WA,Passenger,39,40,79,31230,31309,0.25
September 30 2020,Douglas,WA,Passenger,81,46,127,28622,28749,0.44
September 30 2020,Monterey,CA,Passenger,1,0,1,165,166,0.60
October 31 2020,Camden,GA,Passenger,1,1,2,134,136,1.47
September 30 2020,Garfield,WA,Truck,0,0,0,1011,1011,0.00
September 30 2020,Erie,NY,Passenger,1,0,1,39,40,2.50
September 30 2020,Thurston,WA,Passenger,1306,805,2111,200734,202845,1.04
September 30 2020,Fairfax,VA,Passenger,5,4,9,698,707,1.27
October 31 2020,Charles,MD,Passenger,1,1,2,68,70,2.86
September 30 2020,Contra Costa,CA,Passenger,3,0,3,171,174,1.72
September 30 2020,New Castle,DE,Passenger,1,0,1,23,24,4.17
October 31 2020,Chelan,WA,Passenger,272,82,354,55510,55864,0.63
November 30 2020,Clark,NV,Passenger,3,1,4,591,595,0.67
September 30 2020,Walla Walla,WA,Truck,0,0,0,14199,14199,0.00
November 30 2020,Columbia,GA,Passenger,1,0,1,134,135,0.74
October 31 2020,Columbia,GA,Passenger,1,1,2,135,137,1.46
September 30 2020,Westchester,NY,Passenger,0,1,1,21,22,4.55
October 31 2020,Columbia,WA,Passenger,4,3,7,2504,2511,0.28
September 30 2020,Ozaukee,WI,Passenger,0,1,1,3,4,25.00
November 30 2020,Columbia,WA,Truck,0,0,0,1567,1567,0.00
October 31 2020,Contra Costa,CA,Passenger,3,0,3,165,168,1.79
November 30 2020,Contra Costa,CA,Passenger,3,0,3,163,166,1.81
September 30 2020,Howard,MD,Passenger,0,1,1,75,76,1.32
September 30 2020,Island,WA,Passenger,464,301,765,64109,64874,1.18
September 30 2020,Jefferson,WA,Passenger,269,163,432,25226,25658,1.68
October 31 2020,Dekalb,IN,Passenger,1,0,1,1,2,50.00
October 31 2020,Davidson,TN,Passenger,1,0,1,49,50,2.00
September 30 2020,Kent,DE,Passenger,0,1,1,62,63,1.59
September 30 2020,Jefferson,NY,Passenger,0,1,1,212,213,0.47
November 30 2020,Dekalb,IN,Passenger,1,0,1,0,1,100.00
October 31 2020,Dekalb,GA,Passenger,1,0,1,65,66,1.52
September 30 2020,Kitsap,WA,Truck,0,0,0,55354,55354,0.00
September 30 2020,Franklin,WA,Passenger,75,81,156,62233,62389,0.25
October 31 2020,Douglas,NE,Passenger,0,1,1,43,44,2.27
September 30 2020,Kittitas,WA,Truck,0,0,0,14984,14984,0.00
November 30 2020,District Of Columbia,DC,Passenger,2,3,5,202,207,2.42
October 31 2020,Douglas,WA,Truck,0,0,0,12724,12724,0.00
October 31 2020,Douglas,OR,Passenger,1,0,1,36,37,2.70
September 30 2020,Fresno,CA,Passenger,1,0,1,166,167,0.60
September 30 2020,Klamath,OR,Passenger,1,0,1,24,25,4.00
October 31 2020,El Dorado,CA,Passenger,1,0,1,29,30,3.33
October 31 2020,Dupage,IL,Passenger,2,0,2,44,46,4.35
October 31 2020,Erie,NY,Passenger,1,0,1,38,39,2.56
September 30 2020,Kootenai,ID,Passenger,1,0,1,188,189,0.53
September 30 2020,Kittitas,WA,Passenger,120,51,171,30441,30612,0.56
November 30 2020,Duval,FL,Passenger,0,1,1,321,322,0.31
September 30 2020,San Diego,CA,Passenger,14,8,22,2749,2771,0.79
September 30 2020,Lincoln,WA,Passenger,6,10,16,7787,7803,0.21
September 30 2020,San Juan,WA,Truck,0,0,0,6025,6025,0.00
September 30 2020,Lincoln,WA,Truck,0,0,0,4759,4759,0.00
November 30 2020,Flathead,MT,Passenger,1,0,1,44,45,2.22
October 31 2020,Franklin,WA,Truck,0,0,0,20932,20932,0.00
October 31 2020,Carroll,MD,Passenger,0,1,1,15,16,6.25
September 30 2020,Shelby,TN,Passenger,0,1,1,76,77,1.30
October 31 2020,Frederick,MD,Passenger,2,1,3,76,79,3.80
September 30 2020,Harris,TX,Passenger,1,0,1,195,196,0.51
October 31 2020,Cascade,MT,Passenger,0,1,1,54,55,1.82
September 30 2020,Honolulu,HI,Passenger,4,0,4,388,392,1.02
October 31 2020,Chaves,NM,Passenger,1,0,1,9,10,10.00
October 31 2020,Guadalupe,TX,Passenger,1,0,1,44,45,2.22
October 31 2020,Guilford,NC,Passenger,1,0,1,28,29,3.45
September 30 2020,Maui,HI,Passenger,1,0,1,27,28,3.57
October 31 2020,Chesapeake City,VA,Passenger,0,3,3,393,396,0.76
October 31 2020,Harris,TX,Passenger,1,0,1,194,195,0.51
October 31 2020,Clark,WA,Passenger,2346,1184,3530,325097,328627,1.07
September 30 2020,Nassau,FL,Passenger,1,0,1,25,26,3.85
September 30 2020,Nassau,NY,Passenger,2,0,2,24,26,7.69
October 31 2020,Island,WA,Truck,1,0,1,21798,21799,0.00
September 30 2020,King,WA,Truck,6,1,7,187743,187750,0.00
October 31 2020,Honolulu,HI,Passenger,4,0,4,385,389,1.03
September 30 2020,Kings,NY,Passenger,1,0,1,56,57,1.75
September 30 2020,Lake,IL,Passenger,1,0,1,169,170,0.59
November 30 2020,Jones,GA,Passenger,1,0,1,1,2,50.00
October 31 2020,Jefferson,NY,Passenger,0,1,1,212,213,0.47
September 30 2020,Palm Beach,FL,Passenger,0,1,1,61,62,1.61
October 31 2020,Denton,TX,Passenger,1,0,1,61,62,1.61
September 30 2020,Otero,NM,Passenger,0,1,1,33,34,2.94
October 31 2020,Kent,DE,Passenger,0,1,1,62,63,1.59
September 30 2020,Lewis,WA,Truck,0,0,0,27108,27108,0.00
October 31 2020,Jefferson,WA,Truck,0,0,0,9793,9793,0.00
September 30 2020,Pacific,WA,Truck,0,0,0,7924,7924,0.00
November 30 2020,Lake,IL,Passenger,2,0,2,163,165,1.21
September 30 2020,Pend Oreille,WA,Truck,0,0,0,5913,5913,0.00
October 31 2020,Juneau,AK,Passenger,0,1,1,22,23,4.35
October 31 2020,Kings,NY,Passenger,1,0,1,55,56,1.79
October 31 2020,Kitsap,WA,Truck,0,0,0,55384,55384,0.00
October 31 2020,Benton,WA,Passenger,418,349,767,137514,138281,0.55
October 31 2020,Klamath,OR,Passenger,1,0,1,24,25,4.00
October 31 2020,Fresno,CA,Passenger,1,0,1,166,167,0.60
September 30 2020,Saint Louis City,MO,Passenger,1,0,1,22,23,4.35
October 31 2020,Liberty,GA,Passenger,1,0,1,112,113,0.88
September 30 2020,Riley,KS,Passenger,1,0,1,59,60,1.67
October 31 2020,Bryan,GA,Passenger,1,0,1,55,56,1.79
September 30 2020,Montgomery,PA,Passenger,1,0,1,20,21,4.76
October 31 2020,Los Angeles,CA,Passenger,9,8,17,910,927,1.83
October 31 2020,Greene,MO,Passenger,0,1,1,22,23,4.35
November 30 2020,Maui,HI,Passenger,1,0,1,26,27,3.70
September 30 2020,Sacramento,CA,Passenger,1,0,1,238,239,0.42
September 30 2020,Skagit,WA,Passenger,480,252,732,93423,94155,0.78
October 31 2020,Hamilton,IN,Passenger,2,0,2,30,32,6.25
September 30 2020,Snohomish,WA,Passenger,4901,1923,6824,546800,553624,1.23
September 30 2020,Okanogan,WA,Passenger,6,6,12,5950,5962,0.20
September 30 2020,Okanogan,WA,Truck,0,0,0,4025,4025,0.00
September 30 2020,Snohomish,WA,Truck,0,0,0,128103,128103,0.00
November 30 2020,Multnomah,OR,Passenger,3,6,9,634,643,1.40
October 31 2020,Clackamas,OR,Passenger,1,0,1,148,149,0.67
October 31 2020,Clallam,WA,Passenger,267,178,445,50944,51389,0.87
September 30 2020,Stevens,WA,Truck,0,0,0,19278,19278,0.00
October 31 2020,Mason,WA,Passenger,196,142,338,48531,48869,0.69
September 30 2020,Shelby,OH,Passenger,0,1,1,1,2,50.00
September 30 2020,Sumter,FL,Passenger,0,1,1,11,12,8.33
September 30 2020,Pierce,WA,Truck,0,0,0,147314,147314,0.00
November 30 2020,Orange,FL,Passenger,1,0,1,103,104,0.96
September 30 2020,Skamania,WA,Passenger,36,22,58,8596,8654,0.67
October 31 2020,Maui,HI,Passenger,1,0,1,26,27,3.70
October 31 2020,Jefferson,WA,Passenger,270,166,436,25221,25657,1.70
September 30 2020,Travis,TX,Passenger,1,2,3,146,149,2.01
November 30 2020,Pierce,WA,Truck,0,0,0,147700,147700,0.00
October 31 2020,Monterey,CA,Passenger,1,0,1,162,163,0.61
November 30 2020,Platte,MO,Passenger,1,0,1,18,19,5.26
October 31 2020,Montgomery,AL,Passenger,0,1,1,34,35,2.86
October 31 2020,Duval,FL,Passenger,0,1,1,325,326,0.31
October 31 2020,Klickitat,WA,Passenger,63,45,108,15417,15525,0.70
October 31 2020,Montgomery,MD,Passenger,1,4,5,220,225,2.22
October 31 2020,Moore,NC,Passenger,0,1,1,152,153,0.65
September 30 2020,Umatilla,WA,Passenger,0,0,0,3,3,0.00
September 30 2020,Saint Marys,MD,Passenger,1,0,1,187,188,0.53
November 30 2020,Riverside,CA,Passenger,4,1,5,550,555,0.90
September 30 2020,Vigo,IN,Passenger,1,0,1,5,6,16.67
October 31 2020,Ferry,WA,Truck,0,0,0,3710,3710,0.00
October 31 2020,Flathead,MT,Passenger,1,0,1,45,46,2.17
September 30 2020,San Juan,WA,Passenger,334,103,437,14322,14759,2.96
September 30 2020,Wahkiakum,WA,Passenger,6,7,13,3087,3100,0.42
September 30 2020,San Mateo,CA,Passenger,0,1,1,100,101,0.99
October 31 2020,Norfolk City,VA,Passenger,2,1,3,352,355,0.85
September 30 2020,Wahkiakum,WA,Truck,0,0,0,1802,1802,0.00
October 31 2020,Otero,NM,Passenger,0,1,1,33,34,2.94
September 30 2020,Santa Clara,CA,Passenger,4,2,6,244,250,2.40
September 30 2020,Walla Walla,WA,Passenger,90,65,155,36790,36945,0.42
October 31 2020,Okanogan,WA,Truck,0,0,0,4017,4017,0.00
November 30 2020,Saint Marys,MD,Passenger,1,0,1,182,183,0.55
October 31 2020,Garfield,WA,Truck,0,0,0,1015,1015,0.00
October 31 2020,Pacific,WA,Truck,0,0,0,7922,7922,0.00
September 30 2020,Washtenaw,MI,Passenger,1,0,1,23,24,4.17
October 31 2020,Palm Beach,FL,Passenger,0,1,1,58,59,1.69
October 31 2020,Ada,ID,Passenger,0,1,1,225,226,0.44
October 31 2020,Pacific,WA,Passenger,43,39,82,16000,16082,0.51
November 30 2020,San Juan,WA,Truck,0,0,0,6035,6035,0.00
October 31 2020,Goochland,VA,Passenger,3,1,4,176,180,2.22
September 30 2020,Solano,CA,Passenger,1,0,1,202,203,0.49
October 31 2020,Alameda,CA,Passenger,1,0,1,235,236,0.42
September 30 2020,Whatcom,WA,Passenger,1213,550,1763,152506,154269,1.14
October 31 2020,Montgomery,OH,Passenger,0,1,1,58,59,1.69
November 30 2020,Santa Clara,CA,Passenger,4,2,6,236,242,2.48
September 30 2020,Whitman,WA,Truck,0,0,0,8715,8715,0.00
September 30 2020,Williamson,TX,Passenger,1,0,1,98,99,1.01
October 31 2020,Pima,AZ,Passenger,2,1,3,282,285,1.05
October 31 2020,Nueces,TX,Passenger,1,0,1,81,82,1.22
November 30 2020,Snohomish,WA,Passenger,5157,1939,7096,547481,554577,1.28
October 31 2020,Howard,MD,Passenger,0,1,1,73,74,1.35
October 31 2020,Okanogan,,Passenger,42,31,73,20737,20810,0.35
October 31 2020,Bexar,TX,Passenger,4,5,9,516,525,1.71
November 30 2020,Stevens,WA,Passenger,40,40,80,31089,31169,0.26
October 31 2020,Polk,FL,Passenger,1,0,1,56,57,1.75
September 30 2020,Thurston,WA,Truck,0,0,0,57150,57150,0.00
October 31 2020,Adams,WA,Passenger,8,10,18,13262,13280,0.14
September 30 2020,Tipton,TN,Passenger,1,0,1,11,12,8.33
October 31 2020,Saint Marys,MD,Passenger,1,0,1,184,185,0.54
September 30 2020,Tulsa,OK,Passenger,0,1,1,37,38,2.63
November 30 2020,Tulsa,OK,Passenger,0,1,1,38,39,2.56
October 31 2020,San Diego,CA,Passenger,13,7,20,2731,2751,0.73
October 31 2020,Arlington,VA,Passenger,0,2,2,128,130,1.54
October 31 2020,Ramsey,MN,Passenger,1,0,1,28,29,3.45
October 31 2020,Kitsap,WA,Passenger,1551,759,2310,183190,185500,1.25
October 31 2020,Chelan,WA,Truck,0,0,0,23320,23320,0.00
October 31 2020,Skagit,WA,Passenger,496,255,751,93431,94182,0.80
October 31 2020,San Bernardino,CA,Passenger,0,1,1,404,405,0.25
October 31 2020,Saginaw,MI,Passenger,1,0,1,8,9,11.11
October 31 2020,Santa Cruz,CA,Passenger,1,0,1,28,29,3.45
October 31 2020,,CA,Passenger,1,2,3,203,206,1.46
October 31 2020,Boulder,CO,Passenger,1,1,2,33,35,5.71
October 31 2020,Lincoln,WA,Passenger,6,10,16,7798,7814,0.20
October 31 2020,San Juan,WA,Passenger,346,107,453,14375,14828,3.06
October 31 2020,Tulsa,OK,Passenger,0,1,1,38,39,2.56
October 31 2020,San Mateo,CA,Passenger,0,1,1,100,101,0.99
October 31 2020,Twin Falls,ID,Passenger,0,1,1,17,18,5.56
October 31 2020,Albemarle,VA,Passenger,1,0,1,22,23,4.35
October 31 2020,Shelby,OH,Passenger,0,1,1,1,2,50.00
October 31 2020,Skamania,WA,Passenger,36,21,57,8563,8620,0.66
October 31 2020,Skagit,WA,Truck,1,0,1,33513,33514,0.00
October 31 2020,Cowlitz,WA,Passenger,170,137,307,73565,73872,0.42
December 31 2020,Asotin,WA,Truck,0,0,0,6848,6848,0.00
October 31 2020,Cowlitz,WA,Truck,0,0,0,29643,29643,0.00
October 31 2020,Bell,TX,Passenger,0,1,1,366,367,0.27
October 31 2020,Snohomish,WA,Truck,0,0,0,128389,128389,0.00
December 31 2020,Bay,FL,Passenger,1,0,1,33,34,2.94
October 31 2020,Clark,NV,Passenger,3,1,4,597,601,0.67
October 31 2020,Benton,WA,Truck,0,0,0,44078,44078,0.00
October 31 2020,Stevens,WA,Truck,0,0,0,19256,19256,0.00
December 31 2020,Bexar,TX,Passenger,3,5,8,505,513,1.56
October 31 2020,Vigo,IN,Passenger,1,0,1,5,6,16.67
October 31 2020,Denver,CO,Passenger,1,0,1,94,95,1.05
October 31 2020,Mason,WA,Truck,0,0,0,21377,21377,0.00
October 31 2020,Columbia,WA,Truck,0,0,0,1568,1568,0.00
December 31 2020,Broward,FL,Passenger,1,1,2,94,96,2.08
October 31 2020,Walla Walla,WA,Truck,0,0,0,14194,14194,0.00
October 31 2020,Whitman,WA,Passenger,51,49,100,22474,22574,0.44
October 31 2020,Bradley,TN,Passenger,1,1,2,0,2,100.00
October 31 2020,El Paso,TX,Passenger,2,0,2,405,407,0.49
December 31 2020,Caddo,LA,Passenger,1,0,1,11,12,8.33
October 31 2020,Monroe,IL,Passenger,1,0,1,2,3,33.33
October 31 2020,Thurston,WA,Truck,0,0,0,57299,57299,0.00
October 31 2020,Broward,FL,Passenger,1,1,2,99,101,1.98
October 31 2020,Tipton,TN,Passenger,1,0,1,11,12,8.33
October 31 2020,Bucks,PA,Passenger,1,0,1,18,19,5.26
November 30 2020,Ada,ID,Passenger,0,1,1,220,221,0.45
October 31 2020,Westchester,NY,Passenger,0,1,1,21,22,4.55
December 31 2020,Chaves,NM,Passenger,1,0,1,9,10,10.00
November 30 2020,Alameda,CA,Passenger,2,0,2,237,239,0.84
October 31 2020,Whatcom,WA,Passenger,1242,556,1798,152751,154549,1.16
November 30 2020,Albemarle,VA,Passenger,1,0,1,22,23,4.35
December 31 2020,Chelan,WA,Passenger,286,88,374,55602,55976,0.67
October 31 2020,Franklin,WA,Passenger,80,83,163,62376,62539,0.26
October 31 2020,Nassau,FL,Passenger,1,0,1,25,26,3.85
October 31 2020,Deschutes,OR,Passenger,1,0,1,105,106,0.94
October 31 2020,Carson City,NV,Passenger,1,0,1,9,10,10.00
October 31 2020,Fulton,GA,Passenger,1,2,3,80,83,3.61
October 31 2020,Washoe,NV,Passenger,1,0,1,73,74,1.35
November 30 2020,,CA,Passenger,1,2,3,202,205,1.46
October 31 2020,Orange,CA,Passenger,3,2,5,459,464,1.08
October 31 2020,Grant,WA,Passenger,75,86,161,67326,67487,0.24
November 30 2020,Bexar,TX,Passenger,4,5,9,506,515,1.75
October 31 2020,Whitman,WA,Truck,0,0,0,8693,8693,0.00
October 31 2020,Grant,WA,Truck,0,0,0,28209,28209,0.00
October 31 2020,Williams,ND,Passenger,0,1,1,12,13,7.69
November 30 2020,Allegheny,PA,Passenger,1,1,2,56,58,3.45
October 31 2020,Grays Harbor,WA,Passenger,134,121,255,49328,49583,0.51
October 31 2020,Clallam,WA,Truck,1,0,1,22272,22273,0.00
October 31 2020,Yakima,WA,Passenger,173,132,305,171043,171348,0.18
November 30 2020,Bucks,PA,Passenger,1,0,1,18,19,5.26
November 30 2020,Arlington,VA,Passenger,0,2,2,128,130,1.54
October 31 2020,Platte,MO,Passenger,1,0,1,18,19,5.26
December 31 2020,Denton,TX,Passenger,1,0,1,58,59,1.69
November 30 2020,Bell,TX,Passenger,0,1,1,357,358,0.28
October 31 2020,Hennepin,MN,Passenger,1,0,1,72,73,1.37
November 30 2020,Calvert,MD,Passenger,0,2,2,86,88,2.27
October 31 2020,Cumberland,NC,Passenger,0,3,3,448,451,0.67
December 31 2020,Douglas,WA,Truck,0,0,0,12793,12793,0.00
November 30 2020,Benton,WA,Truck,0,0,0,44108,44108,0.00
December 31 2020,Duval,FL,Passenger,0,1,1,317,318,0.31
December 31 2020,El Paso,TX,Passenger,2,0,2,391,393,0.51
October 31 2020,Hidalgo,TX,Passenger,0,1,1,61,62,1.61
October 31 2020,Riley,KS,Passenger,1,0,1,60,61,1.64
November 30 2020,Bradley,TN,Passenger,1,1,2,0,2,100.00
October 31 2020,District Of Columbia,DC,Passenger,2,3,5,202,207,2.42
December 31 2020,Ferry,WA,Truck,0,0,0,3707,3707,0.00
October 31 2020,Kent,MI,Passenger,0,1,1,19,20,5.00
November 30 2020,Clallam,WA,Passenger,278,181,459,50917,51376,0.89
November 30 2020,Bryan,GA,Passenger,1,0,1,55,56,1.79
October 31 2020,Kern,CA,Passenger,1,1,2,213,215,0.93
October 31 2020,Jones,GA,Passenger,1,0,1,1,2,50.00
October 31 2020,Santa Barbara,CA,Passenger,1,0,1,80,81,1.23
December 31 2020,Fulton,GA,Passenger,1,2,3,79,82,3.66
October 31 2020,King,WA,Passenger,26603,8346,34949,1395060,1430009,2.44
November 30 2020,Carson City,NV,Passenger,1,0,1,10,11,9.09
October 31 2020,King,WA,Truck,6,1,7,188018,188025,0.00
December 31 2020,Garfield,WA,Passenger,0,2,2,1388,1390,0.14
November 30 2020,Charles,MD,Passenger,1,1,2,67,69,2.90
October 31 2020,Sedgwick,KS,Passenger,1,0,1,84,85,1.18
October 31 2020,Klickitat,WA,Truck,0,0,0,8350,8350,0.00
October 31 2020,Lake,IL,Passenger,2,0,2,166,168,1.19
October 31 2020,Garfield,WA,Passenger,0,1,1,1372,1373,0.07
November 30 2020,Cowlitz,WA,Truck,0,0,0,29604,29604,0.00
October 31 2020,Glacier,MT,Passenger,0,1,1,3,4,25.00
November 30 2020,Clallam,WA,Truck,1,0,1,22290,22291,0.00
October 31 2020,Larimer,CO,Passenger,0,1,1,39,40,2.50
November 30 2020,Chelan,WA,Truck,0,0,0,23309,23309,0.00
October 31 2020,Leavenworth,KS,Passenger,0,1,1,119,120,0.83
November 30 2020,Chesapeake City,VA,Passenger,0,3,3,393,396,0.76
October 31 2020,Lewis,WA,Passenger,128,122,250,59580,59830,0.42
November 30 2020,Clackamas,OR,Passenger,1,0,1,142,143,0.70
November 30 2020,Douglas,WA,Passenger,84,44,128,28706,28834,0.44
November 30 2020,Cumberland,NC,Passenger,0,3,3,444,447,0.67
December 31 2020,Hamilton,IN,Passenger,2,0,2,27,29,6.90
November 30 2020,El Paso,TX,Passenger,2,0,2,397,399,0.50
October 31 2020,Manassas City,VA,Passenger,0,1,1,4,5,20.00
November 30 2020,Fairbanks North Star,AK,Passenger,0,1,1,90,91,1.10
November 30 2020,Davidson,TN,Passenger,1,0,1,47,48,2.08
December 31 2020,Island,WA,Truck,0,0,0,21838,21838,0.00
November 30 2020,Franklin,WA,Passenger,86,85,171,62443,62614,0.27
October 31 2020,Montgomery,PA,Passenger,1,0,1,19,20,5.00
November 30 2020,Denver,CO,Passenger,1,0,1,94,95,1.05
November 30 2020,Grant,WA,Truck,0,0,0,28229,28229,0.00
October 31 2020,Kittitas,WA,Truck,0,0,0,15015,15015,0.00
November 30 2020,Grays Harbor,WA,Truck,0,0,0,21512,21512,0.00
December 31 2020,Kent,MI,Passenger,0,1,1,18,19,5.26
October 31 2020,Multnomah,OR,Passenger,3,6,9,645,654,1.38
December 31 2020,Klickitat,WA,Passenger,66,43,109,15383,15492,0.70
November 30 2020,Deschutes,OR,Passenger,1,0,1,105,106,0.94
November 30 2020,Alexandria City,VA,Passenger,4,0,4,131,135,2.96
November 30 2020,Glacier,MT,Passenger,0,1,1,3,4,25.00
November 30 2020,Howard,MD,Passenger,0,1,1,73,74,1.35
October 31 2020,Okanogan,WA,Passenger,6,6,12,5934,5946,0.20
November 30 2020,Bartow,GA,Passenger,0,1,1,3,4,25.00
October 31 2020,Oldham,KY,Passenger,0,1,1,4,5,20.00
November 30 2020,Grays Harbor,WA,Passenger,139,121,260,49349,49609,0.52
November 30 2020,Benton,WA,Passenger,440,358,798,137617,138415,0.58
October 31 2020,Ozaukee,WI,Passenger,0,1,1,3,4,25.00
November 30 2020,Fresno,CA,Passenger,1,0,1,161,162,0.62
November 30 2020,King,WA,Truck,7,1,8,188088,188096,0.00
November 30 2020,Garfield,WA,Truck,0,0,0,1022,1022,0.00
October 31 2020,Prince William,VA,Passenger,2,2,4,223,227,1.76
November 30 2020,Goochland,VA,Passenger,3,1,4,170,174,2.30
November 30 2020,Kittitas,WA,Passenger,131,55,186,30451,30637,0.61
November 30 2020,Carroll,MD,Passenger,0,1,1,15,16,6.25
October 31 2020,Pierce,WA,Passenger,2902,1870,4772,564987,569759,0.84
December 31 2020,Missoula,MT,Passenger,1,0,1,51,52,1.92
December 31 2020,Monroe,IL,Passenger,1,0,1,2,3,33.33
October 31 2020,Pierce,WA,Truck,0,0,0,147599,147599,0.00
November 30 2020,Hidalgo,TX,Passenger,0,1,1,60,61,1.64
November 30 2020,Cascade,MT,Passenger,0,1,1,55,56,1.79
December 31 2020,Montgomery,OH,Passenger,0,1,1,61,62,1.61
November 30 2020,Lewis,WA,Truck,0,0,0,27174,27174,0.00
October 31 2020,Saint Clair,IL,Passenger,1,0,1,131,132,0.76
October 31 2020,Pinellas,FL,Passenger,1,1,2,75,77,2.60
December 31 2020,Moore,NC,Passenger,0,1,1,148,149,0.67
November 30 2020,Chaves,NM,Passenger,1,0,1,9,10,10.00
October 31 2020,Pend Oreille,WA,Passenger,8,4,12,9461,9473,0.13
November 30 2020,Jefferson,NY,Passenger,0,1,1,210,211,0.47
October 31 2020,Putnam,TN,Passenger,0,1,1,1,2,50.00
October 31 2020,Plaquemines,LA,Passenger,0,1,1,15,16,6.25
December 31 2020,Nueces,TX,Passenger,1,0,1,79,80,1.25
November 30 2020,Jefferson,WA,Passenger,286,167,453,25225,25678,1.76
October 31 2020,Spokane,WA,Truck,0,0,0,102553,102553,0.00
November 30 2020,Kent,DE,Passenger,0,1,1,61,62,1.61
October 31 2020,Riverside,CA,Passenger,4,1,5,554,559,0.89
November 30 2020,Kittitas,WA,Truck,0,0,0,15022,15022,0.00
November 30 2020,Kern,CA,Passenger,1,1,2,210,212,0.94
October 31 2020,Sacramento,CA,Passenger,1,0,1,234,235,0.43
November 30 2020,Klickitat,WA,Truck,0,0,0,8344,8344,0.00
November 30 2020,Denton,TX,Passenger,1,0,1,59,60,1.67
December 31 2020,Pima,AZ,Passenger,1,1,2,275,277,0.72
November 30 2020,Kitsap,WA,Passenger,1611,767,2378,183299,185677,1.28
November 30 2020,Montgomery,PA,Passenger,1,0,1,19,20,5.00
October 31 2020,Saint Louis City,MO,Passenger,1,0,1,22,23,4.35
October 31 2020,Thurston,WA,Passenger,1351,814,2165,200787,202952,1.07
November 30 2020,Larimer,CO,Passenger,0,1,1,39,40,2.50
December 31 2020,Polk,FL,Passenger,1,0,1,52,53,1.89
October 31 2020,San Juan,WA,Truck,0,0,0,6037,6037,0.00
November 30 2020,Liberty,GA,Passenger,1,0,1,113,114,0.88
October 31 2020,Ventura,CA,Passenger,1,1,2,271,273,0.73
November 30 2020,Leavenworth,KS,Passenger,0,1,1,118,119,0.84
November 30 2020,Nassau,NY,Passenger,2,0,2,24,26,7.69
November 30 2020,Lewis,WA,Passenger,131,124,255,59756,60011,0.42
December 31 2020,Prince William,VA,Passenger,1,2,3,219,222,1.35
November 30 2020,Lincoln,WA,Passenger,6,11,17,7805,7822,0.22
October 31 2020,Santa Clara,CA,Passenger,4,2,6,237,243,2.47
November 30 2020,Ferry,WA,Passenger,8,3,11,4489,4500,0.24
October 31 2020,Snohomish,WA,Passenger,5033,1931,6964,547331,554295,1.26
December 31 2020,Saginaw,MI,Passenger,2,0,2,8,10,20.00
November 30 2020,Ferry,WA,Truck,0,0,0,3705,3705,0.00
October 31 2020,Solano,CA,Passenger,1,0,1,207,208,0.48
October 31 2020,Spartanburg,SC,Passenger,0,1,1,35,36,2.78
December 31 2020,Saint Clair,IL,Passenger,1,0,1,132,133,0.75
October 31 2020,Stafford,VA,Passenger,1,0,1,87,88,1.14
November 30 2020,Manassas City,VA,Passenger,0,1,1,4,5,20.00
December 31 2020,Santa Barbara,CA,Passenger,1,0,1,78,79,1.27
November 30 2020,Anchorage,AK,Passenger,1,0,1,137,138,0.72
November 30 2020,Mason,WA,Truck,0,0,0,21394,21394,0.00
October 31 2020,Stevens,WA,Passenger,40,40,80,31169,31249,0.26
November 30 2020,Greene,MO,Passenger,0,1,1,21,22,4.55
November 30 2020,Sacramento,CA,Passenger,2,0,2,231,233,0.86
October 31 2020,Sumter,FL,Passenger,0,1,1,10,11,9.09
November 30 2020,Saint Clair,IL,Passenger,1,0,1,133,134,0.75
December 31 2020,Spokane,WA,Truck,0,0,0,102968,102968,0.00
December 31 2020,Stevens,WA,Passenger,40,40,80,31040,31120,0.26
November 30 2020,Harrison,MS,Passenger,1,0,1,56,57,1.75
October 31 2020,Travis,TX,Passenger,1,2,3,144,147,2.04
November 30 2020,Boone,MO,Passenger,0,1,1,7,8,12.50
December 31 2020,Thurston,WA,Passenger,1422,830,2252,200843,203095,1.11
November 30 2020,Nassau,FL,Passenger,1,0,1,24,25,4.00
November 30 2020,Spokane,WA,Truck,0,0,0,102689,102689,0.00
November 30 2020,Boulder,CO,Passenger,1,1,2,34,36,5.56
November 30 2020,Ozaukee,WI,Passenger,0,1,1,3,4,25.00
November 30 2020,Stafford,VA,Passenger,1,0,1,86,87,1.15
November 30 2020,Pend Oreille,WA,Passenger,9,4,13,9441,9454,0.14
November 30 2020,Okanogan,WA,Passenger,7,7,14,5908,5922,0.24
November 30 2020,Oldham,KY,Passenger,0,1,1,4,5,20.00
November 30 2020,Camden,GA,Passenger,1,1,2,133,135,1.48
October 31 2020,Wahkiakum,WA,Passenger,6,7,13,3107,3120,0.42
November 30 2020,Thurston,WA,Passenger,1387,817,2204,200715,202919,1.09
November 30 2020,Orange,CA,Passenger,3,2,5,448,453,1.10
November 30 2020,Pinellas,FL,Passenger,1,1,2,74,76,2.63
November 30 2020,Arapahoe,CO,Passenger,1,0,1,114,115,0.87
November 30 2020,Plaquemines,LA,Passenger,0,1,1,15,16,6.25
December 31 2020,Walla Walla,WA,Truck,0,0,0,14245,14245,0.00
November 30 2020,Bay,FL,Passenger,1,0,1,33,34,2.94
November 30 2020,Pierce,WA,Passenger,3008,1888,4896,565111,570007,0.86
October 31 2020,Yakima,WA,Truck,0,0,0,62623,62623,0.00
November 30 2020,Walla Walla,WA,Passenger,99,70,169,36898,37067,0.46
December 31 2020,Yakima,WA,Passenger,187,137,324,171265,171589,0.19
November 30 2020,,,Passenger,8,5,13,1772,1785,0.73
November 30 2020,Columbia,WA,Passenger,4,3,7,2506,2513,0.28
November 30 2020,Putnam,TN,Passenger,0,1,1,1,2,50.00
November 30 2020,Adams,WA,Truck,0,0,0,5496,5496,0.00
November 30 2020,Williamson,TX,Passenger,1,0,1,94,95,1.05
November 30 2020,Saint Louis City,MO,Passenger,1,0,1,22,23,4.35
January 31 2021,Adams,WA,Truck,0,0,0,5506,5506,0.00
November 30 2020,Anne Arundel,MD,Passenger,1,3,4,385,389,1.03
November 30 2020,Dekalb,GA,Passenger,1,0,1,62,63,1.59
November 30 2020,Charleston,SC,Passenger,1,0,1,83,84,1.19
November 30 2020,Riley,KS,Passenger,1,0,1,59,60,1.67
November 30 2020,Asotin,WA,Passenger,18,15,33,12720,12753,0.26
November 30 2020,Chelan,WA,Passenger,278,84,362,55507,55869,0.65
January 31 2021,Arapahoe,CO,Passenger,1,0,1,111,112,0.89
November 30 2020,Douglas,NE,Passenger,0,1,1,43,44,2.27
November 30 2020,Asotin,WA,Truck,0,0,0,6844,6844,0.00
November 30 2020,Skamania,WA,Passenger,37,22,59,8534,8593,0.69
November 30 2020,Maricopa,AZ,Passenger,5,4,9,1048,1057,0.85
December 31 2020,Albemarle,VA,Passenger,1,0,1,22,23,4.35
November 30 2020,Douglas,OR,Passenger,1,0,1,36,37,2.70
January 31 2021,Bay,FL,Passenger,1,0,1,33,34,2.94
November 30 2020,Dupage,IL,Passenger,2,0,2,43,45,4.44
November 30 2020,Clark,WA,Passenger,2422,1205,3627,325106,328733,1.10
November 30 2020,Clark,WA,Truck,0,0,0,85043,85043,0.00
November 30 2020,Sumter,FL,Passenger,0,1,1,10,11,9.09
November 30 2020,Shelby,OH,Passenger,0,1,1,1,2,50.00
November 30 2020,Monroe,IL,Passenger,1,0,1,2,3,33.33
December 31 2020,Benton,WA,Passenger,454,366,820,137714,138534,0.59
November 30 2020,Solano,CA,Passenger,1,0,1,208,209,0.48
November 30 2020,Broward,FL,Passenger,1,1,2,98,100,2.00
November 30 2020,Travis,TX,Passenger,1,1,2,144,146,1.37
January 31 2021,Carroll,MD,Passenger,0,1,1,14,15,6.67
November 30 2020,Ventura,CA,Passenger,1,1,2,267,269,0.74
November 30 2020,Cowlitz,WA,Passenger,180,140,320,73478,73798,0.43
November 30 2020,Wahkiakum,WA,Passenger,6,7,13,3108,3121,0.42
November 30 2020,Stevens,WA,Truck,0,0,0,19232,19232,0.00
November 30 2020,New Castle,DE,Passenger,1,0,1,22,23,4.35
January 31 2021,Chelan,WA,Passenger,302,87,389,55549,55938,0.70
November 30 2020,Guadalupe,TX,Passenger,1,0,1,44,45,2.22
November 30 2020,Caddo,LA,Passenger,1,0,1,11,12,8.33
November 30 2020,Norfolk City,VA,Passenger,2,1,3,349,352,0.85
November 30 2020,Douglas,WA,Truck,0,0,0,12762,12762,0.00
November 30 2020,Nueces,TX,Passenger,1,0,1,80,81,1.23
January 31 2021,Clark,WA,Passenger,2596,1273,3869,325507,329376,1.17
December 31 2020,Clallam,WA,Passenger,287,190,477,50949,51426,0.93
November 30 2020,Thurston,WA,Truck,0,0,0,57287,57287,0.00
November 30 2020,Erie,NY,Passenger,1,0,1,37,38,2.63
November 30 2020,Tipton,TN,Passenger,1,0,1,11,12,8.33
November 30 2020,Hennepin,MN,Passenger,1,0,1,72,73,1.37
November 30 2020,Fairfax,VA,Passenger,5,4,9,676,685,1.31
December 31 2020,Columbia,WA,Truck,0,0,0,1579,1579,0.00
November 30 2020,Yakima,WA,Truck,0,0,0,62665,62665,0.00
November 30 2020,Fulton,GA,Passenger,1,2,3,79,82,3.66
December 31 2020,Alexandria City,VA,Passenger,4,0,4,132,136,2.94
November 30 2020,Placer,CA,Passenger,1,0,1,75,76,1.32
November 30 2020,Grant,WA,Passenger,82,84,166,67349,67515,0.25
November 30 2020,Jefferson,WA,Truck,0,0,0,9798,9798,0.00
November 30 2020,Hamilton,IN,Passenger,2,0,2,27,29,6.90
January 31 2021,Douglas,WA,Truck,0,0,0,12796,12796,0.00
November 30 2020,Juneau,AK,Passenger,0,1,1,21,22,4.55
November 30 2020,Howard,IN,Passenger,0,1,1,3,4,25.00
January 31 2021,El Dorado,CA,Passenger,1,0,1,28,29,3.45
December 31 2020,Boulder,CO,Passenger,1,1,2,33,35,5.71
November 30 2020,Saginaw,MI,Passenger,1,0,1,8,9,11.11
November 30 2020,Kitsap,WA,Truck,0,0,0,55423,55423,0.00
January 31 2021,Erie,NY,Passenger,1,0,1,36,37,2.70
November 30 2020,El Dorado,CA,Passenger,1,0,1,29,30,3.33
November 30 2020,Klamath,OR,Passenger,1,0,1,24,25,4.00
November 30 2020,Island,WA,Passenger,499,308,807,64180,64987,1.24
November 30 2020,Salt Lake,UT,Passenger,0,1,1,151,152,0.66
November 30 2020,Island,WA,Truck,0,0,0,21797,21797,0.00
November 30 2020,San Diego,CA,Passenger,14,7,21,2710,2731,0.77
December 31 2020,Greene,MO,Passenger,0,1,1,21,22,4.55
January 31 2021,Frederick,MD,Passenger,2,1,3,73,76,3.95
November 30 2020,San Juan,WA,Passenger,361,110,471,14421,14892,3.16
November 30 2020,San Mateo,CA,Passenger,0,1,1,101,102,0.98
November 30 2020,Franklin,WA,Truck,0,0,0,20932,20932,0.00
November 30 2020,Frederick,MD,Passenger,2,1,3,77,80,3.75
December 31 2020,Chelan,WA,Truck,0,0,0,23331,23331,0.00
November 30 2020,Santa Barbara,CA,Passenger,1,0,1,79,80,1.25
November 30 2020,Kent,MI,Passenger,0,1,1,19,20,5.00
November 30 2020,Sarasota,FL,Passenger,1,0,1,20,21,4.76
December 31 2020,Clackamas,OR,Passenger,2,0,2,142,144,1.39
November 30 2020,King,WA,Passenger,27331,8410,35741,1393259,1429000,2.50
November 30 2020,Sedgwick,KS,Passenger,1,0,1,82,83,1.20
January 31 2021,Greene,MO,Passenger,0,1,1,21,22,4.55
November 30 2020,Garfield,WA,Passenger,0,1,1,1384,1385,0.07
December 31 2020,Carson City,NV,Passenger,1,0,1,10,11,9.09
November 30 2020,Klickitat,WA,Passenger,66,43,109,15392,15501,0.70
January 31 2021,Hamilton,IN,Passenger,2,0,2,27,29,6.90
December 31 2020,Charleston,SC,Passenger,1,0,1,81,82,1.22
December 31 2020,Columbia,WA,Passenger,5,3,8,2507,2515,0.32
November 30 2020,Los Angeles,CA,Passenger,8,8,16,896,912,1.75
November 30 2020,Lincoln,WA,Truck,0,0,0,4779,4779,0.00
November 30 2020,Harris,TX,Passenger,1,0,1,190,191,0.52
November 30 2020,Suffolk City,VA,Passenger,1,0,1,116,117,0.85
December 31 2020,Clark,WA,Truck,0,0,0,85272,85272,0.00
December 31 2020,Denver,CO,Passenger,1,0,1,94,95,1.05
January 31 2021,Island,WA,Truck,0,0,0,21860,21860,0.00
December 31 2020,Deschutes,OR,Passenger,1,0,1,99,100,1.00
November 30 2020,Honolulu,HI,Passenger,4,0,4,385,389,1.03
December 31 2020,Jones,GA,Passenger,1,0,1,1,2,50.00
December 31 2020,Cowlitz,WA,Passenger,188,140,328,73561,73889,0.44
January 31 2021,Jefferson,NY,Passenger,0,1,1,209,210,0.48
December 31 2020,Douglas,OR,Passenger,1,0,1,35,36,2.78
December 31 2020,Cumberland,NC,Passenger,0,3,3,437,440,0.68
November 30 2020,Montgomery,MD,Passenger,1,4,5,220,225,2.22
November 30 2020,Montgomery,OH,Passenger,0,1,1,61,62,1.61
November 30 2020,Williams,ND,Passenger,0,1,1,11,12,8.33
November 30 2020,Okanogan,,Passenger,45,31,76,20730,20806,0.37
January 31 2021,Klickitat,WA,Passenger,67,43,110,15376,15486,0.71
November 30 2020,Pacific,WA,Passenger,44,40,84,16015,16099,0.52
November 30 2020,Yakima,WA,Passenger,182,132,314,171101,171415,0.18
November 30 2020,Kings,NY,Passenger,1,0,1,54,55,1.82
November 30 2020,Palm Beach,FL,Passenger,0,1,1,55,56,1.79
December 31 2020,Goochland,VA,Passenger,3,1,4,171,175,2.29
December 31 2020,Dupage,IL,Passenger,1,0,1,42,43,2.33
December 31 2020,,CA,Passenger,1,2,3,199,202,1.49
December 31 2020,Allegheny,PA,Passenger,1,1,2,56,58,3.45
December 31 2020,Guadalupe,TX,Passenger,1,0,1,41,42,2.38
December 31 2020,Los Angeles,CA,Passenger,9,9,18,874,892,2.02
November 30 2020,Otero,NM,Passenger,0,1,1,33,34,2.94
December 31 2020,Arapahoe,CO,Passenger,1,0,1,112,113,0.88
November 30 2020,Pacific,WA,Truck,0,0,0,7927,7927,0.00
December 31 2020,Mason,WA,Passenger,205,144,349,48641,48990,0.71
November 30 2020,Pend Oreille,WA,Truck,0,0,0,5887,5887,0.00
November 30 2020,Ramsey,MN,Passenger,1,0,1,28,29,3.45
January 31 2021,Liberty,GA,Passenger,1,0,1,113,114,0.88
December 31 2020,Glacier,MT,Passenger,0,1,1,4,5,20.00
November 30 2020,Pima,AZ,Passenger,2,1,3,280,283,1.06
December 31 2020,Bell,TX,Passenger,0,1,1,350,351,0.28
November 30 2020,Polk,FL,Passenger,1,0,1,54,55,1.82
December 31 2020,Benton,WA,Truck,0,0,0,44194,44194,0.00
November 30 2020,Powhatan,VA,Passenger,1,0,1,0,1,100.00
December 31 2020,Grant,WA,Passenger,83,86,169,67481,67650,0.25
November 30 2020,Mason,WA,Passenger,201,146,347,48511,48858,0.71
November 30 2020,Prince William,VA,Passenger,2,2,4,222,226,1.77
November 30 2020,San Bernardino,CA,Passenger,0,1,1,401,402,0.25
December 31 2020,Grays Harbor,WA,Passenger,144,126,270,49427,49697,0.54
December 31 2020,Boone,MO,Passenger,0,1,1,7,8,12.50
January 31 2021,Mason,WA,Passenger,210,149,359,48656,49015,0.73
December 31 2020,Bradley,TN,Passenger,1,1,2,0,2,100.00
December 31 2020,Multnomah,OR,Passenger,3,6,9,626,635,1.42
December 31 2020,Kern,CA,Passenger,1,1,2,210,212,0.94
November 30 2020,Santa Cruz,CA,Passenger,1,0,1,27,28,3.57
December 31 2020,King,WA,Passenger,27669,8504,36173,1391763,1427936,2.53
November 30 2020,Missoula,MT,Passenger,1,0,1,50,51,1.96
December 31 2020,Kitsap,WA,Passenger,1642,786,2428,183365,185793,1.31
December 31 2020,Calvert,MD,Passenger,0,2,2,86,88,2.27
November 30 2020,Monterey,CA,Passenger,1,0,1,160,161,0.62
December 31 2020,Okanogan,,Passenger,47,31,78,20811,20889,0.37
January 31 2021,Montgomery,OH,Passenger,0,1,1,61,62,1.61
November 30 2020,Montgomery,AL,Passenger,0,1,1,34,35,2.86
November 30 2020,Skagit,WA,Passenger,512,259,771,93315,94086,0.82
November 30 2020,Skagit,WA,Truck,1,0,1,33542,33543,0.00
December 31 2020,Hennepin,MN,Passenger,1,0,1,71,72,1.39
November 30 2020,Snohomish,WA,Truck,0,0,0,128486,128486,0.00
November 30 2020,Moore,NC,Passenger,0,1,1,152,153,0.65
November 30 2020,San Francisco,CA,Passenger,1,1,2,79,81,2.47
December 31 2020,Charles,MD,Passenger,1,1,2,64,66,3.03
December 31 2020,Howard,IN,Passenger,0,1,1,3,4,25.00
December 31 2020,Leavenworth,KS,Passenger,0,1,1,116,117,0.85
December 31 2020,Lewis,WA,Passenger,136,128,264,59938,60202,0.44
November 30 2020,Okanogan,WA,Truck,0,0,0,4003,4003,0.00
November 30 2020,Skamania,WA,Truck,0,0,0,4149,4149,0.00
November 30 2020,Twin Falls,ID,Passenger,0,1,1,17,18,5.56
January 31 2021,Otero,NM,Passenger,0,1,1,33,34,2.94
December 31 2020,Jefferson,WA,Truck,0,0,0,9795,9795,0.00
December 31 2020,Clallam,WA,Truck,1,0,1,22341,22342,0.00
January 31 2021,Pacific,WA,Truck,0,0,0,7969,7969,0.00
December 31 2020,Juneau,AK,Passenger,0,1,1,20,21,4.76
December 31 2020,Ramsey,MN,Passenger,1,0,1,28,29,3.45
November 30 2020,Spokane,WA,Passenger,904,579,1483,326763,328246,0.45
January 31 2021,Pima,AZ,Passenger,1,1,2,263,265,0.75
December 31 2020,Klickitat,WA,Truck,0,0,0,8339,8339,0.00
December 31 2020,Riverside,CA,Passenger,4,1,5,543,548,0.91
December 31 2020,Davidson,TN,Passenger,1,0,1,45,46,2.17
December 31 2020,Larimer,CO,Passenger,0,1,1,39,40,2.50
November 30 2020,Washoe,NV,Passenger,1,0,1,73,74,1.35
December 31 2020,Manassas City,VA,Passenger,0,1,1,4,5,20.00
January 31 2021,Polk,FL,Passenger,1,0,1,51,52,1.92
December 31 2020,Dekalb,GA,Passenger,1,0,1,60,61,1.64
November 30 2020,Westchester,NY,Passenger,0,1,1,21,22,4.55
December 31 2020,Mason,WA,Truck,0,0,0,21469,21469,0.00
December 31 2020,Douglas,WA,Passenger,88,45,133,28750,28883,0.46
November 30 2020,Umatilla,WA,Passenger,0,0,0,2,2,0.00
December 31 2020,San Bernardino,CA,Passenger,0,1,1,390,391,0.26
November 30 2020,Vigo,IN,Passenger,1,0,1,5,6,16.67
November 30 2020,Whitman,WA,Passenger,53,47,100,22453,22553,0.44
November 30 2020,Wahkiakum,WA,Truck,0,0,0,1809,1809,0.00
November 30 2020,Wichita,TX,Passenger,1,0,1,41,42,2.38
December 31 2020,Erie,NY,Passenger,1,0,1,35,36,2.78
December 31 2020,Santa Cruz,CA,Passenger,1,0,1,25,26,3.85
December 31 2020,Ada,ID,Passenger,0,1,1,216,217,0.46
November 30 2020,Walla Walla,WA,Truck,0,0,0,14206,14206,0.00
December 31 2020,Fairfax,VA,Passenger,5,4,9,668,677,1.33
December 31 2020,Alameda,CA,Passenger,2,0,2,238,240,0.83
December 31 2020,Flathead,MT,Passenger,1,0,1,41,42,2.38
November 30 2020,Washtenaw,MI,Passenger,1,0,1,20,21,4.76
November 30 2020,Sarpy,NE,Passenger,1,0,1,63,64,1.56
December 31 2020,Skagit,WA,Truck,1,0,1,33561,33562,0.00
December 31 2020,Anne Arundel,MD,Passenger,1,3,4,381,385,1.04
November 30 2020,Whatcom,WA,Passenger,1280,559,1839,152768,154607,1.19
December 31 2020,Montgomery,MD,Passenger,2,4,6,220,226,2.65
November 30 2020,Whatcom,WA,Truck,3,0,3,44482,44485,0.01
December 31 2020,Asotin,WA,Passenger,17,14,31,12721,12752,0.24
January 31 2021,Sarpy,NE,Passenger,1,0,1,58,59,1.69
December 31 2020,Stafford,VA,Passenger,2,0,2,85,87,2.30
January 31 2021,Sevier,AR,Passenger,0,1,1,0,1,100.00
December 31 2020,Norfolk City,VA,Passenger,2,1,3,345,348,0.86
November 30 2020,Whitman,WA,Truck,0,0,0,8690,8690,0.00
December 31 2020,Oldham,KY,Passenger,0,1,1,4,5,20.00
January 31 2021,Shelby,OH,Passenger,0,1,1,1,2,50.00
December 31 2020,Orange,CA,Passenger,3,2,5,443,448,1.12
November 30 2020,Spartanburg,SC,Passenger,0,1,1,35,36,2.78
January 31 2021,Skamania,WA,Passenger,38,24,62,8550,8612,0.72
December 31 2020,Howard,MD,Passenger,0,1,1,74,75,1.33
December 31 2020,,,Passenger,8,5,13,1745,1758,0.74
December 31 2020,Pacific,WA,Passenger,43,41,84,15995,16079,0.52
December 31 2020,Adams,WA,Passenger,10,10,20,13271,13291,0.15
December 31 2020,Island,WA,Passenger,528,309,837,64227,65064,1.29
December 31 2020,Adams,WA,Truck,0,0,0,5501,5501,0.00
December 31 2020,Philadelphia,PA,Passenger,1,0,1,59,60,1.67
December 31 2020,Washoe,NV,Passenger,1,0,1,71,72,1.39
December 31 2020,Arlington,VA,Passenger,0,2,2,125,127,1.57
January 31 2021,Tipton,TN,Passenger,1,0,1,11,12,8.33
December 31 2020,Pend Oreille,WA,Passenger,12,4,16,9459,9475,0.17
December 31 2020,Pierce,WA,Passenger,3078,1902,4980,565639,570619,0.87
December 31 2020,Jefferson,NY,Passenger,0,1,1,209,210,0.48
November 30 2020,Utah,UT,Passenger,0,1,1,110,111,0.90
January 31 2021,Vigo,IN,Passenger,1,0,1,5,6,16.67
December 31 2020,Westchester,NY,Passenger,0,1,1,19,20,5.00
December 31 2020,Pinellas,FL,Passenger,1,1,2,73,75,2.67
December 31 2020,Cascade,MT,Passenger,0,1,1,55,56,1.79
December 31 2020,Bartow,GA,Passenger,0,1,1,3,4,25.00
December 31 2020,Placer,CA,Passenger,1,0,1,72,73,1.37
December 31 2020,Plaquemines,LA,Passenger,0,1,1,15,16,6.25
December 31 2020,Wichita,TX,Passenger,1,0,1,41,42,2.38
January 31 2021,Walla Walla,WA,Truck,0,0,0,14265,14265,0.00
December 31 2020,Williams,ND,Passenger,0,1,1,12,13,7.69
December 31 2020,Kent,DE,Passenger,0,1,1,60,61,1.64
December 31 2020,Powhatan,VA,Passenger,1,0,1,1,2,50.00
December 31 2020,Kitsap,WA,Truck,0,0,0,55471,55471,0.00
December 31 2020,Putnam,TN,Passenger,0,1,1,1,2,50.00
January 31 2021,Whatcom,WA,Passenger,1328,589,1917,152987,154904,1.24
December 31 2020,Kittitas,WA,Truck,0,0,0,15024,15024,0.00
December 31 2020,Cowlitz,WA,Truck,0,0,0,29647,29647,0.00
January 31 2021,Whitman,WA,Truck,1,0,1,8706,8707,0.01
January 31 2021,Williams,ND,Passenger,0,1,1,12,13,7.69
January 31 2021,Allegheny,PA,Passenger,1,1,2,55,57,3.51
December 31 2020,Salt Lake,UT,Passenger,0,1,1,151,152,0.66
December 31 2020,Lincoln,WA,Truck,0,0,0,4791,4791,0.00
December 31 2020,Anchorage,AK,Passenger,1,0,1,137,138,0.72
December 31 2020,Carroll,MD,Passenger,0,1,1,15,16,6.25
December 31 2020,Fairbanks North Star,AK,Passenger,0,1,1,88,89,1.12
January 31 2021,Asotin,WA,Truck,0,0,0,6862,6862,0.00
December 31 2020,San Francisco,CA,Passenger,1,1,2,80,82,2.44
February 28 2021,Alexandria City,VA,Passenger,4,0,4,131,135,2.96
December 31 2020,Sarasota,FL,Passenger,1,0,1,20,21,4.76
December 31 2020,Ferry,WA,Passenger,9,3,12,4497,4509,0.27
December 31 2020,Clark,NV,Passenger,3,1,4,584,588,0.68
December 31 2020,Sedgwick,KS,Passenger,1,0,1,81,82,1.22
December 31 2020,Franklin,WA,Passenger,93,88,181,62637,62818,0.29
January 31 2021,Boone,MO,Passenger,0,1,1,7,8,12.50
December 31 2020,Franklin,WA,Truck,0,0,0,20961,20961,0.00
December 31 2020,Skamania,WA,Truck,0,0,0,4144,4144,0.00
February 28 2021,Boulder,CO,Passenger,1,1,2,33,35,5.71
December 31 2020,Spartanburg,SC,Passenger,0,1,1,36,37,2.70
December 31 2020,Bryan,GA,Passenger,1,0,1,54,55,1.82
December 31 2020,Columbia,GA,Passenger,1,0,1,132,133,0.75
December 31 2020,Fresno,CA,Passenger,1,0,1,160,161,0.62
December 31 2020,Suffolk City,VA,Passenger,1,0,1,115,116,0.86
December 31 2020,Bucks,PA,Passenger,1,0,1,18,19,5.26
January 31 2021,Caddo,LA,Passenger,1,0,1,10,11,9.09
December 31 2020,Contra Costa,CA,Passenger,2,0,2,159,161,1.24
December 31 2020,Spokane,WA,Passenger,935,586,1521,327486,329007,0.46
December 31 2020,Camden,GA,Passenger,1,1,2,132,134,1.49
December 31 2020,Nassau,NY,Passenger,2,0,2,24,26,7.69
December 31 2020,Twin Falls,ID,Passenger,0,1,1,17,18,5.56
December 31 2020,Grant,WA,Truck,0,0,0,28300,28300,0.00
January 31 2021,Cascade,MT,Passenger,0,1,1,55,56,1.79
December 31 2020,Grays Harbor,WA,Truck,0,0,0,21572,21572,0.00
February 28 2021,Columbia,WA,Passenger,5,4,9,2513,2522,0.36
December 31 2020,Otero,NM,Passenger,0,1,1,33,34,2.94
January 31 2021,Chaves,NM,Passenger,1,0,1,9,10,10.00
December 31 2020,Utah,UT,Passenger,0,1,1,107,108,0.93
December 31 2020,Pacific,WA,Truck,0,0,0,7955,7955,0.00
December 31 2020,Dekalb,IN,Passenger,1,0,1,0,1,100.00
December 31 2020,Ventura,CA,Passenger,1,2,3,269,272,1.10
December 31 2020,Chesapeake City,VA,Passenger,0,3,3,390,393,0.76
December 31 2020,Harrison,MS,Passenger,2,0,2,55,57,3.51
December 31 2020,Palm Beach,FL,Passenger,0,1,1,54,55,1.82
December 31 2020,Whatcom,WA,Truck,3,0,3,44512,44515,0.01
December 31 2020,Platte,MO,Passenger,1,0,1,18,19,5.26
December 31 2020,Clark,WA,Passenger,2496,1242,3738,325711,329449,1.13
February 28 2021,Deschutes,OR,Passenger,1,0,1,100,101,0.99
January 31 2021,Davidson,TN,Passenger,1,0,1,45,46,2.17
December 31 2020,El Dorado,CA,Passenger,1,0,1,29,30,3.33
January 31 2021,,,Passenger,8,5,13,1722,1735,0.75
January 31 2021,Dekalb,GA,Passenger,1,0,1,56,57,1.75
December 31 2020,Whitman,WA,Passenger,53,47,100,22393,22493,0.44
February 28 2021,Douglas,OR,Passenger,1,0,1,32,33,3.03
January 31 2021,Anne Arundel,MD,Passenger,3,3,6,378,384,1.56
February 28 2021,Dupage,IL,Passenger,1,0,1,42,43,2.33
January 31 2021,Asotin,WA,Passenger,17,14,31,12729,12760,0.24
December 31 2020,Frederick,MD,Passenger,2,1,3,76,79,3.80
December 31 2020,Yakima,WA,Truck,0,0,0,62811,62811,0.00
December 31 2020,King,WA,Truck,7,1,8,188169,188177,0.00
December 31 2020,Saint Louis City,MO,Passenger,1,0,1,22,23,4.35
December 31 2020,District Of Columbia,DC,Passenger,2,3,5,203,208,2.40
December 31 2020,Douglas,NE,Passenger,0,1,1,44,45,2.22
January 31 2021,Alexandria City,VA,Passenger,4,0,4,131,135,2.96
January 31 2021,Franklin,WA,Truck,0,0,0,21003,21003,0.00
January 31 2021,Fresno,CA,Passenger,1,0,1,160,161,0.62
December 31 2020,Harris,TX,Passenger,1,0,1,190,191,0.52
February 28 2021,Glacier,MT,Passenger,0,1,1,4,5,20.00
December 31 2020,Lewis,WA,Truck,0,0,0,27219,27219,0.00
January 31 2021,Anchorage,AK,Passenger,1,0,1,136,137,0.73
January 31 2021,Calvert,MD,Passenger,0,2,2,86,88,2.27
December 31 2020,Skamania,WA,Passenger,37,23,60,8573,8633,0.70
December 31 2020,Hidalgo,TX,Passenger,0,1,1,57,58,1.72
January 31 2021,Bartow,GA,Passenger,0,1,1,3,4,25.00
December 31 2020,Honolulu,HI,Passenger,4,0,4,372,376,1.06
December 31 2020,Garfield,WA,Truck,0,0,0,1024,1024,0.00
February 28 2021,Hennepin,MN,Passenger,1,0,1,66,67,1.49
January 31 2021,Charleston,SC,Passenger,1,0,1,77,78,1.28
December 31 2020,Sumter,FL,Passenger,0,1,1,10,11,9.09
December 31 2020,Maricopa,AZ,Passenger,5,4,9,1036,1045,0.86
December 31 2020,Travis,TX,Passenger,1,0,1,142,143,0.70
January 31 2021,Clark,WA,Truck,0,0,0,85293,85293,0.00
February 28 2021,Jefferson,WA,Truck,0,0,0,9776,9776,0.00
December 31 2020,Kings,NY,Passenger,1,0,1,53,54,1.85
January 31 2021,Jefferson,WA,Passenger,299,181,480,25278,25758,1.86
December 31 2020,Vigo,IN,Passenger,1,0,1,5,6,16.67
December 31 2020,Wahkiakum,WA,Passenger,6,8,14,3099,3113,0.45
December 31 2020,Lake,IL,Passenger,2,0,2,161,163,1.23
January 31 2021,Contra Costa,CA,Passenger,2,0,2,158,160,1.25
December 31 2020,Monterey,CA,Passenger,1,0,1,160,161,0.62
January 31 2021,Kent,DE,Passenger,0,1,1,60,61,1.64
December 31 2020,Walla Walla,WA,Passenger,102,71,173,36942,37115,0.47
December 31 2020,Jefferson,WA,Passenger,294,169,463,25298,25761,1.80
December 31 2020,Montgomery,PA,Passenger,1,0,1,20,21,4.76
January 31 2021,Camden,GA,Passenger,1,1,2,129,131,1.53
January 31 2021,Douglas,WA,Passenger,86,46,132,28739,28871,0.46
December 31 2020,New Castle,DE,Passenger,1,0,1,23,24,4.17
December 31 2020,Liberty,GA,Passenger,1,0,1,111,112,0.89
December 31 2020,Kittitas,WA,Passenger,134,55,189,30529,30718,0.62
January 31 2021,Dupage,IL,Passenger,1,0,1,42,43,2.33
December 31 2020,Whatcom,WA,Passenger,1297,575,1872,153014,154886,1.21
December 31 2020,Klamath,OR,Passenger,1,0,1,23,24,4.17
February 28 2021,Lincoln,WA,Passenger,8,13,21,7826,7847,0.27
December 31 2020,Williamson,TX,Passenger,1,0,1,94,95,1.05
January 31 2021,Fairfax,VA,Passenger,5,4,9,661,670,1.34
December 31 2020,Lincoln,WA,Passenger,6,12,18,7823,7841,0.23
January 31 2021,Los Angeles,CA,Passenger,9,9,18,856,874,2.06
January 31 2021,Columbia,GA,Passenger,1,0,1,128,129,0.78
February 28 2021,Manassas City,VA,Passenger,0,1,1,4,5,20.00
January 31 2021,Columbia,WA,Passenger,5,3,8,2516,2524,0.32
January 31 2021,Alameda,CA,Passenger,2,0,2,234,236,0.85
February 28 2021,Mason,WA,Truck,0,0,0,21512,21512,0.00
December 31 2020,Maui,HI,Passenger,1,0,1,25,26,3.85
January 31 2021,Grant,WA,Passenger,91,90,181,67586,67767,0.27
December 31 2020,San Juan,WA,Passenger,370,115,485,14420,14905,3.25
January 31 2021,Harris,TX,Passenger,1,0,1,185,186,0.54
January 31 2021,Missoula,MT,Passenger,1,0,1,51,52,1.92
December 31 2020,San Mateo,CA,Passenger,0,1,1,100,101,0.99
January 31 2021,Bexar,TX,Passenger,3,5,8,497,505,1.58
December 31 2020,Okanogan,WA,Passenger,9,6,15,5898,5913,0.25
January 31 2021,Honolulu,HI,Passenger,4,0,4,366,370,1.08
January 31 2021,Douglas,NE,Passenger,1,1,2,44,46,4.35
January 31 2021,Monterey,CA,Passenger,1,0,1,154,155,0.65
December 31 2020,Okanogan,WA,Truck,0,0,0,3993,3993,0.00
January 31 2021,Douglas,OR,Passenger,1,0,1,34,35,2.86
January 31 2021,Howard,IN,Passenger,0,1,1,3,4,25.00
January 31 2021,Moore,NC,Passenger,0,1,1,139,140,0.71
December 31 2020,Nassau,FL,Passenger,1,0,1,22,23,4.35
December 31 2020,Orange,FL,Passenger,1,0,1,101,102,0.98
January 31 2021,Island,WA,Passenger,550,313,863,64178,65041,1.33
February 28 2021,Montgomery,MD,Passenger,2,4,6,216,222,2.70
December 31 2020,Ozaukee,WI,Passenger,0,1,1,3,4,25.00
January 31 2021,Nueces,TX,Passenger,1,0,1,78,79,1.27
January 31 2021,Fairbanks North Star,AK,Passenger,0,1,1,87,88,1.14
January 31 2021,Boulder,CO,Passenger,1,1,2,32,34,5.88
January 31 2021,Okanogan,,Passenger,47,32,79,20875,20954,0.38
January 31 2021,Ferry,WA,Passenger,9,3,12,4476,4488,0.27
January 31 2021,Jefferson,WA,Truck,0,0,0,9809,9809,0.00
February 28 2021,Nassau,FL,Passenger,1,0,1,20,21,4.76
December 31 2020,Thurston,WA,Truck,0,0,0,57377,57377,0.00
January 31 2021,Palm Beach,FL,Passenger,0,1,1,53,54,1.85
January 31 2021,Juneau,AK,Passenger,0,1,1,20,21,4.76
December 31 2020,Pierce,WA,Truck,0,0,0,147883,147883,0.00
December 31 2020,Pend Oreille,WA,Truck,0,0,0,5878,5878,0.00
December 31 2020,Pennington,SD,Passenger,1,0,1,32,33,3.03
January 31 2021,Kings,NY,Passenger,1,0,1,53,54,1.85
February 28 2021,Okanogan,WA,Passenger,10,5,15,5893,5908,0.25
February 28 2021,Oldham,KY,Passenger,0,1,1,4,5,20.00
January 31 2021,Kitsap,WA,Truck,0,0,0,55375,55375,0.00
February 28 2021,Orange,CA,Passenger,3,2,5,435,440,1.14
January 31 2021,Chelan,WA,Truck,0,0,0,23342,23342,0.00
January 31 2021,Guadalupe,TX,Passenger,1,0,1,40,41,2.44
January 31 2021,Ramsey,MN,Passenger,1,0,1,28,29,3.45
January 31 2021,Saginaw,MI,Passenger,2,0,2,8,10,20.00
February 28 2021,Pacific,WA,Passenger,46,44,90,16095,16185,0.56
December 31 2020,Riley,KS,Passenger,1,0,1,59,60,1.67
January 31 2021,Clark,NV,Passenger,4,1,5,578,583,0.86
January 31 2021,Harrison,MS,Passenger,2,0,2,55,57,3.51
January 31 2021,San Bernardino,CA,Passenger,0,1,1,388,389,0.26
February 28 2021,Pend Oreille,WA,Passenger,12,4,16,9461,9477,0.17
January 31 2021,Lewis,WA,Truck,0,0,0,27268,27268,0.00
January 31 2021,San Juan,WA,Passenger,382,117,499,14415,14914,3.35
December 31 2020,Saint Marys,MD,Passenger,1,0,1,176,177,0.56
December 31 2020,Sacramento,CA,Passenger,2,0,2,223,225,0.89
February 28 2021,Pierce,WA,Passenger,3278,1942,5220,564880,570100,0.92
January 31 2021,Lincoln,WA,Truck,0,0,0,4803,4803,0.00
January 31 2021,San Mateo,CA,Passenger,0,1,1,97,98,1.02
December 31 2020,San Diego,CA,Passenger,13,7,20,2699,2719,0.74
January 31 2021,Santa Cruz,CA,Passenger,1,0,1,25,26,3.85
December 31 2020,San Juan,WA,Truck,0,0,0,6034,6034,0.00
February 28 2021,Pinellas,FL,Passenger,1,1,2,72,74,2.70
January 31 2021,Cowlitz,WA,Truck,0,0,0,29670,29670,0.00
February 28 2021,Plaquemines,LA,Passenger,0,1,1,15,16,6.25
December 31 2020,Santa Clara,CA,Passenger,5,2,7,234,241,2.90
January 31 2021,Albemarle,VA,Passenger,1,0,1,22,23,4.35
December 31 2020,Sarpy,NE,Passenger,1,0,1,61,62,1.61
December 31 2020,Shelby,OH,Passenger,0,1,1,1,2,50.00
January 31 2021,Skagit,WA,Truck,1,0,1,33601,33602,0.00
February 28 2021,Putnam,TN,Passenger,0,1,1,1,2,50.00
January 31 2021,Snohomish,WA,Truck,3,0,3,128532,128535,0.00
December 31 2020,Skagit,WA,Passenger,527,261,788,93290,94078,0.84
January 31 2021,Dekalb,IN,Passenger,1,0,1,0,1,100.00
December 31 2020,Solano,CA,Passenger,1,0,1,208,209,0.48
January 31 2021,Benton,WA,Passenger,468,370,838,137825,138663,0.60
January 31 2021,Denver,CO,Passenger,1,0,1,95,96,1.04
January 31 2021,Benton,WA,Truck,0,0,0,44272,44272,0.00
December 31 2020,Snohomish,WA,Passenger,5240,1964,7204,547781,554985,1.30
January 31 2021,Deschutes,OR,Passenger,1,0,1,100,101,0.99
January 31 2021,Stevens,WA,Truck,0,0,0,19279,19279,0.00
December 31 2020,Snohomish,WA,Truck,0,0,0,128628,128628,0.00
February 28 2021,Riley,KS,Passenger,1,0,1,57,58,1.72
January 31 2021,Montgomery,MD,Passenger,2,4,6,217,223,2.69
December 31 2020,Stevens,WA,Truck,0,0,0,19260,19260,0.00
January 31 2021,Kittitas,WA,Passenger,141,56,197,30517,30714,0.64
December 31 2020,Tipton,TN,Passenger,1,0,1,11,12,8.33
January 31 2021,Klamath,OR,Passenger,1,0,1,23,24,4.17
January 31 2021,Bucks,PA,Passenger,1,0,1,18,19,5.26
January 31 2021,Nassau,NY,Passenger,2,0,2,23,25,8.00
December 31 2020,Tulsa,OK,Passenger,0,1,1,37,38,2.63
January 31 2021,El Paso,TX,Passenger,2,0,2,384,386,0.52
January 31 2021,Okanogan,WA,Truck,0,0,0,3991,3991,0.00
December 31 2020,Umatilla,WA,Passenger,0,0,0,2,2,0.00
February 28 2021,Sedgwick,KS,Passenger,1,0,1,81,82,1.22
January 31 2021,Charles,MD,Passenger,1,1,2,64,66,3.03
December 31 2020,Virginia Beach City,VA,Passenger,1,0,1,600,601,0.17
January 31 2021,Fulton,GA,Passenger,0,2,2,75,77,2.60
January 31 2021,Powhatan,VA,Passenger,1,0,1,1,2,50.00
December 31 2020,Wahkiakum,WA,Truck,0,0,0,1812,1812,0.00
January 31 2021,Washoe,NV,Passenger,1,0,1,69,70,1.43
February 28 2021,Spartanburg,SC,Passenger,0,1,1,34,35,2.86
January 31 2021,Chesapeake City,VA,Passenger,0,3,3,385,388,0.77
January 31 2021,,CA,Passenger,1,3,4,198,202,1.98
January 31 2021,Grant,WA,Truck,0,0,0,28362,28362,0.00
December 31 2020,Washtenaw,MI,Passenger,1,0,1,20,21,4.76
January 31 2021,Grays Harbor,WA,Truck,0,0,0,21602,21602,0.00
January 31 2021,Clallam,WA,Passenger,298,195,493,50985,51478,0.96
January 31 2021,Westchester,NY,Passenger,0,1,1,18,19,5.26
December 31 2020,Whitman,WA,Truck,0,0,0,8702,8702,0.00
February 28 2021,Twin Falls,ID,Passenger,0,1,1,15,16,6.25
January 31 2021,Wichita,TX,Passenger,1,0,1,42,43,2.33
January 31 2021,Clallam,WA,Truck,1,0,1,22364,22365,0.00
January 31 2021,Bell,TX,Passenger,0,1,1,347,348,0.29
January 31 2021,Maricopa,AZ,Passenger,4,3,7,1017,1024,0.68
January 31 2021,Yakima,WA,Passenger,196,138,334,171427,171761,0.19
January 31 2021,Bradley,TN,Passenger,1,1,2,0,2,100.00
January 31 2021,Adams,WA,Passenger,10,10,20,13269,13289,0.15
January 31 2021,Maui,HI,Passenger,1,0,1,24,25,4.00
January 31 2021,Saint Marys,MD,Passenger,1,0,1,178,179,0.56
January 31 2021,Milwaukee,WI,Passenger,1,0,1,36,37,2.70
January 31 2021,San Francisco,CA,Passenger,1,1,2,78,80,2.50
January 31 2021,Broward,FL,Passenger,1,1,2,93,95,2.11
January 31 2021,Arlington,VA,Passenger,0,1,1,123,124,0.81
February 28 2021,Bradley,TN,Passenger,1,1,2,0,2,100.00
January 31 2021,Bryan,GA,Passenger,1,0,1,55,56,1.79
January 31 2021,Carson City,NV,Passenger,1,0,1,10,11,9.09
January 31 2021,Jones,GA,Passenger,1,0,1,1,2,50.00
February 28 2021,Bryan,GA,Passenger,1,0,1,54,55,1.82
January 31 2021,Spokane,WA,Passenger,959,591,1550,327214,328764,0.47
January 31 2021,Kern,CA,Passenger,1,1,2,206,208,0.96
February 28 2021,Carson City,NV,Passenger,1,0,1,10,11,9.09
January 31 2021,Glacier,MT,Passenger,0,1,1,5,6,16.67
January 31 2021,New Castle,DE,Passenger,1,0,1,23,24,4.17
January 31 2021,King,WA,Passenger,28536,8648,37184,1388330,1425514,2.61
January 31 2021,Norfolk City,VA,Passenger,2,1,3,340,343,0.87
March 31 2021,Anchorage,AK,Passenger,1,0,1,132,133,0.75
January 31 2021,Clackamas,OR,Passenger,2,0,2,139,141,1.42
February 28 2021,Chelan,WA,Truck,0,0,0,23366,23366,0.00
March 31 2021,Anne Arundel,MD,Passenger,3,3,6,372,378,1.59
January 31 2021,Leavenworth,KS,Passenger,0,1,1,113,114,0.88
March 31 2021,Asotin,WA,Passenger,18,15,33,12828,12861,0.26
January 31 2021,Orange,FL,Passenger,1,0,1,99,100,1.00
February 28 2021,Clackamas,OR,Passenger,2,0,2,137,139,1.44
January 31 2021,Tulsa,OK,Passenger,0,1,1,35,36,2.78
January 31 2021,Lewis,WA,Passenger,139,137,276,59937,60213,0.46
January 31 2021,Howard,MD,Passenger,0,1,1,73,74,1.35
January 31 2021,Columbia,WA,Truck,0,0,0,1582,1582,0.00
February 28 2021,Clark,WA,Truck,3,0,3,85201,85204,0.00
January 31 2021,Utah,UT,Passenger,0,1,1,106,107,0.93
January 31 2021,Cumberland,NC,Passenger,0,2,2,436,438,0.46
January 31 2021,Pacific,WA,Passenger,45,43,88,16073,16161,0.54
January 31 2021,Cowlitz,WA,Passenger,200,142,342,73532,73874,0.46
January 31 2021,Walla Walla,WA,Passenger,107,72,179,36958,37137,0.48
January 31 2021,Pend Oreille,WA,Truck,0,0,0,5873,5873,0.00
January 31 2021,Pennington,SD,Passenger,1,0,1,31,32,3.12
January 31 2021,Manassas City,VA,Passenger,0,1,1,4,5,20.00
January 31 2021,District Of Columbia,DC,Passenger,2,3,5,203,208,2.40
February 28 2021,Cowlitz,WA,Passenger,207,143,350,73288,73638,0.48
March 31 2021,Boulder,CO,Passenger,1,1,2,33,35,5.71
January 31 2021,Philadelphia,PA,Passenger,1,0,1,56,57,1.75
January 31 2021,Whitman,WA,Passenger,53,49,102,22323,22425,0.45
February 28 2021,Cumberland,NC,Passenger,0,2,2,432,434,0.46
December 31 2017,Dekalb,GA,Passenger,1,0,1,84,85,1.18
November 30 2017,Palm Beach,FL,Passenger,0,1,1,84,85,1.18
December 31 2017,Honolulu,HI,Passenger,3,1,4,559,563,0.71
November 30 2017,Pend Oreille,WA,Truck,0,0,0,5915,5915,0.00
December 31 2017,Camden,GA,Passenger,0,1,1,172,173,0.58
December 31 2017,Douglas,WA,Passenger,38,33,71,27852,27923,0.25
December 31 2017,Douglas,WA,Truck,0,0,0,12151,12151,0.00
December 31 2017,Cowlitz,WA,Truck,0,0,0,29119,29119,0.00
December 31 2017,Prince George,VA,Passenger,0,1,1,78,79,1.27
November 30 2017,Pima,AZ,Passenger,0,1,1,404,405,0.25
November 30 2017,Polk,FL,Passenger,1,0,1,61,62,1.61
December 31 2017,Fairfax City,VA,Passenger,1,0,1,9,10,10.00
December 31 2017,Dale,AL,Passenger,0,1,1,72,73,1.37
December 31 2017,King,WA,Passenger,11698,4997,16695,1395197,1411892,1.18
December 31 2017,Dallas,TX,Passenger,0,1,1,178,179,0.56
December 31 2017,Nueces,TX,Passenger,1,1,2,99,101,1.98
December 31 2017,Dekalb,IN,Passenger,1,0,1,1,2,50.00
December 31 2017,Klickitat,WA,Truck,0,0,0,8308,8308,0.00
December 31 2017,Okanogan,,Passenger,8,15,23,20185,20208,0.11
December 31 2017,Franklin,WA,Truck,0,0,0,19202,19202,0.00
December 31 2017,Franklin,OH,Passenger,0,1,1,110,111,0.90
December 31 2017,Frederick,MD,Passenger,0,1,1,92,93,1.08
December 31 2017,Fulton,GA,Passenger,1,1,2,97,99,2.02
December 31 2017,Gallatin,MT,Passenger,0,1,1,58,59,1.69
December 31 2017,El Paso,TX,Passenger,1,0,1,544,545,0.18
December 31 2017,Garfield,WA,Passenger,1,0,1,1366,1367,0.07
December 31 2017,Glacier,MT,Passenger,0,1,1,4,5,20.00
December 31 2017,Lincoln,WA,Truck,0,0,0,4681,4681,0.00
December 31 2017,Santa Fe,NM,Passenger,0,1,1,41,42,2.38
December 31 2017,Saratoga,NY,Passenger,0,1,1,67,68,1.47
November 30 2017,Skagit,WA,Passenger,182,147,329,91395,91724,0.36
December 31 2017,Prince William,VA,Passenger,0,3,3,274,277,1.08
November 30 2017,Skamania,WA,Passenger,12,7,19,8832,8851,0.21
December 31 2017,Ramsey,MN,Passenger,1,0,1,34,35,2.86
December 31 2017,Skagit,WA,Passenger,194,154,348,91641,91989,0.38
December 31 2017,Howard,MD,Passenger,0,1,1,99,100,1.00
November 30 2017,Skamania,WA,Truck,0,0,0,4096,4096,0.00
December 31 2017,Grant,WA,Truck,0,0,0,26709,26709,0.00
December 31 2017,Island,WA,Passenger,173,174,347,62978,63325,0.55
December 31 2017,Grays Harbor,WA,Passenger,51,47,98,46965,47063,0.21
December 31 2017,Grays Harbor,WA,Truck,0,0,0,20746,20746,0.00
December 31 2017,Montgomery,TN,Passenger,1,0,1,259,260,0.38
December 31 2017,District Of Columbia,DC,Passenger,0,4,4,203,207,1.93
November 30 2017,Twin Falls,ID,Passenger,0,1,1,24,25,4.00
December 31 2017,Jefferson,NY,Passenger,1,0,1,250,251,0.40
December 31 2017,Island,WA,Truck,0,0,0,21423,21423,0.00
December 31 2017,Twin Falls,ID,Passenger,0,1,1,24,25,4.00
December 31 2017,Norfolk City,VA,Passenger,2,1,3,329,332,0.90
December 31 2017,San Mateo,CA,Passenger,0,1,1,148,149,0.67
December 31 2017,Hamilton,TN,Passenger,1,0,1,19,20,5.00
December 31 2017,Northampton,PA,Passenger,0,1,1,70,71,1.41
November 30 2017,Virginia Beach City,VA,Passenger,1,1,2,659,661,0.30
November 30 2017,Wahkiakum,WA,Passenger,2,2,4,2940,2944,0.14
December 31 2017,Hardin,KY,Passenger,0,1,1,121,122,0.82
November 30 2017,Wahkiakum,WA,Truck,0,0,0,1723,1723,0.00
December 31 2017,Okanogan,WA,Truck,0,0,0,4404,4404,0.00
December 31 2017,Utah,UT,Passenger,0,1,1,130,131,0.76
December 31 2017,Orange,CA,Passenger,3,1,4,605,609,0.66
December 31 2017,Skagit,WA,Truck,1,0,1,32819,32820,0.00
December 31 2017,Virginia Beach City,VA,Passenger,1,1,2,665,667,0.30
December 31 2017,Flathead,MT,Passenger,1,0,1,56,57,1.75
November 30 2017,Walla Walla,WA,Truck,0,0,0,13823,13823,0.00
December 31 2017,Snohomish,WA,Truck,1,0,1,125662,125663,0.00
December 31 2017,Kittitas,WA,Passenger,39,26,65,29245,29310,0.22
December 31 2017,Lincoln,WA,Passenger,4,6,10,7845,7855,0.13
December 31 2017,Garfield,WA,Truck,0,0,0,967,967,0.00
December 31 2017,Tarrant,TX,Passenger,1,0,1,221,222,0.45
December 31 2017,Whitman,WA,Passenger,18,24,42,23006,23048,0.18
December 31 2017,Latah,ID,Passenger,0,1,1,77,78,1.28
November 30 2017,Whatcom,WA,Passenger,572,229,801,147707,148508,0.54
November 30 2017,Whatcom,WA,Truck,1,0,1,43227,43228,0.00
December 31 2017,Umatilla,WA,Truck,0,0,0,1,1,0.00
December 31 2017,Marion,OR,Passenger,1,0,1,132,133,0.75
December 31 2017,Mason,WA,Truck,0,0,0,20339,20339,0.00
January 31 2018,Alameda,CA,Passenger,0,1,1,355,356,0.28
December 31 2017,Los Angeles,CA,Passenger,6,2,8,1228,1236,0.65
December 31 2017,,,Passenger,9,2,11,2353,2364,0.47
December 31 2017,Adams,WA,Passenger,5,5,10,12870,12880,0.08
January 31 2018,Anne Arundel,MD,Passenger,0,2,2,486,488,0.41
January 31 2018,Asotin,WA,Passenger,8,5,13,12868,12881,0.10
December 31 2017,Washoe,NV,Passenger,1,0,1,117,118,0.85
December 31 2017,Larimer,CO,Passenger,0,1,1,63,64,1.56
December 31 2017,Madison,ID,Passenger,1,0,1,39,40,2.50
December 31 2017,Anne Arundel,MD,Passenger,0,2,2,491,493,0.41
December 31 2017,San Diego,CA,Passenger,5,3,8,2638,2646,0.30
December 31 2017,Jefferson,WA,Passenger,132,79,211,24820,25031,0.84
December 31 2017,Asotin,WA,Passenger,8,5,13,12835,12848,0.10
December 31 2017,Marin,CA,Passenger,1,0,1,55,56,1.79
December 31 2017,Nassau,NY,Passenger,1,1,2,37,39,5.13
December 31 2017,Liberty,GA,Passenger,1,0,1,151,152,0.66
December 31 2017,Kent,DE,Passenger,0,1,1,72,73,1.37
December 31 2017,Mason,WA,Passenger,84,77,161,45975,46136,0.35
December 31 2017,Yakima,WA,Passenger,69,82,151,167024,167175,0.09
December 31 2017,Kitsap,WA,Passenger,766,394,1160,179829,180989,0.64
January 31 2018,,CA,Passenger,1,1,2,305,307,0.65
December 31 2017,Kitsap,WA,Truck,1,0,1,54412,54413,0.00
December 31 2017,Skamania,WA,Truck,0,0,0,4100,4100,0.00
December 31 2017,Miami-Dade,FL,Passenger,0,1,1,125,126,0.79
December 31 2017,Kittitas,WA,Truck,0,0,0,14352,14352,0.00
January 31 2018,Adams,WA,Truck,0,0,0,5399,5399,0.00
December 31 2017,Missoula,MT,Passenger,1,0,1,63,64,1.56
December 31 2017,Orleans,LA,Passenger,0,1,1,49,50,2.00
December 31 2017,Spokane,WA,Passenger,333,277,610,307267,307877,0.20
January 31 2018,Allegheny,PA,Passenger,1,0,1,74,75,1.33
January 31 2018,Canyon,ID,Passenger,0,1,1,85,86,1.16
December 31 2017,Monterey,CA,Passenger,0,2,2,202,204,0.98
January 31 2018,Arlington,VA,Passenger,1,2,3,167,170,1.76
December 31 2017,Canyon,ID,Passenger,0,1,1,84,85,1.18
December 31 2017,Pend Oreille,WA,Passenger,4,4,8,9840,9848,0.08
December 31 2017,Pend Oreille,WA,Truck,0,0,0,5935,5935,0.00
December 31 2017,Moore,NC,Passenger,0,1,1,202,203,0.49
December 31 2017,Charlottesville City,VA,Passenger,0,1,1,12,13,7.69
December 31 2017,Chelan,WA,Truck,0,0,0,22366,22366,0.00
December 31 2017,Ventura,CA,Passenger,0,1,1,338,339,0.29
January 31 2018,Benton,WA,Truck,0,0,0,42114,42114,0.00
December 31 2017,Pacific,WA,Truck,0,0,0,7777,7777,0.00
December 31 2017,Wahkiakum,WA,Truck,0,0,0,1729,1729,0.00
December 31 2017,Palm Beach,FL,Passenger,0,1,1,82,83,1.20
December 31 2017,New Castle,DE,Passenger,1,0,1,26,27,3.70
December 31 2017,Maui,HI,Passenger,1,0,1,69,70,1.43
December 31 2017,Okaloosa,FL,Passenger,1,0,1,182,183,0.55
December 31 2017,Riley,KS,Passenger,1,0,1,93,94,1.06
December 31 2017,Pima,AZ,Passenger,0,1,1,402,403,0.25
December 31 2017,Columbia,WA,Truck,0,0,0,1614,1614,0.00
December 31 2017,Oklahoma,OK,Passenger,0,1,1,122,123,0.81
December 31 2017,Pinal,AZ,Passenger,2,0,2,186,188,1.06
December 31 2017,Russell,AL,Passenger,1,0,1,50,51,1.96
December 31 2017,Whatcom,WA,Truck,1,0,1,43294,43295,0.00
December 31 2017,Sacramento,CA,Passenger,1,0,1,315,316,0.32
December 31 2017,Orange,FL,Passenger,1,1,2,143,145,1.38
December 31 2017,Polk,FL,Passenger,1,0,1,60,61,1.64
January 31 2018,Douglas,WA,Passenger,44,33,77,27901,27978,0.28
December 31 2017,Santa Rosa,FL,Passenger,1,0,1,99,100,1.00
December 31 2017,Ozaukee,WI,Passenger,0,1,1,3,4,25.00
January 31 2018,,,Passenger,9,2,11,2348,2359,0.47
January 31 2018,Fairfax,VA,Passenger,1,3,4,820,824,0.49
January 31 2018,Adams,WA,Passenger,5,4,9,12897,12906,0.07
January 31 2018,Charles,MD,Passenger,0,1,1,82,83,1.20
December 31 2017,Deschutes,OR,Passenger,1,0,1,171,172,0.58
January 31 2018,Ferry,WA,Passenger,2,3,5,4586,4591,0.11
December 31 2017,Skamania,WA,Passenger,12,7,19,8843,8862,0.21
January 31 2018,Clallam,WA,Truck,0,0,0,21922,21922,0.00
January 31 2018,Franklin,WA,Passenger,41,54,95,58466,58561,0.16
December 31 2017,El Paso,CO,Passenger,1,0,1,772,773,0.13
December 31 2017,Saint Lucie,FL,Passenger,1,0,1,25,26,3.85
January 31 2018,Grays Harbor,WA,Truck,0,0,0,20766,20766,0.00
December 31 2017,San Juan,WA,Truck,0,0,0,5854,5854,0.00
December 31 2017,Wahkiakum,WA,Passenger,2,2,4,2930,2934,0.14
December 31 2017,Walla Walla,WA,Passenger,29,32,61,36126,36187,0.17
December 31 2017,Franklin,WA,Passenger,39,53,92,58323,58415,0.16
January 31 2018,Dekalb,GA,Passenger,1,0,1,81,82,1.22
December 31 2017,Sangamon,IL,Passenger,1,0,1,10,11,9.09
January 31 2018,Camden,GA,Passenger,0,1,1,173,174,0.57
December 31 2017,Whatcom,WA,Passenger,583,243,826,148213,149039,0.55
January 31 2018,Howard,MD,Passenger,0,1,1,98,99,1.01
December 31 2017,Shelby,TN,Passenger,0,1,1,113,114,0.88
December 31 2017,Tuolumne,CA,Passenger,0,1,1,12,13,7.69
December 31 2017,Whitman,WA,Truck,0,0,0,8738,8738,0.00
January 31 2018,Island,WA,Passenger,177,176,353,63230,63583,0.56
December 31 2017,Snohomish,WA,Passenger,2148,1147,3295,527126,530421,0.62
December 31 2017,Spokane,WA,Truck,1,0,1,95117,95118,0.00
December 31 2017,Stevens,WA,Passenger,12,23,35,32670,32705,0.11
December 31 2017,Walla Walla,WA,Truck,0,0,0,13803,13803,0.00
December 31 2017,Stevens,WA,Truck,0,0,0,19297,19297,0.00
January 31 2018,Franklin,WA,Truck,0,0,0,19259,19259,0.00
December 31 2017,Sumter,FL,Passenger,0,1,1,9,10,10.00
December 31 2017,Thurston,WA,Passenger,544,425,969,193991,194960,0.50
January 31 2018,Frederick,MD,Passenger,0,1,1,95,96,1.04
January 31 2018,Kittitas,WA,Passenger,40,27,67,29425,29492,0.23
January 31 2018,Columbia,GA,Passenger,1,1,2,167,169,1.18
January 31 2018,Gallatin,MT,Passenger,0,1,1,60,61,1.64
December 31 2017,Travis,TX,Passenger,0,1,1,188,189,0.53
January 31 2018,Lane,OR,Passenger,0,1,1,203,204,0.49
January 31 2018,Lewis,WA,Truck,0,0,0,26290,26290,0.00
January 31 2018,Hamilton,TN,Passenger,1,0,1,19,20,5.00
January 31 2018,Lincoln,WA,Truck,0,0,0,4689,4689,0.00
January 31 2018,Dale,AL,Passenger,0,1,1,74,75,1.33
December 31 2017,King,WA,Truck,9,1,10,190687,190697,0.01
January 31 2018,Dekalb,IN,Passenger,1,0,1,1,2,50.00
January 31 2018,District Of Columbia,DC,Passenger,0,4,4,199,203,1.97
January 31 2018,Maricopa,AZ,Passenger,3,0,3,1513,1516,0.20
December 31 2017,Yakima,WA,Truck,0,0,0,60600,60600,0.00
January 31 2018,Charlottesville City,VA,Passenger,0,1,1,12,13,7.69
January 31 2018,Ada,ID,Passenger,0,1,1,338,339,0.29
January 31 2018,Jefferson,NY,Passenger,1,0,1,246,247,0.40
January 31 2018,Marion,OR,Passenger,1,0,1,130,131,0.76
January 31 2018,Clark,NV,Passenger,1,1,2,719,721,0.28
January 31 2018,Alexandria City,VA,Passenger,2,0,2,170,172,1.16
January 31 2018,Kent,DE,Passenger,0,1,1,74,75,1.33
January 31 2018,Columbia,WA,Passenger,2,1,3,2459,2462,0.12
December 31 2017,Lewis,WA,Passenger,60,48,108,58017,58125,0.19
January 31 2018,Columbia,WA,Truck,0,0,0,1617,1617,0.00
December 31 2017,Lewis,WA,Truck,0,0,0,26290,26290,0.00
January 31 2018,Bexar,TX,Passenger,2,2,4,803,807,0.50
January 31 2018,Kittitas,WA,Truck,0,0,0,14414,14414,0.00
January 31 2018,Montgomery,PA,Passenger,1,0,1,28,29,3.45
January 31 2018,Benton,WA,Passenger,186,188,374,133646,134020,0.28
January 31 2018,Dallas,TX,Passenger,0,1,1,181,182,0.55
January 31 2018,Nassau,NY,Passenger,1,0,1,36,37,2.70
January 31 2018,Brevard,FL,Passenger,0,1,1,93,94,1.06
January 31 2018,New Castle,DE,Passenger,1,0,1,26,27,3.70
January 31 2018,Guilford,NC,Passenger,1,0,1,28,29,3.45
January 31 2018,Deschutes,OR,Passenger,1,0,1,171,172,0.58
January 31 2018,Latah,ID,Passenger,0,1,1,75,76,1.32
January 31 2018,Northampton,PA,Passenger,0,1,1,68,69,1.45
January 31 2018,Gwinnett,GA,Passenger,0,1,1,83,84,1.19
January 31 2018,Liberty,GA,Passenger,1,0,1,150,151,0.66
January 31 2018,Clark,WA,Passenger,966,634,1600,311659,313259,0.51
December 31 2017,Manassas City,VA,Passenger,0,1,1,8,9,11.11
December 31 2017,Manatee,FL,Passenger,1,0,1,35,36,2.78
January 31 2018,Douglas,OR,Passenger,1,0,1,53,54,1.85
January 31 2018,Chelan,WA,Passenger,96,39,135,54628,54763,0.25
January 31 2018,Los Angeles,CA,Passenger,6,3,9,1210,1219,0.74
January 31 2018,Clallam,WA,Passenger,113,101,214,50294,50508,0.42
January 31 2018,Chelan,WA,Truck,0,0,0,22423,22423,0.00
January 31 2018,Dupage,IL,Passenger,1,0,1,61,62,1.61
January 31 2018,Pend Oreille,WA,Truck,0,0,0,5935,5935,0.00
January 31 2018,Honolulu,HI,Passenger,3,1,4,558,562,0.71
January 31 2018,Madison,ID,Passenger,1,0,1,38,39,2.56
January 31 2018,Clark,WA,Truck,0,0,0,81108,81108,0.00
January 31 2018,Clay,FL,Passenger,0,1,1,102,103,0.97
December 31 2017,Montgomery,PA,Passenger,1,0,1,33,34,2.94
January 31 2018,Marin,CA,Passenger,1,0,1,53,54,1.85
December 31 2017,Multnomah,OR,Passenger,3,3,6,881,887,0.68
January 31 2018,Dakota,MN,Passenger,0,1,1,33,34,2.94
January 31 2018,El Paso,CO,Passenger,1,0,1,767,768,0.13
January 31 2018,Mason,WA,Passenger,85,80,165,46107,46272,0.36
January 31 2018,Juneau,AK,Passenger,0,1,1,41,42,2.38
December 31 2017,Okanogan,WA,Passenger,0,3,3,6468,6471,0.05
January 31 2018,Cowlitz,WA,Passenger,66,80,146,72542,72688,0.20
January 31 2018,Franklin,OH,Passenger,0,1,1,112,113,0.88
January 31 2018,Cowlitz,WA,Truck,0,0,0,29160,29160,0.00
January 31 2018,Kitsap,WA,Truck,1,0,1,54457,54458,0.00
January 31 2018,Duval,FL,Passenger,1,1,2,369,371,0.54
January 31 2018,Monterey,CA,Passenger,0,2,2,204,206,0.97
January 31 2018,Knox,TN,Passenger,1,0,1,38,39,2.56
January 31 2018,Garfield,WA,Truck,0,0,0,972,972,0.00
January 31 2018,Douglas,WA,Truck,0,0,0,12188,12188,0.00
January 31 2018,Jefferson,WA,Truck,0,0,0,9784,9784,0.00
January 31 2018,Ferry,WA,Truck,0,0,0,3766,3766,0.00
December 31 2017,Pierce,WA,Passenger,1280,1043,2323,537992,540315,0.43
January 31 2018,Flathead,MT,Passenger,1,0,1,53,54,1.85
January 31 2018,Okaloosa,FL,Passenger,1,0,1,177,178,0.56
December 31 2017,Pierce,WA,Truck,0,0,0,141652,141652,0.00
January 31 2018,El Paso,TX,Passenger,1,0,1,542,543,0.18
January 31 2018,Wahkiakum,WA,Truck,0,0,0,1736,1736,0.00
January 31 2018,Walla Walla,WA,Passenger,30,33,63,36207,36270,0.17
January 31 2018,Ozaukee,WI,Passenger,0,1,1,3,4,25.00
January 31 2018,Pacific,WA,Truck,0,0,0,7766,7766,0.00
January 31 2018,Manatee,FL,Passenger,1,0,1,35,36,2.78
January 31 2018,Palm Beach,FL,Passenger,0,1,1,79,80,1.25
January 31 2018,Fulton,GA,Passenger,1,1,2,96,98,2.04
January 31 2018,Pima,AZ,Passenger,0,1,1,403,404,0.25
January 31 2018,Maui,HI,Passenger,1,0,1,68,69,1.45
January 31 2018,Jefferson,WA,Passenger,136,85,221,24868,25089,0.88
January 31 2018,Pinal,AZ,Passenger,2,0,2,183,185,1.08
December 31 2017,Riverside,CA,Passenger,0,2,2,731,733,0.27
January 31 2018,Polk,FL,Passenger,1,0,1,61,62,1.61
January 31 2018,Grant,WA,Passenger,32,41,73,64326,64399,0.11
December 31 2017,Saint Clair,IL,Passenger,0,1,1,167,168,0.60
January 31 2018,Grant,WA,Truck,0,0,0,26773,26773,0.00
February 28 2018,Adams,WA,Truck,0,0,0,5382,5382,0.00
January 31 2018,Klickitat,WA,Passenger,27,28,55,15350,15405,0.36
January 31 2018,Grays Harbor,WA,Passenger,52,48,100,47108,47208,0.21
January 31 2018,Norfolk City,VA,Passenger,2,1,3,335,338,0.89
December 31 2017,San Juan,WA,Passenger,134,46,180,14249,14429,1.25
January 31 2018,Okanogan,WA,Truck,0,0,0,4402,4402,0.00
January 31 2018,Orange,FL,Passenger,2,1,3,171,174,1.72
January 31 2018,Lincoln,WA,Passenger,4,6,10,7851,7861,0.13
January 31 2018,Hamilton,IN,Passenger,1,0,1,48,49,2.04
January 31 2018,Manassas City,VA,Passenger,0,1,1,8,9,11.11
December 31 2017,Santa Clara,CA,Passenger,7,1,8,378,386,2.07
February 28 2018,Benton,WA,Passenger,186,188,374,133422,133796,0.28
January 31 2018,Hardin,KY,Passenger,0,1,1,120,121,0.83
February 28 2018,Bexar,TX,Passenger,2,2,4,786,790,0.51
January 31 2018,Pierce,WA,Truck,0,0,0,141779,141779,0.00
January 31 2018,Kitsap,WA,Passenger,780,419,1199,180298,181497,0.66
January 31 2018,Island,WA,Truck,0,0,0,21451,21451,0.00
January 31 2018,Montgomery,MD,Passenger,1,3,4,302,306,1.31
January 31 2018,Skamania,WA,Passenger,13,8,21,8863,8884,0.24
January 31 2018,Multnomah,OR,Passenger,3,4,7,847,854,0.82
December 31 2017,Thurston,WA,Truck,0,0,0,55466,55466,0.00
January 31 2018,Sumter,FL,Passenger,0,1,1,9,10,10.00
February 28 2018,Chelan,WA,Passenger,96,40,136,54617,54753,0.25
January 31 2018,Kent,MI,Passenger,0,1,1,33,34,2.94
January 31 2018,Okanogan,,Passenger,8,15,23,20193,20216,0.11
January 31 2018,Lumpkin,GA,Passenger,1,0,1,9,10,10.00
January 31 2018,San Diego,CA,Passenger,5,3,8,2637,2645,0.30
January 31 2018,Okanogan,WA,Passenger,0,4,4,6434,6438,0.06
December 31 2017,Volusia,FL,Passenger,0,1,1,35,36,2.78
January 31 2018,King,WA,Passenger,12056,5190,17246,1394824,1412070,1.22
February 28 2018,Clallam,WA,Passenger,116,107,223,50352,50575,0.44
January 31 2018,King,WA,Truck,9,1,10,190395,190405,0.01
January 31 2018,San Juan,WA,Truck,0,0,0,5891,5891,0.00
January 31 2018,Travis,TX,Passenger,0,1,1,185,186,0.54
January 31 2018,Klickitat,WA,Truck,0,0,0,8305,8305,0.00
January 31 2018,Santa Clara,CA,Passenger,7,1,8,382,390,2.05
January 31 2018,Pacific,WA,Passenger,23,14,37,15767,15804,0.23
February 28 2018,Clay,FL,Passenger,0,1,1,100,101,0.99
January 31 2018,Saratoga,NY,Passenger,0,1,1,66,67,1.49
January 31 2018,Wahkiakum,WA,Passenger,2,2,4,2910,2914,0.14
January 31 2018,Mason,WA,Truck,0,0,0,20396,20396,0.00
January 31 2018,Shelby,TN,Passenger,0,1,1,113,114,0.88
January 31 2018,Larimer,CO,Passenger,0,1,1,62,63,1.59
January 31 2018,Riley,KS,Passenger,1,0,1,93,94,1.06
January 31 2018,Skagit,WA,Passenger,198,157,355,91899,92254,0.38
January 31 2018,Pierce,WA,Passenger,1307,1075,2382,538927,541309,0.44
January 31 2018,Snohomish,WA,Passenger,2210,1190,3400,528242,531642,0.64
January 31 2018,Lewis,WA,Passenger,58,51,109,58218,58327,0.19
January 31 2018,Russell,AL,Passenger,1,0,1,49,50,2.00
January 31 2018,,WA,Truck,0,0,0,1,1,0.00
January 31 2018,Whatcom,WA,Passenger,601,255,856,148517,149373,0.57
January 31 2018,Ramsey,MN,Passenger,1,0,1,35,36,2.78
January 31 2018,San Juan,WA,Passenger,139,49,188,14327,14515,1.30
January 31 2018,Montgomery,TN,Passenger,1,0,1,260,261,0.38
January 31 2018,San Mateo,CA,Passenger,0,1,1,143,144,0.69
February 28 2018,Douglas,WA,Truck,0,0,0,12196,12196,0.00
January 31 2018,Asotin,WA,Truck,0,0,0,6808,6808,0.00
January 31 2018,Riverside,CA,Passenger,0,2,2,725,727,0.28
January 31 2018,Virginia Beach City,VA,Passenger,1,1,2,667,669,0.30
January 31 2018,Nueces,TX,Passenger,1,1,2,102,104,1.92
January 31 2018,Snohomish,WA,Truck,1,0,1,125788,125789,0.00
January 31 2018,Saint Lucie,FL,Passenger,1,0,1,26,27,3.70
January 31 2018,Orange,CA,Passenger,3,1,4,595,599,0.67
January 31 2018,Orleans,LA,Passenger,0,1,1,48,49,2.04
February 28 2018,Fulton,GA,Passenger,1,1,2,96,98,2.04
January 31 2018,Stevens,WA,Truck,0,0,0,19314,19314,0.00
January 31 2018,Whitman,WA,Passenger,19,24,43,23055,23098,0.19
January 31 2018,Thurston,WA,Truck,0,0,0,55581,55581,0.00
February 28 2018,Hamilton,IN,Passenger,1,0,1,46,47,2.13
January 31 2018,Skagit,WA,Truck,1,0,1,32929,32930,0.00
January 31 2018,Oklahoma,OK,Passenger,0,1,1,123,124,0.81
January 31 2018,Prince George,VA,Passenger,0,1,1,78,79,1.27
January 31 2018,Twin Falls,ID,Passenger,0,1,1,23,24,4.17
January 31 2018,Cook,IL,Passenger,1,0,1,279,280,0.36
February 28 2018,Clark,WA,Truck,0,0,0,81063,81063,0.00
February 28 2018,Asotin,WA,Truck,0,0,0,6826,6826,0.00
February 28 2018,Island,WA,Truck,0,0,0,21475,21475,0.00
January 31 2018,Prince William,VA,Passenger,0,4,4,272,276,1.45
January 31 2018,Volusia,FL,Passenger,0,1,1,32,33,3.03
February 28 2018,Cowlitz,WA,Passenger,66,81,147,72501,72648,0.20
January 31 2018,Whitman,WA,Truck,0,0,0,8759,8759,0.00
February 28 2018,Jefferson,CO,Passenger,0,1,1,77,78,1.28
January 31 2018,Santa Rosa,FL,Passenger,1,0,1,98,99,1.01
February 28 2018,Broward,FL,Passenger,0,1,1,138,139,0.72
February 28 2018,Caddo,LA,Passenger,0,1,1,22,23,4.35
February 28 2018,Alexandria City,VA,Passenger,2,0,2,169,171,1.17
January 31 2018,Saint Clair,IL,Passenger,0,1,1,166,167,0.60
January 31 2018,Washoe,NV,Passenger,1,0,1,117,118,0.85
February 28 2018,Kent,MI,Passenger,0,1,1,33,34,2.94
January 31 2018,Fairfax City,VA,Passenger,1,0,1,10,11,9.09
January 31 2018,Sangamon,IL,Passenger,1,0,1,11,12,8.33
February 28 2018,Klickitat,WA,Passenger,28,29,57,15361,15418,0.37
January 31 2018,Skamania,WA,Truck,0,0,0,4100,4100,0.00
January 31 2018,Garfield,WA,Passenger,1,0,1,1374,1375,0.07
January 31 2018,Spokane,WA,Passenger,337,290,627,307952,308579,0.20
January 31 2018,Glacier,MT,Passenger,0,1,1,4,5,20.00
February 28 2018,Columbia,WA,Truck,0,0,0,1609,1609,0.00
January 31 2018,Spokane,WA,Truck,1,0,1,95279,95280,0.00
February 28 2018,Cook,IL,Passenger,1,0,1,280,281,0.36
February 28 2018,,CA,Passenger,1,1,2,308,310,0.65
February 28 2018,Brevard,FL,Passenger,0,1,1,94,95,1.05
February 28 2018,Dupage,IL,Passenger,1,0,1,62,63,1.59
February 28 2018,Allegheny,PA,Passenger,1,0,1,72,73,1.37
February 28 2018,Mason,WA,Passenger,85,83,168,46178,46346,0.36
January 31 2018,Tarrant,TX,Passenger,1,0,1,216,217,0.46
February 28 2018,Fairfax,VA,Passenger,1,3,4,824,828,0.48
February 28 2018,Dekalb,GA,Passenger,1,0,1,80,81,1.23
January 31 2018,Thurston,WA,Passenger,562,440,1002,194571,195573,0.51
January 31 2018,Umatilla,WA,Truck,0,0,0,1,1,0.00
February 28 2018,Miami-Dade,FL,Passenger,0,1,1,122,123,0.81
January 31 2018,Ventura,CA,Passenger,0,1,1,336,337,0.30
February 28 2018,Duval,FL,Passenger,1,1,2,371,373,0.54
January 31 2018,Walla Walla,WA,Truck,0,0,0,13831,13831,0.00
February 28 2018,Grant,WA,Passenger,34,43,77,64346,64423,0.12
January 31 2018,Yakima,WA,Passenger,72,83,155,167420,167575,0.09
February 28 2018,Columbia,WA,Passenger,2,1,3,2465,2468,0.12
February 28 2018,Grays Harbor,WA,Passenger,52,50,102,47028,47130,0.22
February 28 2018,Ferry,WA,Truck,0,0,0,3754,3754,0.00
February 28 2018,Ada,ID,Passenger,0,2,2,334,336,0.60
February 28 2018,Guilford,NC,Passenger,1,0,1,28,29,3.45
February 28 2018,Alameda,CA,Passenger,0,1,1,354,355,0.28
February 28 2018,Franklin,WA,Truck,0,0,0,19276,19276,0.00
February 28 2018,Gwinnett,GA,Passenger,0,1,1,81,82,1.22
January 31 2018,Whatcom,WA,Truck,1,0,1,43344,43345,0.00
February 28 2018,Camden,GA,Passenger,0,1,1,175,176,0.57
February 28 2018,Garfield,WA,Passenger,1,0,1,1370,1371,0.07
February 28 2018,Orleans,LA,Passenger,0,1,1,48,49,2.04
February 28 2018,,WA,Truck,0,0,0,1,1,0.00
February 28 2018,Douglas,OR,Passenger,1,0,1,57,58,1.72
January 31 2018,Miami-Dade,FL,Passenger,0,1,1,122,123,0.81
February 28 2018,Pima,AZ,Passenger,0,1,1,402,403,0.25
February 28 2018,Polk,FL,Passenger,1,0,1,62,63,1.59
January 31 2018,Missoula,MT,Passenger,1,0,1,62,63,1.59
February 28 2018,Jefferson,WA,Truck,0,0,0,9806,9806,0.00
February 28 2018,Prince William,VA,Passenger,0,4,4,269,273,1.47
February 28 2018,Juneau,AK,Passenger,0,1,1,39,40,2.50
February 28 2018,Benton,WA,Truck,0,0,0,42131,42131,0.00
January 31 2018,Moore,NC,Passenger,0,1,1,202,203,0.49
February 28 2018,Klickitat,WA,Truck,0,0,0,8347,8347,0.00
February 28 2018,Saint Clair,IL,Passenger,0,1,1,164,165,0.61
February 28 2018,Chelan,WA,Truck,0,0,0,22418,22418,0.00
February 28 2018,District Of Columbia,DC,Passenger,0,4,4,195,199,2.01
February 28 2018,Clark,NV,Passenger,1,1,2,716,718,0.28
February 28 2018,Charles,MD,Passenger,0,1,1,83,84,1.19
January 31 2018,Pend Oreille,WA,Passenger,5,4,9,9841,9850,0.09
February 28 2018,Columbia,GA,Passenger,1,1,2,164,166,1.20
February 28 2018,Tarrant,TX,Passenger,1,0,1,217,218,0.46
February 28 2018,Flathead,MT,Passenger,1,0,1,53,54,1.85
February 28 2018,Clallam,WA,Truck,0,0,0,21927,21927,0.00
February 28 2018,Clark,WA,Passenger,982,650,1632,311629,313261,0.52
February 28 2018,Thurston,WA,Passenger,569,446,1015,194616,195631,0.52
February 28 2018,Cowlitz,WA,Truck,0,0,0,29130,29130,0.00
February 28 2018,Los Angeles,CA,Passenger,6,3,9,1200,1209,0.74
February 28 2018,Umatilla,WA,Truck,0,0,0,1,1,0.00
February 28 2018,Garfield,WA,Truck,0,0,0,970,970,0.00
February 28 2018,Dale,AL,Passenger,0,1,1,72,73,1.37
February 28 2018,Marin,CA,Passenger,1,0,1,54,55,1.82
February 28 2018,Montgomery,MD,Passenger,1,3,4,302,306,1.31
February 28 2018,Dakota,MN,Passenger,0,1,1,32,33,3.03
January 31 2018,Sacramento,CA,Passenger,1,0,1,309,310,0.32
February 28 2018,King,WA,Passenger,12205,5327,17532,1391836,1409368,1.24
February 28 2018,Dekalb,IN,Passenger,1,0,1,1,2,50.00
February 28 2018,Walla Walla,WA,Truck,0,0,0,13830,13830,0.00
February 28 2018,Deschutes,OR,Passenger,1,0,1,170,171,0.58
February 28 2018,Missoula,MT,Passenger,1,0,1,61,62,1.61
February 28 2018,Lane,OR,Passenger,0,1,1,202,203,0.49
January 31 2018,Santa Fe,NM,Passenger,0,1,1,42,43,2.33
February 28 2018,Douglas,WA,Passenger,44,33,77,27966,28043,0.27
February 28 2018,Moore,NC,Passenger,0,1,1,200,201,0.50
February 28 2018,El Paso,CO,Passenger,1,0,1,769,770,0.13
March 31 2018,Adams,WA,Truck,0,0,0,5382,5382,0.00
February 28 2018,El Paso,TX,Passenger,1,0,1,546,547,0.18
February 28 2018,Fairfax City,VA,Passenger,1,0,1,10,11,9.09
February 28 2018,Lewis,WA,Passenger,58,53,111,58240,58351,0.19
February 28 2018,Nueces,TX,Passenger,1,1,2,104,106,1.89
March 31 2018,Allegheny,PA,Passenger,1,0,1,68,69,1.45
March 31 2018,Arlington,VA,Passenger,1,2,3,168,171,1.75
February 28 2018,Jefferson,WA,Passenger,139,85,224,24813,25037,0.89
February 28 2018,Okanogan,,Passenger,8,15,23,20189,20212,0.11
February 28 2018,Ferry,WA,Passenger,2,3,5,4573,4578,0.11
February 28 2018,Glacier,MT,Passenger,0,1,1,4,5,20.00
February 28 2018,Kent,DE,Passenger,0,1,1,74,75,1.33
February 28 2018,Lumpkin,GA,Passenger,1,0,1,9,10,10.00
February 28 2018,Kitsap,WA,Passenger,788,435,1223,180216,181439,0.67
February 28 2018,Kitsap,WA,Truck,1,0,1,54495,54496,0.00
February 28 2018,Garfield,OK,Passenger,1,0,1,22,23,4.35
January 31 2018,Stevens,WA,Passenger,12,24,36,32720,32756,0.11
February 28 2018,Kittitas,WA,Truck,0,0,0,14481,14481,0.00
February 28 2018,Maricopa,AZ,Passenger,3,0,3,1487,1490,0.20
February 28 2018,Mason,WA,Truck,0,0,0,20470,20470,0.00
February 28 2018,Grant,WA,Truck,0,0,0,26808,26808,0.00
February 28 2018,Island,WA,Passenger,183,180,363,63225,63588,0.57
January 31 2018,Tuolumne,CA,Passenger,0,1,1,12,13,7.69
February 28 2018,Ramsey,MN,Passenger,1,0,1,34,35,2.86
February 28 2018,Grays Harbor,WA,Truck,0,0,0,20785,20785,0.00
January 31 2018,Utah,UT,Passenger,0,1,1,131,132,0.76
February 28 2018,Santa Fe,NM,Passenger,0,1,1,41,42,2.38
February 28 2018,Jefferson,NY,Passenger,1,0,1,246,247,0.40
February 28 2018,Saratoga,NY,Passenger,0,1,1,65,66,1.52
February 28 2018,Saint Lucie,FL,Passenger,1,0,1,25,26,3.85
February 28 2018,Maui,HI,Passenger,1,0,1,67,68,1.47
February 28 2018,Kittitas,WA,Passenger,40,27,67,29464,29531,0.23
February 28 2018,Montgomery,TN,Passenger,1,0,1,254,255,0.39
February 28 2018,San Mateo,CA,Passenger,0,1,1,139,140,0.71
February 28 2018,Spokane,WA,Passenger,343,297,640,307672,308312,0.21
January 31 2018,Yakima,WA,Truck,0,0,0,60695,60695,0.00
February 28 2018,Lincoln,WA,Passenger,4,6,10,7856,7866,0.13
February 28 2018,Lincoln,WA,Truck,0,0,0,4697,4697,0.00
February 28 2018,Norfolk City,VA,Passenger,2,1,3,340,343,0.87
February 28 2018,Northampton,PA,Passenger,0,1,1,64,65,1.54
February 28 2018,,,Passenger,9,2,11,2332,2343,0.47
February 28 2018,Skagit,WA,Truck,1,0,1,32906,32907,0.00
February 28 2018,Orange,CA,Passenger,3,1,4,602,606,0.66
February 28 2018,Adams,WA,Passenger,5,4,9,12909,12918,0.07
February 28 2018,Marion,OR,Passenger,1,0,1,126,127,0.79
February 28 2018,Utah,UT,Passenger,0,1,1,129,130,0.77
March 31 2018,Dekalb,GA,Passenger,1,0,1,77,78,1.28
February 28 2018,Ventura,CA,Passenger,0,1,1,339,340,0.29
February 28 2018,Anne Arundel,MD,Passenger,0,2,2,490,492,0.41
February 28 2018,Pacific,WA,Passenger,23,18,41,15771,15812,0.26
February 28 2018,Palm Beach,FL,Passenger,0,1,1,79,80,1.25
February 28 2018,Arlington,VA,Passenger,1,2,3,166,169,1.78
February 28 2018,Asotin,WA,Passenger,8,5,13,12895,12908,0.10
March 31 2018,El Paso,CO,Passenger,1,0,1,760,761,0.13
February 28 2018,Pierce,WA,Passenger,1328,1112,2440,537848,540288,0.45
February 28 2018,Tuolumne,CA,Passenger,0,1,1,12,13,7.69
February 28 2018,Whitman,WA,Passenger,19,24,43,23087,23130,0.19
February 28 2018,Nassau,NY,Passenger,1,0,1,36,37,2.70
March 31 2018,Frederick,MD,Passenger,0,1,1,93,94,1.06
February 28 2018,Prince George,VA,Passenger,0,1,1,78,79,1.27
March 31 2018,Garfield,OK,Passenger,1,0,1,22,23,4.35
February 28 2018,Washoe,NV,Passenger,1,0,1,114,115,0.87
February 28 2018,Canyon,ID,Passenger,0,1,1,85,86,1.16
February 28 2018,Manassas City,VA,Passenger,0,1,1,8,9,11.11
February 28 2018,Pacific,WA,Truck,0,0,0,7789,7789,0.00
March 31 2018,Alexandria City,VA,Passenger,2,0,2,167,169,1.18
February 28 2018,Pend Oreille,WA,Passenger,5,3,8,9825,9833,0.08
February 28 2018,Pend Oreille,WA,Truck,0,0,0,5943,5943,0.00
February 28 2018,Yakima,WA,Passenger,74,86,160,167197,167357,0.10
February 28 2018,Skagit,WA,Passenger,201,161,362,91848,92210,0.39
February 28 2018,Santa Rosa,FL,Passenger,1,0,1,95,96,1.04
February 28 2018,New Castle,DE,Passenger,1,0,1,26,27,3.70
February 28 2018,Snohomish,WA,Passenger,2229,1214,3443,527411,530854,0.65
February 28 2018,Snohomish,WA,Truck,1,0,1,125544,125545,0.00
February 28 2018,Okanogan,WA,Passenger,0,4,4,6404,6408,0.06
February 28 2018,Stevens,WA,Passenger,12,23,35,32627,32662,0.11
February 28 2018,Orange,FL,Passenger,2,1,3,174,177,1.69
February 28 2018,Stevens,WA,Truck,0,0,0,19329,19329,0.00
February 28 2018,Dallas,TX,Passenger,0,1,1,179,180,0.56
February 28 2018,Skamania,WA,Truck,0,0,0,4117,4117,0.00
February 28 2018,Riley,KS,Passenger,1,0,1,90,91,1.10
March 31 2018,Jefferson,WA,Passenger,144,94,238,24788,25026,0.95
February 28 2018,Sumter,FL,Passenger,0,1,1,9,10,10.00
February 28 2018,Russell,AL,Passenger,1,0,1,48,49,2.04
March 31 2018,Camden,GA,Passenger,0,1,1,175,176,0.57
March 31 2018,Kent,DE,Passenger,0,1,1,73,74,1.35
February 28 2018,Sacramento,CA,Passenger,1,0,1,304,305,0.33
February 28 2018,Travis,TX,Passenger,0,1,1,186,187,0.53
February 28 2018,Twin Falls,ID,Passenger,0,1,1,23,24,4.17
February 28 2018,Virginia Beach City,VA,Passenger,1,1,2,669,671,0.30
March 31 2018,Caddo,LA,Passenger,0,1,1,22,23,4.35
February 28 2018,Wahkiakum,WA,Truck,0,0,0,1729,1729,0.00
February 28 2018,Franklin,WA,Passenger,41,54,95,58454,58549,0.16
March 31 2018,Latah,ID,Passenger,0,1,1,78,79,1.27
February 28 2018,Frederick,MD,Passenger,0,1,1,95,96,1.04
February 28 2018,Gallatin,MT,Passenger,0,1,1,61,62,1.61
March 31 2018,Liberty,GA,Passenger,1,0,1,145,146,0.68
February 28 2018,Skamania,WA,Passenger,13,8,21,8881,8902,0.24
February 28 2018,San Diego,CA,Passenger,5,3,8,2630,2638,0.30
March 31 2018,Charles,MD,Passenger,0,1,1,83,84,1.19
February 28 2018,Whatcom,WA,Truck,1,0,1,43305,43306,0.00
February 28 2018,San Juan,WA,Passenger,142,51,193,14315,14508,1.33
March 31 2018,Los Angeles,CA,Passenger,6,4,10,1188,1198,0.83
February 28 2018,San Juan,WA,Truck,0,0,0,5882,5882,0.00
March 31 2018,Columbia,GA,Passenger,1,1,2,164,166,1.20
February 28 2018,Sangamon,IL,Passenger,1,0,1,11,12,8.33
March 31 2018,Columbia,WA,Passenger,2,1,3,2466,2469,0.12
March 31 2018,Chelan,WA,Passenger,98,41,139,54724,54863,0.25
February 28 2018,Hamilton,TN,Passenger,1,0,1,19,20,5.00
February 28 2018,Shelby,TN,Passenger,0,1,1,114,115,0.87
February 28 2018,Hardin,KY,Passenger,0,1,1,116,117,0.85
March 31 2018,Marin,CA,Passenger,1,0,1,52,53,1.89
March 31 2018,,,Passenger,8,2,10,2309,2319,0.43
March 31 2018,Clallam,WA,Truck,0,0,0,21947,21947,0.00
February 28 2018,Wahkiakum,WA,Passenger,2,2,4,2923,2927,0.14
February 28 2018,Spokane,WA,Truck,1,0,1,95262,95263,0.00
March 31 2018,Clark,WA,Passenger,1014,677,1691,312242,313933,0.54
March 31 2018,Dekalb,IN,Passenger,1,0,1,1,2,50.00
March 31 2018,Mason,WA,Passenger,90,85,175,46323,46498,0.38
March 31 2018,Adams,WA,Passenger,5,4,9,12915,12924,0.07
February 28 2018,Yakima,WA,Truck,0,0,0,60700,60700,0.00
February 28 2018,Honolulu,HI,Passenger,3,1,4,558,562,0.71
February 28 2018,Walla Walla,WA,Passenger,31,35,66,36198,36264,0.18
March 31 2018,Anne Arundel,MD,Passenger,0,3,3,484,487,0.62
March 31 2018,Ada,ID,Passenger,0,2,2,326,328,0.61
March 31 2018,Asotin,WA,Passenger,8,5,13,12917,12930,0.10
March 31 2018,Alameda,CA,Passenger,0,1,1,343,344,0.29
March 31 2018,Douglas,OR,Passenger,1,0,1,57,58,1.72
February 28 2018,Thurston,WA,Truck,0,0,0,55591,55591,0.00
March 31 2018,Miami-Dade,FL,Passenger,0,1,1,122,123,0.81
February 28 2018,Whatcom,WA,Passenger,608,267,875,148544,149419,0.59
February 28 2018,Whitman,WA,Truck,0,0,0,8742,8742,0.00
March 31 2018,Ferry,WA,Passenger,2,3,5,4587,4592,0.11
February 28 2018,King,WA,Truck,9,1,10,189650,189660,0.01
March 31 2018,Bexar,TX,Passenger,2,2,4,775,779,0.51
March 31 2018,Douglas,WA,Truck,0,0,0,12239,12239,0.00
March 31 2018,Okaloosa,FL,Passenger,1,0,1,173,174,0.57
February 28 2018,Larimer,CO,Passenger,0,1,1,61,62,1.61
March 31 2018,Grays Harbor,WA,Truck,0,0,0,20741,20741,0.00
February 28 2018,Latah,ID,Passenger,0,1,1,75,76,1.32
March 31 2018,Canyon,ID,Passenger,0,1,1,84,85,1.18
March 31 2018,Ozaukee,WI,Passenger,0,1,1,3,4,25.00
March 31 2018,Palm Beach,FL,Passenger,0,1,1,77,78,1.28
February 28 2018,Lewis,WA,Truck,0,0,0,26232,26232,0.00
March 31 2018,Franklin,WA,Truck,0,0,0,19304,19304,0.00
February 28 2018,Liberty,GA,Passenger,1,0,1,145,146,0.68
March 31 2018,Chelan,WA,Truck,0,0,0,22464,22464,0.00
March 31 2018,,CA,Passenger,1,1,2,308,310,0.65
March 31 2018,,WA,Truck,0,0,0,1,1,0.00
March 31 2018,Gallatin,MT,Passenger,0,1,1,59,60,1.67
March 31 2018,Pinal,AZ,Passenger,2,0,2,185,187,1.07
March 31 2018,Clark,WA,Truck,0,0,0,81134,81134,0.00
February 28 2018,Madison,ID,Passenger,1,0,1,38,39,2.56
March 31 2018,Clay,FL,Passenger,0,1,1,99,100,1.00
March 31 2018,Hamilton,IN,Passenger,1,0,1,44,45,2.22
February 28 2018,Manatee,FL,Passenger,1,0,1,34,35,2.86
March 31 2018,Hamilton,TN,Passenger,1,0,1,19,20,5.00
March 31 2018,Benton,WA,Passenger,188,196,384,133703,134087,0.29
March 31 2018,Benton,WA,Truck,0,0,0,42183,42183,0.00
March 31 2018,Douglas,WA,Passenger,43,33,76,28046,28122,0.27
March 31 2018,Dupage,IL,Passenger,1,0,1,62,63,1.59
March 31 2018,Clark,NV,Passenger,1,1,2,723,725,0.28
March 31 2018,Kittitas,WA,Passenger,43,30,73,29517,29590,0.25
March 31 2018,Fairfax,VA,Passenger,1,3,4,821,825,0.48
March 31 2018,Jefferson,NY,Passenger,1,0,1,244,245,0.41
March 31 2018,Cowlitz,WA,Passenger,66,80,146,72768,72914,0.20
March 31 2018,Cowlitz,WA,Truck,0,0,0,29201,29201,0.00
March 31 2018,Columbia,WA,Truck,0,0,0,1599,1599,0.00
February 28 2018,Monterey,CA,Passenger,0,2,2,201,203,0.99
March 31 2018,Lane,OR,Passenger,0,1,1,190,191,0.52
March 31 2018,Clallam,WA,Passenger,127,108,235,50491,50726,0.46
March 31 2018,Franklin,WA,Passenger,43,58,101,58595,58696,0.17
February 28 2018,Montgomery,PA,Passenger,1,0,1,28,29,3.45
March 31 2018,Klickitat,WA,Passenger,29,29,58,15382,15440,0.38
March 31 2018,Dale,AL,Passenger,0,1,1,70,71,1.41
March 31 2018,Snohomish,WA,Truck,1,0,1,125403,125404,0.00
March 31 2018,Dallas,TX,Passenger,0,1,1,179,180,0.56
February 28 2018,Multnomah,OR,Passenger,3,4,7,836,843,0.83
March 31 2018,El Paso,TX,Passenger,1,0,1,545,546,0.18
March 31 2018,Stevens,WA,Truck,0,0,0,19345,19345,0.00
March 31 2018,Maricopa,AZ,Passenger,3,1,4,1450,1454,0.28
March 31 2018,Deschutes,OR,Passenger,1,0,1,165,166,0.60
March 31 2018,Dakota,MN,Passenger,0,1,1,32,33,3.03
March 31 2018,Sumter,FL,Passenger,0,1,1,9,10,10.00
February 28 2018,Okaloosa,FL,Passenger,1,0,1,176,177,0.56
March 31 2018,Marion,IN,Passenger,1,0,1,122,123,0.81
March 31 2018,Guilford,NC,Passenger,1,0,1,29,30,3.33
February 28 2018,Okanogan,WA,Truck,0,0,0,4382,4382,0.00
March 31 2018,Gwinnett,GA,Passenger,0,1,1,81,82,1.22
March 31 2018,Maui,HI,Passenger,1,0,1,65,66,1.52
February 28 2018,Oklahoma,OK,Passenger,0,1,1,125,126,0.79
March 31 2018,Travis,TX,Passenger,0,1,1,186,187,0.53
March 31 2018,Madison,ID,Passenger,1,0,1,38,39,2.56
March 31 2018,Fulton,GA,Passenger,1,1,2,89,91,2.20
March 31 2018,Honolulu,HI,Passenger,3,1,4,549,553,0.72
February 28 2018,Ozaukee,WI,Passenger,0,1,1,3,4,25.00
March 31 2018,Duval,FL,Passenger,1,1,2,374,376,0.53
March 31 2018,Grant,WA,Passenger,35,46,81,64602,64683,0.13
March 31 2018,Washoe,NV,Passenger,1,0,1,110,111,0.90
March 31 2018,Island,WA,Passenger,192,186,378,63355,63733,0.59
February 28 2018,Pierce,WA,Truck,0,0,0,141622,141622,0.00
March 31 2018,Grant,WA,Truck,0,0,0,26869,26869,0.00
March 31 2018,New Castle,DE,Passenger,1,0,1,27,28,3.57
February 28 2018,Pinal,AZ,Passenger,2,0,2,184,186,1.08
March 31 2018,Fairfax City,VA,Passenger,1,0,1,9,10,10.00
March 31 2018,Grays Harbor,WA,Passenger,54,53,107,47192,47299,0.23
April 30 2018,,WA,Truck,0,0,0,1,1,0.00
March 31 2018,Norfolk City,VA,Passenger,2,2,4,347,351,1.14
March 31 2018,Jefferson,WA,Truck,0,0,0,9810,9810,0.00
March 31 2018,Northampton,PA,Passenger,0,1,1,66,67,1.49
March 31 2018,Monterey,CA,Passenger,0,2,2,198,200,1.00
March 31 2018,Ferry,WA,Truck,0,0,0,3734,3734,0.00
March 31 2018,Juneau,AK,Passenger,0,1,1,41,42,2.38
March 31 2018,Flathead,MT,Passenger,1,0,1,51,52,1.92
March 31 2018,Hardin,KY,Passenger,0,1,1,117,118,0.85
March 31 2018,Moore,NC,Passenger,0,1,1,200,201,0.50
March 31 2018,Orange,FL,Passenger,2,1,3,174,177,1.69
March 31 2018,Glacier,MT,Passenger,0,1,1,4,5,20.00
April 30 2018,Benton,WA,Truck,0,0,0,42234,42234,0.00
February 28 2018,Riverside,CA,Passenger,1,2,3,716,719,0.42
March 31 2018,Kitsap,WA,Truck,1,0,1,54611,54612,0.00
March 31 2018,Pacific,WA,Passenger,23,19,42,15767,15809,0.27
March 31 2018,Pend Oreille,WA,Truck,0,0,0,5965,5965,0.00
April 30 2018,Brevard,FL,Passenger,0,1,1,95,96,1.04
March 31 2018,Island,WA,Truck,0,0,0,21497,21497,0.00
March 31 2018,Pacific,WA,Truck,0,0,0,7804,7804,0.00
March 31 2018,Pima,AZ,Passenger,0,1,1,403,404,0.25
March 31 2018,Lewis,WA,Truck,0,0,0,26208,26208,0.00
March 31 2018,Polk,FL,Passenger,1,0,1,61,62,1.61
March 31 2018,Kent,MI,Passenger,0,1,1,32,33,3.03
March 31 2018,Lincoln,WA,Truck,0,0,0,4702,4702,0.00
February 28 2018,Santa Clara,CA,Passenger,7,1,8,373,381,2.10
March 31 2018,King,WA,Passenger,12428,5454,17882,1390951,1408833,1.27
March 31 2018,Jefferson,CO,Passenger,0,1,1,78,79,1.27
March 31 2018,King,WA,Truck,8,1,9,189181,189190,0.00
April 30 2018,Chelan,WA,Truck,0,0,0,22503,22503,0.00
March 31 2018,Klickitat,WA,Truck,0,0,0,8351,8351,0.00
March 31 2018,San Diego,CA,Passenger,5,3,8,2619,2627,0.30
March 31 2018,Russell,AL,Passenger,1,0,1,48,49,2.04
March 31 2018,San Juan,WA,Truck,0,0,0,5888,5888,0.00
March 31 2018,Marion,OR,Passenger,1,0,1,125,126,0.79
March 31 2018,Larimer,CO,Passenger,0,1,1,59,60,1.67
March 31 2018,Shelby,TN,Passenger,0,1,1,110,111,0.90
April 30 2018,Clallam,WA,Truck,0,0,0,21994,21994,0.00
March 31 2018,Kittitas,WA,Truck,0,0,0,14508,14508,0.00
March 31 2018,Skagit,WA,Passenger,206,171,377,91955,92332,0.41
March 31 2018,San Juan,WA,Passenger,143,53,196,14330,14526,1.35
March 31 2018,San Mateo,CA,Passenger,1,1,2,136,138,1.45
March 31 2018,Lewis,WA,Passenger,61,55,116,58519,58635,0.20
March 31 2018,Manassas City,VA,Passenger,0,1,1,7,8,12.50
March 31 2018,Manatee,FL,Passenger,1,0,1,33,34,2.94
March 31 2018,Nassau,NY,Passenger,1,0,1,34,35,2.86
March 31 2018,Skamania,WA,Passenger,14,8,22,8923,8945,0.25
February 28 2018,Volusia,FL,Passenger,0,1,1,32,33,3.03
April 30 2018,Cowlitz,WA,Passenger,66,83,149,72907,73056,0.20
March 31 2018,Okanogan,WA,Truck,0,0,0,4349,4349,0.00
March 31 2018,Virginia Beach City,VA,Passenger,1,1,2,668,670,0.30
March 31 2018,Wahkiakum,WA,Truck,0,0,0,1724,1724,0.00
March 31 2018,Montgomery,MD,Passenger,1,3,4,299,303,1.32
March 31 2018,Pierce,WA,Truck,0,0,0,141647,141647,0.00
March 31 2018,Washtenaw,MI,Passenger,1,0,1,34,35,2.86
March 31 2018,Multnomah,OR,Passenger,3,4,7,817,824,0.85
March 31 2018,Thurston,WA,Truck,0,0,0,55662,55662,0.00
March 31 2018,Okanogan,,Passenger,8,15,23,20245,20268,0.11
April 30 2018,Fairfax City,VA,Passenger,1,0,1,9,10,10.00
March 31 2018,Montgomery,PA,Passenger,1,0,1,28,29,3.45
March 31 2018,Okanogan,WA,Passenger,0,4,4,6416,6420,0.06
March 31 2018,Wahkiakum,WA,Passenger,3,2,5,2929,2934,0.17
March 31 2018,Nueces,TX,Passenger,1,1,2,103,105,1.90
March 31 2018,Walla Walla,WA,Truck,0,0,0,13815,13815,0.00
April 30 2018,Ada,ID,Passenger,0,2,2,318,320,0.62
March 31 2018,Asotin,WA,Truck,0,0,0,6837,6837,0.00
April 30 2018,Alameda,CA,Passenger,0,1,1,341,342,0.29
April 30 2018,Glacier,MT,Passenger,0,1,1,4,5,20.00
March 31 2018,Orleans,LA,Passenger,0,1,1,48,49,2.04
March 31 2018,Santa Clara,CA,Passenger,6,1,7,370,377,1.86
March 31 2018,Oklahoma,OK,Passenger,0,1,1,123,124,0.81
March 31 2018,Saratoga,NY,Passenger,0,1,1,64,65,1.54
April 30 2018,Grant,WA,Passenger,34,46,80,64760,64840,0.12
March 31 2018,Whatcom,WA,Passenger,628,278,906,148982,149888,0.60
March 31 2018,Brevard,FL,Passenger,0,1,1,93,94,1.06
April 30 2018,Grays Harbor,WA,Passenger,56,59,115,47358,47473,0.24
March 31 2018,Whitman,WA,Truck,0,0,0,8742,8742,0.00
March 31 2018,Broward,FL,Passenger,0,1,1,132,133,0.75
March 31 2018,Pend Oreille,WA,Passenger,5,3,8,9864,9872,0.08
March 31 2018,Pierce,WA,Passenger,1341,1139,2480,539123,541603,0.46
April 30 2018,Hamilton,TN,Passenger,1,0,1,19,20,5.00
April 30 2018,Bexar,TX,Passenger,2,2,4,764,768,0.52
March 31 2018,Yakima,WA,Passenger,76,88,164,167654,167818,0.10
April 30 2018,Hardin,KY,Passenger,0,1,1,117,118,0.85
April 30 2018,Broward,FL,Passenger,0,1,1,130,131,0.76
March 31 2018,Ramsey,MN,Passenger,1,0,1,35,36,2.78
April 30 2018,,CA,Passenger,1,1,2,311,313,0.64
March 31 2018,Prince William,VA,Passenger,0,4,4,267,271,1.48
March 31 2018,Riverside,CA,Passenger,1,2,3,699,702,0.43
March 31 2018,Utah,UT,Passenger,0,1,1,131,132,0.76
April 30 2018,Arlington,VA,Passenger,1,2,3,168,171,1.75
March 31 2018,Walla Walla,WA,Passenger,32,36,68,36259,36327,0.19
March 31 2018,Cook,IL,Passenger,1,0,1,273,274,0.36
March 31 2018,Saint Lucie,FL,Passenger,1,0,1,25,26,3.85
March 31 2018,Saint Clair,IL,Passenger,0,1,1,160,161,0.62
March 31 2018,Santa Fe,NM,Passenger,0,1,1,39,40,2.50
April 30 2018,King,WA,Passenger,12740,5584,18324,1390967,1409291,1.30
March 31 2018,Sangamon,IL,Passenger,1,0,1,11,12,8.33
April 30 2018,Klickitat,WA,Truck,0,0,0,8373,8373,0.00
March 31 2018,Whitman,WA,Passenger,20,26,46,23036,23082,0.20
April 30 2018,Clark,NV,Passenger,1,1,2,722,724,0.28
April 30 2018,Larimer,CO,Passenger,0,1,1,57,58,1.72
March 31 2018,District Of Columbia,DC,Passenger,0,4,4,197,201,1.99
March 31 2018,Skagit,WA,Truck,1,0,1,32982,32983,0.00
March 31 2018,Skamania,WA,Truck,0,0,0,4112,4112,0.00
March 31 2018,Spokane,WA,Passenger,343,307,650,308340,308990,0.21
April 30 2018,Lewis,WA,Passenger,84,61,145,58715,58860,0.25
April 30 2018,Cowlitz,WA,Truck,0,0,0,29214,29214,0.00
April 30 2018,Lincoln,WA,Passenger,4,7,11,7863,7874,0.14
April 30 2018,Adams,WA,Passenger,5,4,9,12945,12954,0.07
March 31 2018,Spokane,WA,Truck,1,0,1,95440,95441,0.00
April 30 2018,Dale,AL,Passenger,0,1,1,71,72,1.39
March 31 2018,Twin Falls,ID,Passenger,0,1,1,24,25,4.00
March 31 2018,Garfield,WA,Passenger,1,0,1,1374,1375,0.07
March 31 2018,Garfield,WA,Truck,0,0,0,981,981,0.00
April 30 2018,Mason,WA,Truck,0,0,0,20542,20542,0.00
April 30 2018,District Of Columbia,DC,Passenger,0,4,4,194,198,2.02
March 31 2018,Volusia,FL,Passenger,0,1,1,31,32,3.12
April 30 2018,Clackamas,OR,Passenger,0,1,1,218,219,0.46
April 30 2018,Benton,WA,Passenger,191,198,389,133814,134203,0.29
March 31 2018,Tarrant,TX,Passenger,1,0,1,212,213,0.47
April 30 2018,El Paso,TX,Passenger,1,0,1,539,540,0.19
March 31 2018,Thurston,WA,Passenger,596,464,1060,194886,195946,0.54
March 31 2018,Yakima,WA,Truck,0,0,0,60725,60725,0.00
March 31 2018,Umatilla,WA,Truck,0,0,0,1,1,0.00
March 31 2018,Ventura,CA,Passenger,0,1,1,334,335,0.30
April 30 2018,Dallas,TX,Passenger,0,1,1,180,181,0.55
April 30 2018,,,Passenger,8,2,10,2297,2307,0.43
April 30 2018,Canyon,ID,Passenger,0,1,1,77,78,1.28
April 30 2018,Fulton,GA,Passenger,1,1,2,89,91,2.20
April 30 2018,Garfield,WA,Passenger,1,0,1,1374,1375,0.07
April 30 2018,Oklahoma,OK,Passenger,0,1,1,122,123,0.81
April 30 2018,Anne Arundel,MD,Passenger,0,3,3,467,470,0.64
April 30 2018,Clallam,WA,Passenger,126,111,237,50575,50812,0.47
April 30 2018,Asotin,WA,Passenger,8,6,14,12913,12927,0.11
March 31 2018,Whatcom,WA,Truck,2,0,2,43309,43311,0.00
April 30 2018,Grant,WA,Truck,0,0,0,26970,26970,0.00
April 30 2018,Deschutes,OR,Passenger,1,0,1,163,164,0.61
April 30 2018,Orange,CA,Passenger,3,1,4,594,598,0.67
April 30 2018,Columbia,WA,Truck,0,0,0,1591,1591,0.00
April 30 2018,Pend Oreille,WA,Passenger,5,5,10,9891,9901,0.10
March 31 2018,Kitsap,WA,Passenger,814,445,1259,180594,181853,0.69
April 30 2018,Beaufort,SC,Passenger,1,0,1,35,36,2.78
April 30 2018,Allegheny,PA,Passenger,1,0,1,68,69,1.45
April 30 2018,Dakota,MN,Passenger,0,1,1,32,33,3.03
April 30 2018,Garfield,WA,Truck,0,0,0,979,979,0.00
April 30 2018,Duval,FL,Passenger,1,1,2,377,379,0.53
March 31 2018,Lincoln,WA,Passenger,4,6,10,7839,7849,0.13
March 31 2018,Lumpkin,GA,Passenger,1,0,1,9,10,10.00
April 30 2018,Riley,KS,Passenger,1,0,1,91,92,1.09
April 30 2018,Ferry,WA,Truck,0,0,0,3724,3724,0.00
April 30 2018,Flathead,MT,Passenger,1,0,1,51,52,1.92
April 30 2018,Charles,MD,Passenger,0,1,1,84,85,1.18
April 30 2018,Santa Rosa,FL,Passenger,1,0,1,97,98,1.02
April 30 2018,Franklin,WA,Passenger,46,62,108,58776,58884,0.18
March 31 2018,Mason,WA,Truck,0,0,0,20525,20525,0.00
April 30 2018,Camden,GA,Passenger,0,1,1,172,173,0.58
April 30 2018,Chelan,WA,Passenger,101,45,146,54746,54892,0.27
April 30 2018,Clark,WA,Passenger,1040,695,1735,312606,314341,0.55
March 31 2018,Montgomery,TN,Passenger,1,0,1,254,255,0.39
April 30 2018,Kitsap,WA,Passenger,819,458,1277,180963,182240,0.70
April 30 2018,Clark,WA,Truck,0,0,0,81196,81196,0.00
April 30 2018,El Paso,CO,Passenger,1,0,1,757,758,0.13
April 30 2018,Kittitas,WA,Truck,0,0,0,14520,14520,0.00
April 30 2018,Clay,FL,Passenger,0,1,1,98,99,1.01
April 30 2018,Jefferson,CO,Passenger,0,1,1,75,76,1.32
April 30 2018,Columbia,WA,Passenger,2,1,3,2468,2471,0.12
March 31 2018,Orange,CA,Passenger,3,1,4,595,599,0.67
April 30 2018,Ventura,CA,Passenger,0,1,1,328,329,0.30
April 30 2018,Wahkiakum,WA,Passenger,2,3,5,2943,2948,0.17
April 30 2018,Kent,MI,Passenger,0,1,1,31,32,3.12
April 30 2018,Garfield,OK,Passenger,1,0,1,20,21,4.76
April 30 2018,King,WA,Truck,8,1,9,188809,188818,0.00
April 30 2018,Dekalb,GA,Passenger,1,0,1,79,80,1.25
April 30 2018,Lumpkin,GA,Passenger,1,0,1,9,10,10.00
March 31 2018,Prince George,VA,Passenger,0,1,1,78,79,1.27
April 30 2018,Douglas,WA,Passenger,42,32,74,28055,28129,0.26
April 30 2018,Manassas City,VA,Passenger,0,1,1,8,9,11.11
April 30 2018,Douglas,WA,Truck,0,0,0,12271,12271,0.00
April 30 2018,Guilford,NC,Passenger,1,0,1,30,31,3.23
April 30 2018,Douglas,OR,Passenger,1,0,1,56,57,1.75
April 30 2018,Sacramento,CA,Passenger,1,0,1,300,301,0.33
April 30 2018,Dupage,IL,Passenger,1,0,1,60,61,1.64
April 30 2018,Saint Lucie,FL,Passenger,1,0,1,24,25,4.00
April 30 2018,Fairfax,VA,Passenger,1,3,4,828,832,0.48
April 30 2018,Honolulu,HI,Passenger,3,1,4,534,538,0.74
March 31 2018,Riley,KS,Passenger,1,0,1,90,91,1.10
May 31 2018,Alexandria City,VA,Passenger,2,0,2,168,170,1.18
April 30 2018,San Juan,WA,Truck,0,0,0,5911,5911,0.00
March 31 2018,Sacramento,CA,Passenger,1,0,1,299,300,0.33
April 30 2018,Sangamon,IL,Passenger,1,0,1,11,12,8.33
April 30 2018,Manatee,FL,Passenger,1,0,1,34,35,2.86
April 30 2018,Marion,OR,Passenger,1,0,1,122,123,0.81
March 31 2018,Santa Rosa,FL,Passenger,1,0,1,96,97,1.03
April 30 2018,Hamilton,IN,Passenger,1,0,1,42,43,2.33
April 30 2018,Okaloosa,FL,Passenger,1,0,1,168,169,0.59
April 30 2018,Snohomish,WA,Passenger,2342,1287,3629,528604,532233,0.68
May 31 2018,Brevard,FL,Passenger,0,1,1,91,92,1.09
April 30 2018,Gwinnett,GA,Passenger,0,1,1,81,82,1.22
April 30 2018,Okanogan,WA,Passenger,0,5,5,6441,6446,0.08
April 30 2018,Spokane,WA,Truck,1,0,1,95549,95550,0.00
April 30 2018,Monroe,IL,Passenger,1,0,1,4,5,20.00
April 30 2018,Ozaukee,WI,Passenger,0,1,1,3,4,25.00
April 30 2018,Island,WA,Passenger,200,186,386,63544,63930,0.60
April 30 2018,Stevens,WA,Passenger,12,26,38,32661,32699,0.12
March 31 2018,Snohomish,WA,Passenger,2277,1254,3531,527885,531416,0.66
April 30 2018,Island,WA,Truck,0,0,0,21466,21466,0.00
April 30 2018,Montgomery,PA,Passenger,1,0,1,27,28,3.57
April 30 2018,Lewis,WA,Truck,0,0,0,26247,26247,0.00
April 30 2018,Thurston,WA,Passenger,604,477,1081,195450,196531,0.55
April 30 2018,Pierce,WA,Passenger,1370,1181,2551,540290,542841,0.47
April 30 2018,Jefferson,NY,Passenger,1,0,1,241,242,0.41
April 30 2018,Jackson,OK,Passenger,1,0,1,44,45,2.22
March 31 2018,Stevens,WA,Passenger,11,23,34,32703,32737,0.10
April 30 2018,Multnomah,OR,Passenger,4,4,8,814,822,0.97
April 30 2018,Tuolumne,CA,Passenger,0,1,1,11,12,8.33
April 30 2018,Jefferson,WA,Passenger,145,94,239,24839,25078,0.95
May 31 2018,Columbia,WA,Passenger,2,1,3,2463,2466,0.12
April 30 2018,Jefferson,WA,Truck,0,0,0,9812,9812,0.00
April 30 2018,Prince George,VA,Passenger,0,1,1,76,77,1.30
April 30 2018,Juneau,AK,Passenger,0,1,1,43,44,2.27
March 31 2018,Tuolumne,CA,Passenger,0,1,1,12,13,7.69
April 30 2018,Kittitas,WA,Passenger,44,32,76,29526,29602,0.26
April 30 2018,Klickitat,WA,Passenger,28,31,59,15443,15502,0.38
April 30 2018,Orleans,LA,Passenger,0,1,1,49,50,2.00
April 30 2018,Kent,DE,Passenger,0,1,1,75,76,1.32
April 30 2018,Kitsap,WA,Truck,1,0,1,54602,54603,0.00
May 31 2018,Douglas,OR,Passenger,1,0,1,54,55,1.82
April 30 2018,Klamath,OR,Passenger,1,0,1,27,28,3.57
April 30 2018,Lincoln,WA,Truck,0,0,0,4715,4715,0.00
May 31 2018,Dupage,IL,Passenger,1,0,1,62,63,1.59
April 30 2018,Kootenai,ID,Passenger,0,1,1,212,213,0.47
April 30 2018,Pierce,WA,Truck,0,0,0,141874,141874,0.00
April 30 2018,Nueces,TX,Passenger,1,1,2,105,107,1.87
April 30 2018,Okanogan,WA,Truck,0,0,0,4351,4351,0.00
April 30 2018,Prince William,VA,Passenger,0,4,4,266,270,1.48
April 30 2018,Adams,WA,Truck,0,0,0,5383,5383,0.00
May 31 2018,Benton,WA,Passenger,201,205,406,134033,134439,0.30
April 30 2018,Alexandria City,VA,Passenger,2,0,2,165,167,1.20
April 30 2018,Riverside,CA,Passenger,1,2,3,697,700,0.43
April 30 2018,Sumter,FL,Passenger,0,1,1,9,10,10.00
April 30 2018,Los Angeles,CA,Passenger,7,4,11,1178,1189,0.93
May 31 2018,Guilford,NC,Passenger,1,0,1,29,30,3.33
April 30 2018,Nassau,NY,Passenger,1,0,1,35,36,2.78
May 31 2018,Gwinnett,GA,Passenger,0,1,1,83,84,1.19
April 30 2018,Travis,TX,Passenger,0,1,1,186,187,0.53
April 30 2018,Saint Clair,IL,Passenger,0,1,1,158,159,0.63
April 30 2018,Marin,CA,Passenger,1,0,1,54,55,1.82
April 30 2018,Northampton,PA,Passenger,0,1,1,66,67,1.49
April 30 2018,Asotin,WA,Truck,0,0,0,6834,6834,0.00
April 30 2018,Maui,HI,Passenger,1,0,1,60,61,1.64
April 30 2018,Santa Clara,CA,Passenger,6,1,7,374,381,1.84
April 30 2018,Pacific,WA,Truck,0,0,0,7826,7826,0.00
May 31 2018,Clallam,WA,Passenger,128,116,244,50727,50971,0.48
April 30 2018,Pend Oreille,WA,Truck,0,0,0,5961,5961,0.00
April 30 2018,Montgomery,MD,Passenger,1,3,4,296,300,1.33
April 30 2018,San Juan,WA,Passenger,145,56,201,14342,14543,1.38
April 30 2018,Pima,AZ,Passenger,0,1,1,404,405,0.25
April 30 2018,San Mateo,CA,Passenger,1,1,2,135,137,1.46
April 30 2018,Polk,FL,Passenger,1,0,1,62,63,1.59
April 30 2018,Caddo,LA,Passenger,0,1,1,21,22,4.55
May 31 2018,Jefferson,WA,Truck,0,0,0,9824,9824,0.00
April 30 2018,Santa Fe,NM,Passenger,0,1,1,39,40,2.50
May 31 2018,Juneau,AK,Passenger,0,1,1,44,45,2.22
April 30 2018,Okanogan,,Passenger,9,14,23,20306,20329,0.11
April 30 2018,Yakima,WA,Truck,0,0,0,60767,60767,0.00
May 31 2018,Columbia,WA,Truck,0,0,0,1589,1589,0.00
April 30 2018,Pacific,WA,Passenger,25,20,45,15786,15831,0.28
April 30 2018,Palm Beach,FL,Passenger,0,1,1,79,80,1.25
April 30 2018,Umatilla,WA,Truck,0,0,0,1,1,0.00
April 30 2018,Russell,AL,Passenger,1,0,1,48,49,2.04
April 30 2018,Columbia,GA,Passenger,1,1,2,167,169,1.18
April 30 2018,Volusia,FL,Passenger,0,1,1,30,31,3.23
May 31 2018,Duval,FL,Passenger,1,1,2,376,378,0.53
April 30 2018,Cook,IL,Passenger,1,0,1,266,267,0.37
April 30 2018,San Francisco,CA,Passenger,0,1,1,128,129,0.78
April 30 2018,Ramsey,MN,Passenger,1,0,1,37,38,2.63
April 30 2018,Thurston,WA,Truck,0,0,0,55679,55679,0.00
April 30 2018,Tulsa,OK,Passenger,0,1,1,44,45,2.22
April 30 2018,Skamania,WA,Passenger,14,8,22,8965,8987,0.24
April 30 2018,Dekalb,IN,Passenger,1,0,1,1,2,50.00
May 31 2018,Ferry,WA,Truck,0,0,0,3724,3724,0.00
April 30 2018,Utah,UT,Passenger,0,1,1,131,132,0.76
April 30 2018,Skamania,WA,Truck,0,0,0,4114,4114,0.00
April 30 2018,Spokane,WA,Passenger,358,318,676,308931,309607,0.22
April 30 2018,Saratoga,NY,Passenger,0,1,1,63,64,1.56
May 31 2018,Adams,WA,Truck,0,0,0,5392,5392,0.00
April 30 2018,Skagit,WA,Passenger,215,173,388,92070,92458,0.42
May 31 2018,Mason,WA,Truck,0,0,0,20598,20598,0.00
April 30 2018,Tarrant,TX,Passenger,1,0,1,211,212,0.47
May 31 2018,Hamilton,IN,Passenger,1,0,1,41,42,2.38
April 30 2018,Skagit,WA,Truck,1,0,1,33022,33023,0.00
April 30 2018,Snohomish,WA,Truck,1,0,1,125408,125409,0.00
April 30 2018,Ferry,WA,Passenger,2,3,5,4594,4599,0.11
May 31 2018,Asotin,WA,Truck,0,0,0,6876,6876,0.00
May 31 2018,Clark,WA,Truck,0,0,0,81302,81302,0.00
April 30 2018,Stevens,WA,Truck,0,0,0,19400,19400,0.00
April 30 2018,Franklin,WA,Truck,0,0,0,19298,19298,0.00
April 30 2018,Wahkiakum,WA,Truck,0,0,0,1727,1727,0.00
April 30 2018,Frederick,MD,Passenger,0,1,1,92,93,1.08
May 31 2018,Montgomery,MD,Passenger,1,3,4,292,296,1.35
April 30 2018,Walla Walla,WA,Passenger,35,40,75,36249,36324,0.21
April 30 2018,Gallatin,MT,Passenger,0,1,1,59,60,1.67
May 31 2018,Cowlitz,WA,Passenger,69,85,154,73033,73187,0.21
May 31 2018,Bexar,TX,Passenger,2,3,5,757,762,0.66
April 30 2018,Walla Walla,WA,Truck,0,0,0,13833,13833,0.00
April 30 2018,Yakima,WA,Passenger,74,91,165,168014,168179,0.10
April 30 2018,Twin Falls,ID,Passenger,0,1,1,23,24,4.17
May 31 2018,Jefferson,CO,Passenger,0,1,1,73,74,1.35
May 31 2018,Broward,FL,Passenger,0,1,1,129,130,0.77
April 30 2018,Washtenaw,MI,Passenger,1,0,1,35,36,2.78
May 31 2018,Norfolk City,VA,Passenger,2,2,4,348,352,1.14
April 30 2018,Virginia Beach City,VA,Passenger,1,1,2,667,669,0.30
April 30 2018,Grays Harbor,WA,Truck,0,0,0,20782,20782,0.00
April 30 2018,Whatcom,WA,Passenger,646,285,931,149411,150342,0.62
May 31 2018,,CA,Passenger,1,1,2,304,306,0.65
May 31 2018,Orange,CA,Passenger,3,1,4,588,592,0.68
May 31 2018,,WA,Truck,0,0,0,1,1,0.00
April 30 2018,Whatcom,WA,Truck,2,0,2,43362,43364,0.00
May 31 2018,Caddo,LA,Passenger,0,1,1,21,22,4.55
April 30 2018,Whitman,WA,Truck,0,0,0,8742,8742,0.00
May 31 2018,Kent,MI,Passenger,0,1,1,28,29,3.45
May 31 2018,Allegheny,PA,Passenger,1,0,1,68,69,1.45
May 31 2018,Pacific,WA,Passenger,27,20,47,15847,15894,0.30
April 30 2018,Washoe,NV,Passenger,1,0,1,105,106,0.94
May 31 2018,Fairfax,VA,Passenger,1,3,4,827,831,0.48
May 31 2018,Klickitat,WA,Passenger,28,32,60,15474,15534,0.39
May 31 2018,Pierce,WA,Passenger,1395,1217,2612,541398,544010,0.48
May 31 2018,Beaufort,SC,Passenger,1,0,1,34,35,2.86
April 30 2018,Whitman,WA,Passenger,22,27,49,23090,23139,0.21
May 31 2018,,,Passenger,8,2,10,2292,2302,0.43
May 31 2018,Adams,WA,Passenger,5,5,10,12994,13004,0.08
May 31 2018,Chelan,WA,Passenger,106,50,156,54828,54984,0.28
May 31 2018,Grant,WA,Passenger,33,48,81,64954,65035,0.12
May 31 2018,Ada,ID,Passenger,0,2,2,318,320,0.62
May 31 2018,Benton,WA,Truck,0,0,0,42321,42321,0.00
May 31 2018,Alameda,CA,Passenger,0,1,1,338,339,0.29
May 31 2018,Grays Harbor,WA,Passenger,59,61,120,47460,47580,0.25
May 31 2018,Arlington,VA,Passenger,1,2,3,168,171,1.75
May 31 2018,Clay,FL,Passenger,0,1,1,95,96,1.04
May 31 2018,Anne Arundel,MD,Passenger,0,3,3,462,465,0.65
May 31 2018,Asotin,WA,Passenger,8,6,14,12881,12895,0.11
May 31 2018,Santa Rosa,FL,Passenger,1,0,1,95,96,1.04
May 31 2018,Saratoga,NY,Passenger,0,1,1,62,63,1.59
May 31 2018,Monroe,IL,Passenger,1,0,1,4,5,20.00
May 31 2018,Cook,IL,Passenger,1,0,1,259,260,0.38
May 31 2018,Camden,GA,Passenger,0,1,1,169,170,0.59
April 30 2018,Lane,OR,Passenger,0,1,1,191,192,0.52
April 30 2018,Latah,ID,Passenger,0,1,1,78,79,1.27
May 31 2018,Dekalb,GA,Passenger,1,0,1,77,78,1.28
May 31 2018,Charles,MD,Passenger,0,1,1,86,87,1.15
May 31 2018,Nueces,TX,Passenger,1,1,2,101,103,1.94
April 30 2018,Liberty,GA,Passenger,1,0,1,146,147,0.68
May 31 2018,Twin Falls,ID,Passenger,0,1,1,23,24,4.17
May 31 2018,Okanogan,,Passenger,9,14,23,20337,20360,0.11
May 31 2018,King,WA,Passenger,13204,5775,18979,1391562,1410541,1.35
May 31 2018,Douglas,WA,Truck,0,0,0,12285,12285,0.00
May 31 2018,Canyon,ID,Passenger,0,1,1,77,78,1.28
May 31 2018,Virginia Beach City,VA,Passenger,1,1,2,669,671,0.30
May 31 2018,Orleans,LA,Passenger,0,1,1,48,49,2.04
May 31 2018,Klickitat,WA,Truck,0,0,0,8378,8378,0.00
April 30 2018,Madison,ID,Passenger,1,0,1,36,37,2.70
May 31 2018,Clallam,WA,Truck,0,0,0,22019,22019,0.00
May 31 2018,Clark,NV,Passenger,1,1,2,718,720,0.28
May 31 2018,Lane,OR,Passenger,0,1,1,190,191,0.52
May 31 2018,Chelan,WA,Truck,0,0,0,22538,22538,0.00
April 30 2018,Maricopa,AZ,Passenger,3,1,4,1455,1459,0.27
May 31 2018,Franklin,WA,Truck,0,0,0,19334,19334,0.00
May 31 2018,Fulton,GA,Passenger,1,1,2,87,89,2.25
May 31 2018,Lewis,WA,Passenger,84,64,148,58873,59021,0.25
April 30 2018,Marion,IN,Passenger,1,0,1,122,123,0.81
May 31 2018,Columbia,GA,Passenger,1,1,2,167,169,1.18
May 31 2018,Garfield,WA,Passenger,1,1,2,1365,1367,0.15
May 31 2018,Whitman,WA,Passenger,20,29,49,23094,23143,0.21
April 30 2018,Mason,WA,Passenger,91,89,180,46480,46660,0.39
May 31 2018,Prince William,VA,Passenger,0,4,4,266,270,1.48
May 31 2018,Lumpkin,GA,Passenger,1,0,1,9,10,10.00
May 31 2018,Ramsey,MN,Passenger,1,0,1,38,39,2.56
June 30 2018,Ada,ID,Passenger,0,2,2,309,311,0.64
June 30 2018,Alameda,CA,Passenger,0,1,1,338,339,0.29
April 30 2018,Miami-Dade,FL,Passenger,0,1,1,120,121,0.83
May 31 2018,District Of Columbia,DC,Passenger,0,4,4,194,198,2.02
May 31 2018,Cowlitz,WA,Truck,0,0,0,29257,29257,0.00
May 31 2018,Maricopa,AZ,Passenger,3,1,4,1452,1456,0.27
May 31 2018,Dale,AL,Passenger,0,1,1,67,68,1.47
June 30 2018,Anne Arundel,MD,Passenger,0,2,2,461,463,0.43
May 31 2018,Dallas,TX,Passenger,0,1,1,180,181,0.55
January 31 2021,Lincoln,WA,Passenger,7,12,19,7801,7820,0.24
January 31 2021,Placer,CA,Passenger,1,0,1,70,71,1.41
January 31 2021,Duval,FL,Passenger,0,1,1,313,314,0.32
January 31 2021,Williamson,TX,Passenger,1,0,1,92,93,1.08
January 31 2021,Franklin,WA,Passenger,98,90,188,62714,62902,0.30
March 31 2021,Camden,GA,Passenger,1,1,2,128,130,1.54
February 28 2021,Denver,CO,Passenger,1,0,1,91,92,1.09
January 31 2021,Ferry,WA,Truck,0,0,0,3702,3702,0.00
January 31 2021,Okanogan,WA,Passenger,10,5,15,5896,5911,0.25
January 31 2021,Flathead,MT,Passenger,1,0,1,39,40,2.50
January 31 2021,Mason,WA,Truck,0,0,0,21520,21520,0.00
January 31 2021,Oldham,KY,Passenger,0,1,1,4,5,20.00
January 31 2021,Grays Harbor,WA,Passenger,150,130,280,49545,49825,0.56
January 31 2021,Salt Lake,UT,Passenger,0,1,1,150,151,0.66
January 31 2021,Garfield,WA,Passenger,0,2,2,1380,1382,0.14
January 31 2021,Garfield,WA,Truck,0,0,0,1030,1030,0.00
January 31 2021,San Diego,CA,Passenger,13,8,21,2673,2694,0.78
March 31 2021,Columbia,WA,Passenger,5,4,9,2523,2532,0.36
January 31 2021,Sarasota,FL,Passenger,1,0,1,20,21,4.76
January 31 2021,Pierce,WA,Passenger,3215,1921,5136,565392,570528,0.90
January 31 2021,Goochland,VA,Passenger,3,1,4,165,169,2.37
February 28 2021,Benton,WA,Passenger,475,374,849,137703,138552,0.61
January 31 2021,Hennepin,MN,Passenger,1,0,1,68,69,1.45
January 31 2021,Nassau,FL,Passenger,1,0,1,21,22,4.55
January 31 2021,Hidalgo,TX,Passenger,0,1,1,55,56,1.79
February 28 2021,Goochland,VA,Passenger,3,1,4,163,167,2.40
March 31 2021,Douglas,NE,Passenger,1,1,2,42,44,4.55
January 31 2021,Skagit,WA,Passenger,546,267,813,93226,94039,0.86
March 31 2021,Douglas,OR,Passenger,1,0,1,31,32,3.12
January 31 2021,Skamania,WA,Truck,0,0,0,4148,4148,0.00
March 31 2021,Dupage,IL,Passenger,1,0,1,42,43,2.33
January 31 2021,Putnam,TN,Passenger,0,1,1,1,2,50.00
February 28 2021,Clallam,WA,Passenger,298,200,498,50990,51488,0.97
February 28 2021,Grant,WA,Passenger,94,92,186,67522,67708,0.27
January 31 2021,Orange,CA,Passenger,3,2,5,440,445,1.12
January 31 2021,Suffolk City,VA,Passenger,1,0,1,114,115,0.87
February 28 2021,Grays Harbor,WA,Passenger,159,134,293,49524,49817,0.59
March 31 2021,Fairbanks North Star,AK,Passenger,0,1,1,84,85,1.18
January 31 2021,Kent,MI,Passenger,0,1,1,18,19,5.26
February 28 2021,Columbia,WA,Truck,1,0,1,1578,1579,0.06
January 31 2021,Twin Falls,ID,Passenger,0,1,1,18,19,5.26
January 31 2021,Umatilla,WA,Passenger,0,0,0,2,2,0.00
March 31 2021,Ferry,WA,Passenger,10,3,13,4466,4479,0.29
January 31 2021,King,WA,Truck,7,1,8,188040,188048,0.00
January 31 2021,Pend Oreille,WA,Passenger,12,3,15,9456,9471,0.16
January 31 2021,Virginia Beach City,VA,Passenger,2,0,2,591,593,0.34
January 31 2021,Klickitat,WA,Truck,0,0,0,8351,8351,0.00
January 31 2021,Wahkiakum,WA,Truck,0,0,0,1813,1813,0.00
January 31 2021,Plaquemines,LA,Passenger,0,1,1,15,16,6.25
January 31 2021,Kitsap,WA,Passenger,1695,797,2492,182769,185261,1.35
January 31 2021,Lake,IL,Passenger,2,0,2,162,164,1.22
January 31 2021,San Juan,WA,Truck,0,0,0,6027,6027,0.00
January 31 2021,Kittitas,WA,Truck,0,0,0,15035,15035,0.00
January 31 2021,Larimer,CO,Passenger,0,1,1,38,39,2.56
January 31 2021,Washtenaw,MI,Passenger,1,0,1,20,21,4.76
March 31 2021,Guadalupe,TX,Passenger,1,0,1,37,38,2.63
February 28 2021,Duval,FL,Passenger,0,1,1,308,309,0.32
January 31 2021,Riley,KS,Passenger,1,0,1,59,60,1.67
January 31 2021,Whatcom,WA,Truck,3,0,3,44529,44532,0.01
March 31 2021,Harrison,MS,Passenger,2,0,2,53,55,3.64
February 28 2021,Ferry,WA,Truck,0,0,0,3711,3711,0.00
February 28 2021,Kern,CA,Passenger,1,1,2,207,209,0.96
January 31 2021,Solano,CA,Passenger,1,0,1,201,202,0.50
February 28 2021,Flathead,MT,Passenger,1,0,1,37,38,2.63
March 31 2021,Hennepin,MN,Passenger,1,0,1,66,67,1.49
January 31 2021,Spokane,WA,Truck,0,0,0,103060,103060,0.00
February 28 2021,King,WA,Passenger,28957,8756,37713,1385385,1423098,2.65
January 31 2021,Sacramento,CA,Passenger,2,0,2,220,222,0.90
February 28 2021,Kitsap,WA,Passenger,1732,810,2542,182710,185252,1.37
February 28 2021,Alameda,CA,Passenger,2,0,2,228,230,0.87
February 28 2021,Klickitat,WA,Truck,0,0,0,8348,8348,0.00
February 28 2021,Greene,MO,Passenger,0,1,1,20,21,4.76
January 31 2021,Thurston,WA,Passenger,1448,845,2293,200793,203086,1.13
February 28 2021,Albemarle,VA,Passenger,1,0,1,22,23,4.35
February 28 2021,Hamilton,IN,Passenger,2,0,2,27,29,6.90
February 28 2021,Asotin,WA,Truck,0,0,0,6859,6859,0.00
January 31 2021,Sedgwick,KS,Passenger,1,0,1,81,82,1.22
January 31 2021,Monroe,IL,Passenger,1,0,1,2,3,33.33
February 28 2021,Larimer,CO,Passenger,0,1,1,39,40,2.50
January 31 2021,Thurston,WA,Truck,0,0,0,57406,57406,0.00
February 28 2021,Leavenworth,KS,Passenger,0,1,1,112,113,0.88
March 31 2021,Jefferson,WA,Truck,0,0,0,9783,9783,0.00
January 31 2021,Spartanburg,SC,Passenger,0,1,1,35,36,2.78
January 31 2021,Montgomery,PA,Passenger,1,0,1,21,22,4.55
February 28 2021,Bexar,TX,Passenger,3,5,8,490,498,1.61
March 31 2021,Juneau,AK,Passenger,0,1,1,20,21,4.76
February 28 2021,Lewis,WA,Passenger,140,139,279,59855,60134,0.46
January 31 2021,Stafford,VA,Passenger,2,0,2,88,90,2.22
February 28 2021,Broward,FL,Passenger,1,0,1,93,94,1.06
January 31 2021,Multnomah,OR,Passenger,3,5,8,609,617,1.30
March 31 2021,Kitsap,WA,Truck,2,0,2,55356,55358,0.00
February 28 2021,Kent,MI,Passenger,0,1,1,18,19,5.26
February 28 2021,,CA,Passenger,1,3,4,195,199,2.01
February 28 2021,King,WA,Truck,13,1,14,187842,187856,0.01
February 28 2021,Allegheny,PA,Passenger,1,1,2,55,57,3.51
January 31 2021,Ozaukee,WI,Passenger,0,1,1,3,4,25.00
February 28 2021,Anchorage,AK,Passenger,1,0,1,133,134,0.75
March 31 2021,Klamath,OR,Passenger,1,0,1,21,22,4.55
February 28 2021,Chelan,WA,Passenger,309,88,397,55515,55912,0.71
January 31 2021,Wahkiakum,WA,Passenger,7,7,14,3099,3113,0.45
February 28 2021,Arapahoe,CO,Passenger,1,0,1,109,110,0.91
February 28 2021,Bay,FL,Passenger,1,0,1,33,34,2.94
January 31 2021,Pierce,WA,Truck,1,0,1,147875,147876,0.00
February 28 2021,Clark,NV,Passenger,4,1,5,577,582,0.86
January 31 2021,Pinellas,FL,Passenger,1,1,2,71,73,2.74
February 28 2021,Bell,TX,Passenger,0,1,1,345,346,0.29
February 28 2021,,,Passenger,7,5,12,1696,1708,0.70
January 31 2021,Platte,MO,Passenger,1,0,1,18,19,5.26
February 28 2021,Adams,WA,Passenger,10,10,20,13267,13287,0.15
January 31 2021,Prince William,VA,Passenger,1,1,2,219,221,0.90
February 28 2021,Adams,WA,Truck,0,0,0,5500,5500,0.00
February 28 2021,Cowlitz,WA,Truck,0,0,0,29649,29649,0.00
February 28 2021,Benton,WA,Truck,0,0,0,44278,44278,0.00
January 31 2021,Riverside,CA,Passenger,4,1,5,532,537,0.93
February 28 2021,Arlington,VA,Passenger,0,1,1,124,125,0.80
March 31 2021,Maricopa,AZ,Passenger,3,2,5,950,955,0.52
February 28 2021,Monroe,IL,Passenger,1,0,1,2,3,33.33
January 31 2021,Saint Clair,IL,Passenger,1,0,1,130,131,0.76
February 28 2021,Philadelphia,PA,Passenger,1,0,1,54,55,1.82
February 28 2021,Bartow,GA,Passenger,0,1,1,3,4,25.00
February 28 2021,Boone,MO,Passenger,0,1,1,7,8,12.50
January 31 2021,Saint Louis City,MO,Passenger,1,0,1,21,22,4.55
February 28 2021,Bucks,PA,Passenger,1,0,1,18,19,5.26
February 28 2021,Montgomery,OH,Passenger,0,1,1,61,62,1.61
February 28 2021,Douglas,WA,Truck,1,0,1,12804,12805,0.01
February 28 2021,Placer,CA,Passenger,1,0,1,68,69,1.45
February 28 2021,Camden,GA,Passenger,1,1,2,128,130,1.54
February 28 2021,El Paso,TX,Passenger,2,0,2,382,384,0.52
March 31 2021,Milwaukee,WI,Passenger,1,0,1,35,36,2.78
February 28 2021,Multnomah,OR,Passenger,3,5,8,600,608,1.32
February 28 2021,Powhatan,VA,Passenger,1,0,1,1,2,50.00
January 31 2021,Santa Barbara,CA,Passenger,1,0,1,76,77,1.30
March 31 2021,Montgomery,MD,Passenger,2,4,6,216,222,2.70
February 28 2021,Fulton,GA,Passenger,0,2,2,74,76,2.63
January 31 2021,Santa Clara,CA,Passenger,5,2,7,231,238,2.94
February 28 2021,Charles,MD,Passenger,1,1,2,64,66,3.03
February 28 2021,Queens,NY,Passenger,1,0,1,47,48,2.08
February 28 2021,Garfield,WA,Passenger,0,2,2,1371,1373,0.15
February 28 2021,Nueces,TX,Passenger,1,0,1,76,77,1.30
March 31 2021,New Castle,DE,Passenger,1,0,1,20,21,4.76
January 31 2021,Snohomish,WA,Passenger,5383,1990,7373,547263,554636,1.33
February 28 2021,Okanogan,,Passenger,47,31,78,20865,20943,0.37
February 28 2021,Grant,WA,Truck,0,0,0,28393,28393,0.00
January 31 2021,Stevens,WA,Passenger,41,40,81,31064,31145,0.26
February 28 2021,Carroll,MD,Passenger,0,1,1,15,16,6.25
February 28 2021,Clallam,WA,Truck,1,0,1,22381,22382,0.00
February 28 2021,Salt Lake,UT,Passenger,0,1,1,149,150,0.67
January 31 2021,Sumter,FL,Passenger,0,1,1,10,11,9.09
February 28 2021,San Francisco,CA,Passenger,1,1,2,79,81,2.47
March 31 2021,Pacific,WA,Passenger,47,46,93,16173,16266,0.57
January 31 2021,Travis,TX,Passenger,1,1,2,135,137,1.46
February 28 2021,Sarasota,FL,Passenger,1,0,1,21,22,4.55
February 28 2021,Prince William,VA,Passenger,1,1,2,215,217,0.92
February 28 2021,Ramsey,MN,Passenger,1,0,1,26,27,3.70
February 28 2021,Skamania,WA,Truck,0,0,0,4161,4161,0.00
March 31 2021,Pennington,SD,Passenger,1,0,1,29,30,3.33
February 28 2021,Columbia,GA,Passenger,1,0,1,126,127,0.79
February 28 2021,Island,WA,Truck,0,0,0,21859,21859,0.00
February 28 2021,Davidson,TN,Passenger,1,0,1,44,45,2.22
January 31 2021,Ventura,CA,Passenger,1,2,3,265,268,1.12
February 28 2021,Contra Costa,CA,Passenger,2,0,2,158,160,1.25
February 28 2021,Dekalb,GA,Passenger,1,0,1,55,56,1.79
March 31 2021,Placer,CA,Passenger,1,0,1,68,69,1.45
February 28 2021,Riverside,CA,Passenger,4,1,5,526,531,0.94
February 28 2021,Spokane,WA,Passenger,973,601,1574,327455,329029,0.48
February 28 2021,District Of Columbia,DC,Passenger,2,3,5,203,208,2.40
February 28 2021,Jones,GA,Passenger,1,0,1,1,2,50.00
February 28 2021,Saint Clair,IL,Passenger,1,0,1,131,132,0.76
March 31 2021,Queens,NY,Passenger,1,0,1,47,48,2.08
February 28 2021,Suffolk City,VA,Passenger,1,0,1,111,112,0.89
January 31 2021,Yakima,WA,Truck,0,0,0,62858,62858,0.00
February 28 2021,Douglas,NE,Passenger,1,1,2,43,45,4.44
February 28 2021,Santa Barbara,CA,Passenger,1,0,1,76,77,1.30
February 28 2021,Erie,NY,Passenger,1,0,1,36,37,2.70
February 28 2021,Dekalb,IN,Passenger,1,0,1,0,1,100.00
February 28 2021,Skagit,WA,Truck,1,0,1,33555,33556,0.00
February 28 2021,Anne Arundel,MD,Passenger,2,3,5,374,379,1.32
February 28 2021,El Dorado,CA,Passenger,1,0,1,28,29,3.45
February 28 2021,Utah,UT,Passenger,0,1,1,106,107,0.93
February 28 2021,Asotin,WA,Passenger,18,15,33,12764,12797,0.26
February 28 2021,Ventura,CA,Passenger,1,2,3,262,265,1.13
March 31 2021,Salt Lake,UT,Passenger,0,1,1,148,149,0.67
February 28 2021,Guadalupe,TX,Passenger,1,0,1,40,41,2.44
February 28 2021,Frederick,MD,Passenger,2,1,3,72,75,4.00
March 31 2021,Sarasota,FL,Passenger,1,0,1,22,23,4.35
February 28 2021,Missoula,MT,Passenger,1,0,1,52,53,1.89
February 28 2021,Whatcom,WA,Truck,3,0,3,44538,44541,0.01
March 31 2021,Skagit,WA,Passenger,569,283,852,93186,94038,0.91
February 28 2021,Calvert,MD,Passenger,0,2,2,86,88,2.27
February 28 2021,Moore,NC,Passenger,0,1,1,135,136,0.74
February 28 2021,Yakima,WA,Truck,0,0,0,62851,62851,0.00
February 28 2021,Caddo,LA,Passenger,1,0,1,10,11,9.09
February 28 2021,Charleston,SC,Passenger,1,0,1,75,76,1.32
February 28 2021,Washoe,NV,Passenger,1,0,1,66,67,1.49
March 31 2021,,,Passenger,8,5,13,1671,1684,0.77
February 28 2021,Harris,TX,Passenger,1,0,1,180,181,0.55
March 31 2021,Suffolk City,VA,Passenger,1,0,1,111,112,0.89
February 28 2021,Jefferson,NY,Passenger,0,1,1,208,209,0.48
February 28 2021,Hidalgo,TX,Passenger,0,1,1,56,57,1.75
March 31 2021,Alexandria City,VA,Passenger,4,0,4,129,133,3.01
March 31 2021,Twin Falls,ID,Passenger,0,1,1,14,15,6.67
February 28 2021,Williams,ND,Passenger,0,1,1,12,13,7.69
February 28 2021,Chaves,NM,Passenger,1,0,1,8,9,11.11
February 28 2021,Chesapeake City,VA,Passenger,0,3,3,382,385,0.78
February 28 2021,Honolulu,HI,Passenger,4,0,4,359,363,1.10
February 28 2021,Kent,DE,Passenger,0,1,1,60,61,1.64
February 28 2021,Yakima,WA,Passenger,203,145,348,171278,171626,0.20
March 31 2021,Bartow,GA,Passenger,0,1,1,3,4,25.00
February 28 2021,Kittitas,WA,Passenger,150,57,207,30495,30702,0.67
March 31 2021,Utah,UT,Passenger,0,1,1,102,103,0.97
March 31 2021,Adams,WA,Truck,0,0,0,5515,5515,0.00
February 28 2021,Clark,WA,Passenger,2644,1306,3950,324900,328850,1.20
February 28 2021,Kittitas,WA,Truck,0,0,0,15035,15035,0.00
March 31 2021,Virginia Beach City,VA,Passenger,2,0,2,584,586,0.34
February 28 2021,Klamath,OR,Passenger,1,0,1,22,23,4.35
February 28 2021,Sacramento,CA,Passenger,2,0,2,221,223,0.90
March 31 2021,Arapahoe,CO,Passenger,1,0,1,107,108,0.93
March 31 2021,Asotin,WA,Truck,0,0,0,6857,6857,0.00
February 28 2021,San Bernardino,CA,Passenger,0,1,1,381,382,0.26
February 28 2021,Los Angeles,CA,Passenger,9,8,17,840,857,1.98
February 28 2021,Kings,NY,Passenger,1,0,1,52,53,1.89
February 28 2021,Fairbanks North Star,AK,Passenger,0,1,1,86,87,1.15
March 31 2021,Charleston,SC,Passenger,1,0,1,75,76,1.32
February 28 2021,Douglas,WA,Passenger,88,46,134,28785,28919,0.46
March 31 2021,Whitman,WA,Passenger,56,47,103,22347,22450,0.46
February 28 2021,Lake,IL,Passenger,2,0,2,156,158,1.27
February 28 2021,Santa Cruz,CA,Passenger,1,0,1,28,29,3.45
March 31 2021,Bay,FL,Passenger,1,0,1,33,34,2.94
February 28 2021,Ferry,WA,Passenger,10,3,13,4461,4474,0.29
February 28 2021,Maui,HI,Passenger,1,0,1,25,26,3.85
February 28 2021,Fairfax,VA,Passenger,5,5,10,656,666,1.50
February 28 2021,Franklin,WA,Passenger,101,92,193,62786,62979,0.31
February 28 2021,Franklin,WA,Truck,0,0,0,21006,21006,0.00
April 30 2021,,,Passenger,8,6,14,1663,1677,0.83
February 28 2021,Spokane,WA,Truck,3,0,3,103116,103119,0.00
March 31 2021,Clark,WA,Truck,6,0,6,85350,85356,0.01
March 31 2021,Boone,MO,Passenger,0,1,1,7,8,12.50
February 28 2021,Fresno,CA,Passenger,1,0,1,159,160,0.62
February 28 2021,Stafford,VA,Passenger,2,0,2,89,91,2.20
April 30 2021,Adams,WA,Passenger,11,12,23,13289,13312,0.17
February 28 2021,Liberty,GA,Passenger,1,0,1,113,114,0.88
February 28 2021,Garfield,WA,Truck,0,0,0,1031,1031,0.00
February 28 2021,Stevens,WA,Passenger,42,42,84,31006,31090,0.27
March 31 2021,Caddo,LA,Passenger,1,0,1,9,10,10.00
March 31 2021,Cowlitz,WA,Passenger,211,146,357,73384,73741,0.48
February 28 2021,Grays Harbor,WA,Truck,1,0,1,21603,21604,0.00
February 28 2021,Thurston,WA,Passenger,1480,860,2340,200495,202835,1.15
February 28 2021,Howard,IN,Passenger,0,1,1,3,4,25.00
February 28 2021,Otero,NM,Passenger,0,1,1,33,34,2.94
February 28 2021,Howard,MD,Passenger,0,1,1,72,73,1.37
February 28 2021,Harrison,MS,Passenger,2,0,2,56,58,3.45
February 28 2021,Mason,WA,Passenger,207,146,353,48594,48947,0.72
February 28 2021,Pacific,WA,Truck,0,0,0,7982,7982,0.00
February 28 2021,Island,WA,Passenger,568,314,882,64028,64910,1.36
February 28 2021,Palm Beach,FL,Passenger,0,1,1,53,54,1.85
April 30 2021,Bucks,PA,Passenger,1,0,1,17,18,5.56
February 28 2021,Walla Walla,WA,Truck,0,0,0,14248,14248,0.00
February 28 2021,Pend Oreille,WA,Truck,1,0,1,5878,5879,0.02
March 31 2021,Chelan,WA,Passenger,312,94,406,55491,55897,0.73
February 28 2021,Jefferson,WA,Passenger,304,183,487,25261,25748,1.89
February 28 2021,Pennington,SD,Passenger,1,0,1,31,32,3.12
April 30 2021,Calvert,MD,Passenger,0,2,2,86,88,2.27
February 28 2021,Pima,AZ,Passenger,1,1,2,261,263,0.76
February 28 2021,Juneau,AK,Passenger,0,1,1,20,21,4.76
March 31 2021,Fairfax,VA,Passenger,5,5,10,659,669,1.49
February 28 2021,Westchester,NY,Passenger,0,1,1,18,19,5.26
February 28 2021,Polk,FL,Passenger,1,0,1,49,50,2.00
February 28 2021,Wichita,TX,Passenger,1,0,1,40,41,2.44
February 28 2021,Norfolk City,VA,Passenger,2,1,3,336,339,0.88
February 28 2021,Kitsap,WA,Truck,1,0,1,55314,55315,0.00
February 28 2021,Klickitat,WA,Passenger,69,46,115,15381,15496,0.74
March 31 2021,Grant,WA,Passenger,97,94,191,67752,67943,0.28
February 28 2021,Okanogan,WA,Truck,0,0,0,3985,3985,0.00
April 30 2021,Clallam,WA,Passenger,324,211,535,51240,51775,1.03
February 28 2021,Orange,FL,Passenger,1,0,1,98,99,1.01
April 30 2021,Clark,NV,Passenger,4,1,5,566,571,0.88
March 31 2021,Harris,TX,Passenger,1,0,1,177,178,0.56
February 28 2021,Saint Louis City,MO,Passenger,1,0,1,21,22,4.55
March 31 2021,Davidson,TN,Passenger,1,0,1,43,44,2.27
February 28 2021,Ozaukee,WI,Passenger,0,1,1,3,4,25.00
February 28 2021,Lincoln,WA,Truck,0,0,0,4794,4794,0.00
April 30 2021,Columbia,GA,Passenger,1,0,1,122,123,0.81
March 31 2021,Dekalb,GA,Passenger,1,0,1,54,55,1.82
April 30 2021,Columbia,WA,Truck,1,0,1,1582,1583,0.06
March 31 2021,Honolulu,HI,Passenger,4,0,4,354,358,1.12
April 30 2021,Contra Costa,CA,Passenger,2,0,2,155,157,1.27
March 31 2021,Howard,IN,Passenger,0,1,1,3,4,25.00
February 28 2021,Sevier,AR,Passenger,0,1,1,0,1,100.00
February 28 2021,Pierce,WA,Truck,5,0,5,147846,147851,0.00
March 31 2021,Douglas,WA,Truck,1,0,1,12810,12811,0.01
February 28 2021,Lewis,WA,Truck,0,0,0,27236,27236,0.00
March 31 2021,El Dorado,CA,Passenger,1,0,1,26,27,3.70
March 31 2021,Island,WA,Passenger,575,317,892,64116,65008,1.37
February 28 2021,Skagit,WA,Passenger,565,271,836,93094,93930,0.89
March 31 2021,Erie,NY,Passenger,1,0,1,34,35,2.86
February 28 2021,Skamania,WA,Passenger,41,25,66,8504,8570,0.77
February 28 2021,Snohomish,WA,Passenger,5475,2008,7483,546836,554319,1.35
March 31 2021,Carroll,MD,Passenger,0,1,1,13,14,7.14
March 31 2021,King,WA,Passenger,29242,8863,38105,1384003,1422108,2.68
March 31 2021,Franklin,WA,Truck,0,0,0,21049,21049,0.00
February 28 2021,Maricopa,AZ,Passenger,3,3,6,990,996,0.60
March 31 2021,Kings,NY,Passenger,1,0,1,52,53,1.89
February 28 2021,Sumter,FL,Passenger,0,1,1,10,11,9.09
February 28 2021,Nassau,NY,Passenger,2,0,2,23,25,8.00
March 31 2021,Chaves,NM,Passenger,1,0,1,7,8,12.50
March 31 2021,Frederick,MD,Passenger,2,1,3,72,75,4.00
April 30 2021,Douglas,WA,Passenger,89,47,136,28921,29057,0.47
March 31 2021,Fulton,GA,Passenger,0,2,2,70,72,2.78
February 28 2021,Saint Marys,MD,Passenger,1,0,1,177,178,0.56
March 31 2021,Clark,WA,Passenger,2714,1334,4048,325498,329546,1.23
February 28 2021,Travis,TX,Passenger,1,1,2,132,134,1.49
February 28 2021,Umatilla,WA,Passenger,0,0,0,2,2,0.00
February 28 2021,San Diego,CA,Passenger,13,8,21,2641,2662,0.79
March 31 2021,Garfield,WA,Passenger,0,2,2,1382,1384,0.14
February 28 2021,Vigo,IN,Passenger,1,0,1,4,5,20.00
March 31 2021,Lincoln,WA,Truck,0,0,0,4833,4833,0.00
February 28 2021,San Juan,WA,Truck,0,0,0,6022,6022,0.00
February 28 2021,Milwaukee,WI,Passenger,1,0,1,37,38,2.63
February 28 2021,Virginia Beach City,VA,Passenger,2,0,2,585,587,0.34
February 28 2021,Platte,MO,Passenger,1,0,1,18,19,5.26
February 28 2021,Santa Clara,CA,Passenger,5,2,7,230,237,2.95
February 28 2021,Wahkiakum,WA,Passenger,8,7,15,3101,3116,0.48
February 28 2021,Wahkiakum,WA,Truck,0,0,0,1826,1826,0.00
February 28 2021,Monterey,CA,Passenger,1,0,1,154,155,0.65
February 28 2021,Sarpy,NE,Passenger,1,0,1,58,59,1.69
February 28 2021,Montgomery,PA,Passenger,1,0,1,20,21,4.76
April 30 2021,Howard,MD,Passenger,0,1,1,73,74,1.35
February 28 2021,Washtenaw,MI,Passenger,1,0,1,20,21,4.76
February 28 2021,Solano,CA,Passenger,1,0,1,197,198,0.51
April 30 2021,Island,WA,Passenger,600,326,926,64242,65168,1.42
February 28 2021,New Castle,DE,Passenger,1,0,1,23,24,4.17
February 28 2021,Whatcom,WA,Passenger,1352,597,1949,152868,154817,1.26
February 28 2021,Tipton,TN,Passenger,1,0,1,10,11,9.09
March 31 2021,Island,WA,Truck,1,0,1,21845,21846,0.00
April 30 2021,Jones,GA,Passenger,1,0,1,1,2,50.00
March 31 2021,Norfolk City,VA,Passenger,2,1,3,332,335,0.90
March 31 2021,Ferry,WA,Truck,0,0,0,3699,3699,0.00
February 28 2021,Tulsa,OK,Passenger,0,1,1,37,38,2.63
March 31 2021,Adams,WA,Passenger,10,11,21,13257,13278,0.16
March 31 2021,Fresno,CA,Passenger,1,0,1,157,158,0.63
April 30 2021,Kittitas,WA,Passenger,162,62,224,30531,30755,0.73
March 31 2021,Okanogan,WA,Truck,0,0,0,3970,3970,0.00
April 30 2021,Lake,IL,Passenger,2,0,2,153,155,1.29
February 28 2021,Shelby,OH,Passenger,0,1,1,1,2,50.00
February 28 2021,Snohomish,WA,Truck,5,0,5,128475,128480,0.00
March 31 2021,Pend Oreille,WA,Truck,1,0,1,5870,5871,0.02
February 28 2021,Saginaw,MI,Passenger,2,0,2,8,10,20.00
March 31 2021,,CA,Passenger,1,4,5,194,199,2.51
March 31 2021,Greene,MO,Passenger,0,1,1,20,21,4.76
March 31 2021,Philadelphia,PA,Passenger,1,0,1,52,53,1.89
February 28 2021,Stevens,WA,Truck,0,0,0,19251,19251,0.00
March 31 2021,Hamilton,IN,Passenger,2,0,2,28,30,6.67
March 31 2021,Powhatan,VA,Passenger,1,0,1,1,2,50.00
March 31 2021,Allegheny,PA,Passenger,1,1,2,55,57,3.51
February 28 2021,San Juan,WA,Passenger,388,121,509,14433,14942,3.41
February 28 2021,San Mateo,CA,Passenger,0,1,1,94,95,1.05
March 31 2021,Liberty,GA,Passenger,1,0,1,114,115,0.87
March 31 2021,Bell,TX,Passenger,0,1,1,341,342,0.29
March 31 2021,Los Angeles,CA,Passenger,9,8,17,822,839,2.03
March 31 2021,Chelan,WA,Truck,0,0,0,23423,23423,0.00
March 31 2021,Bradley,TN,Passenger,1,1,2,0,2,100.00
March 31 2021,Jefferson,WA,Passenger,309,188,497,25281,25778,1.93
April 30 2021,Multnomah,OR,Passenger,2,5,7,583,590,1.19
February 28 2021,Walla Walla,WA,Passenger,109,73,182,36892,37074,0.49
March 31 2021,San Diego,CA,Passenger,14,8,22,2608,2630,0.84
March 31 2021,Bryan,GA,Passenger,1,0,1,54,55,1.82
April 30 2021,Nassau,NY,Passenger,2,0,2,22,24,8.33
February 28 2021,Thurston,WA,Truck,3,0,3,57365,57368,0.01
March 31 2021,San Francisco,CA,Passenger,1,1,2,79,81,2.47
March 31 2021,Carson City,NV,Passenger,1,0,1,10,11,9.09
March 31 2021,Kent,MI,Passenger,0,1,1,19,20,5.00
March 31 2021,Columbia,WA,Truck,1,0,1,1581,1582,0.06
April 30 2021,Okanogan,WA,Truck,0,0,0,3968,3968,0.00
March 31 2021,Mason,WA,Passenger,217,148,365,48738,49103,0.74
February 28 2021,Whitman,WA,Passenger,55,49,104,22307,22411,0.46
March 31 2021,Sedgwick,KS,Passenger,1,0,1,77,78,1.28
February 28 2021,Whitman,WA,Truck,2,0,2,8708,8710,0.02
March 31 2021,Klickitat,WA,Passenger,69,47,116,15390,15506,0.75
March 31 2021,Contra Costa,CA,Passenger,2,0,2,153,155,1.29
April 30 2021,Orange,FL,Passenger,1,0,1,97,98,1.02
February 28 2021,Williamson,TX,Passenger,1,0,1,87,88,1.14
March 31 2021,Skamania,WA,Truck,0,0,0,4143,4143,0.00
March 31 2021,Clackamas,OR,Passenger,2,0,2,136,138,1.45
March 31 2021,Missoula,MT,Passenger,1,0,1,51,52,1.92
April 30 2021,Pend Oreille,WA,Truck,1,0,1,5869,5870,0.02
March 31 2021,Spartanburg,SC,Passenger,0,1,1,34,35,2.86
March 31 2021,Denver,CO,Passenger,1,0,1,88,89,1.12
April 30 2021,Pierce,WA,Truck,13,0,13,148227,148240,0.01
March 31 2021,Spokane,WA,Passenger,1004,624,1628,328177,329805,0.49
March 31 2021,Deschutes,OR,Passenger,1,0,1,99,100,1.00
March 31 2021,Monterey,CA,Passenger,1,0,1,154,155,0.65
March 31 2021,Alameda,CA,Passenger,2,0,2,222,224,0.89
March 31 2021,Monroe,IL,Passenger,1,0,1,2,3,33.33
March 31 2021,Cumberland,NC,Passenger,0,2,2,427,429,0.47
March 31 2021,Arlington,VA,Passenger,0,1,1,123,124,0.81
March 31 2021,Montgomery,OH,Passenger,0,1,1,61,62,1.61
March 31 2021,Moore,NC,Passenger,0,1,1,130,131,0.76
March 31 2021,Albemarle,VA,Passenger,1,0,1,22,23,4.35
March 31 2021,Umatilla,WA,Passenger,0,0,0,2,2,0.00
April 30 2021,Riverside,CA,Passenger,5,1,6,504,510,1.18
March 31 2021,Wahkiakum,WA,Truck,0,0,0,1825,1825,0.00
March 31 2021,Franklin,WA,Passenger,110,94,204,62768,62972,0.32
March 31 2021,Nueces,TX,Passenger,1,0,1,75,76,1.32
April 30 2021,Sacramento,CA,Passenger,2,0,2,214,216,0.93
March 31 2021,Walla Walla,WA,Passenger,109,76,185,36969,37154,0.50
March 31 2021,Benton,WA,Passenger,479,382,861,137882,138743,0.62
March 31 2021,Otero,NM,Passenger,0,1,1,34,35,2.86
March 31 2021,District Of Columbia,DC,Passenger,2,3,5,200,205,2.44
March 31 2021,Bexar,TX,Passenger,3,5,8,481,489,1.64
March 31 2021,Pacific,WA,Truck,0,0,0,8020,8020,0.00
March 31 2021,Okanogan,,Passenger,47,31,78,20922,21000,0.37
March 31 2021,Benton,WA,Truck,2,0,2,44360,44362,0.00
April 30 2021,Saint Marys,MD,Passenger,1,0,1,175,176,0.57
April 30 2021,San Juan,WA,Truck,0,0,0,6039,6039,0.00
March 31 2021,Whatcom,WA,Truck,6,0,6,44612,44618,0.01
March 31 2021,Duval,FL,Passenger,0,1,1,306,307,0.33
March 31 2021,Pima,AZ,Passenger,1,1,2,251,253,0.79
April 30 2021,Santa Clara,CA,Passenger,6,2,8,225,233,3.43
March 31 2021,Bucks,PA,Passenger,1,0,1,18,19,5.26
March 31 2021,Flathead,MT,Passenger,1,0,1,36,37,2.70
March 31 2021,Polk,FL,Passenger,1,0,1,49,50,2.00
March 31 2021,Calvert,MD,Passenger,0,2,2,86,88,2.27
March 31 2021,Clark,NV,Passenger,4,1,5,571,576,0.87
April 30 2021,Alameda,CA,Passenger,2,0,2,214,216,0.93
March 31 2021,Garfield,WA,Truck,0,0,0,1029,1029,0.00
March 31 2021,Prince William,VA,Passenger,1,1,2,214,216,0.93
April 30 2021,Anne Arundel,MD,Passenger,3,3,6,370,376,1.60
March 31 2021,Ramsey,MN,Passenger,1,0,1,24,25,4.00
April 30 2021,Asotin,WA,Passenger,20,15,35,12892,12927,0.27
March 31 2021,Goochland,VA,Passenger,3,1,4,161,165,2.42
March 31 2021,Columbia,GA,Passenger,1,0,1,123,124,0.81
March 31 2021,Charles,MD,Passenger,1,1,2,62,64,3.12
March 31 2021,Kern,CA,Passenger,1,1,2,200,202,0.99
March 31 2021,King,WA,Truck,25,1,26,187790,187816,0.01
March 31 2021,Cowlitz,WA,Truck,1,0,1,29644,29645,0.00
March 31 2021,Chesapeake City,VA,Passenger,0,3,3,378,381,0.79
March 31 2021,Saginaw,MI,Passenger,2,0,2,8,10,20.00
March 31 2021,Harnett,NC,Passenger,0,1,1,159,160,0.62
March 31 2021,San Bernardino,CA,Passenger,0,1,1,372,373,0.27
March 31 2021,Lake,IL,Passenger,2,0,2,154,156,1.28
April 30 2021,Walla Walla,WA,Passenger,111,75,186,37107,37293,0.50
March 31 2021,Clallam,WA,Passenger,315,204,519,51061,51580,1.01
March 31 2021,Clallam,WA,Truck,1,0,1,22384,22385,0.00
March 31 2021,Santa Cruz,CA,Passenger,1,0,1,26,27,3.70
March 31 2021,San Juan,WA,Passenger,399,126,525,14466,14991,3.50
April 30 2021,Camden,GA,Passenger,1,0,1,127,128,0.78
March 31 2021,Leavenworth,KS,Passenger,0,1,1,111,112,0.89
March 31 2021,San Mateo,CA,Passenger,0,1,1,94,95,1.05
March 31 2021,Sarpy,NE,Passenger,1,0,1,56,57,1.75
March 31 2021,Lewis,WA,Passenger,142,141,283,60219,60502,0.47
March 31 2021,Santa Barbara,CA,Passenger,1,0,1,75,76,1.32
March 31 2021,El Paso,TX,Passenger,2,0,2,377,379,0.53
March 31 2021,Lewis,WA,Truck,0,0,0,27290,27290,0.00
April 30 2021,Williamson,TX,Passenger,1,0,1,84,85,1.18
March 31 2021,Skamania,WA,Passenger,42,25,67,8511,8578,0.78
March 31 2021,Kent,DE,Passenger,0,1,1,60,61,1.64
March 31 2021,Skagit,WA,Truck,2,0,2,33558,33560,0.01
March 31 2021,Snohomish,WA,Truck,5,0,5,128486,128491,0.00
March 31 2021,Kitsap,WA,Passenger,1763,832,2595,182921,185516,1.40
March 31 2021,Kittitas,WA,Truck,1,0,1,15066,15067,0.01
March 31 2021,Manassas City,VA,Passenger,0,1,1,4,5,20.00
April 30 2021,Cowlitz,WA,Truck,2,0,2,29695,29697,0.01
March 31 2021,Douglas,WA,Passenger,88,47,135,28858,28993,0.47
March 31 2021,Stevens,WA,Truck,0,0,0,19275,19275,0.00
March 31 2021,Grant,WA,Truck,0,0,0,28437,28437,0.00
May 31 2021,Asotin,WA,Truck,0,0,0,6870,6870,0.00
March 31 2021,Grays Harbor,WA,Passenger,167,134,301,49727,50028,0.60
March 31 2021,Vigo,IN,Passenger,1,0,1,4,5,20.00
April 30 2021,Cumberland,NC,Truck,1,0,1,96,97,1.03
March 31 2021,Grays Harbor,WA,Truck,1,0,1,21592,21593,0.00
April 30 2021,Danville City,VA,Passenger,1,0,1,0,1,100.00
March 31 2021,Walla Walla,WA,Truck,0,0,0,14283,14283,0.00
March 31 2021,Tipton,TN,Passenger,1,0,1,10,11,9.09
March 31 2021,Glacier,MT,Passenger,0,1,1,4,5,20.00
April 30 2021,District Of Columbia,DC,Passenger,3,3,6,194,200,3.00
March 31 2021,Montgomery,PA,Passenger,1,0,1,19,20,5.00
March 31 2021,Montgomery,TX,Passenger,0,1,1,28,29,3.45
March 31 2021,Westchester,NY,Passenger,0,1,1,18,19,5.26
March 31 2021,Whatcom,WA,Passenger,1374,601,1975,153069,155044,1.27
March 31 2021,Multnomah,OR,Passenger,3,5,8,591,599,1.34
April 30 2021,El Paso,TX,Passenger,2,0,2,369,371,0.54
March 31 2021,Hidalgo,TX,Passenger,0,1,1,56,57,1.75
March 31 2021,Wichita,TX,Passenger,1,0,1,39,40,2.50
March 31 2021,Howard,MD,Passenger,0,1,1,74,75,1.33
March 31 2021,Maui,HI,Passenger,1,0,1,24,25,4.00
March 31 2021,Washoe,NV,Passenger,1,0,1,66,67,1.49
May 31 2021,Clark,NV,Passenger,4,1,5,551,556,0.90
April 30 2021,Fairbanks North Star,AK,Passenger,0,1,1,81,82,1.22
May 31 2021,Columbia,WA,Truck,1,0,1,1572,1573,0.06
March 31 2021,Okanogan,WA,Passenger,11,5,16,5885,5901,0.27
April 30 2021,Flathead,MT,Passenger,1,0,1,33,34,2.94
March 31 2021,Oldham,KY,Passenger,0,1,1,4,5,20.00
April 30 2021,,CA,Passenger,1,4,5,203,208,2.40
March 31 2021,Whitman,WA,Truck,2,0,2,8727,8729,0.02
March 31 2021,Jones,GA,Passenger,1,0,1,1,2,50.00
March 31 2021,Jefferson,NY,Passenger,0,1,1,207,208,0.48
March 31 2021,Williams,ND,Passenger,0,1,1,12,13,7.69
April 30 2021,Allegheny,PA,Passenger,1,1,2,55,57,3.51
April 30 2021,Franklin,WA,Passenger,118,100,218,62942,63160,0.35
March 31 2021,Yakima,WA,Passenger,207,145,352,171712,172064,0.20
April 30 2021,Arlington,VA,Passenger,0,1,1,123,124,0.81
March 31 2021,Yamhill,OR,Passenger,1,0,1,32,33,3.03
March 31 2021,Klickitat,WA,Truck,0,0,0,8372,8372,0.00
March 31 2021,Kittitas,WA,Passenger,155,59,214,30516,30730,0.70
March 31 2021,Pierce,WA,Passenger,3372,1974,5346,565228,570574,0.94
March 31 2021,Pierce,WA,Truck,6,0,6,147926,147932,0.00
April 30 2021,Bell,TX,Passenger,0,1,1,339,340,0.29
March 31 2021,Lincoln,WA,Passenger,7,13,20,7845,7865,0.25
April 30 2021,Grant,WA,Truck,1,0,1,28500,28501,0.00
April 30 2021,Grays Harbor,WA,Truck,2,0,2,21689,21691,0.01
April 30 2021,Benton,WA,Truck,3,0,3,44431,44434,0.01
May 31 2021,Duval,FL,Passenger,0,1,1,292,293,0.34
March 31 2021,Putnam,TN,Passenger,0,1,1,0,1,100.00
March 31 2021,Platte,MO,Passenger,1,0,1,17,18,5.56
April 30 2021,Bradley,TN,Passenger,1,1,2,0,2,100.00
March 31 2021,Mason,WA,Truck,0,0,0,21592,21592,0.00
May 31 2021,Ferry,WA,Truck,0,0,0,3712,3712,0.00
April 30 2021,Bryan,GA,Passenger,1,0,1,53,54,1.85
March 31 2021,Riverside,CA,Passenger,5,1,6,513,519,1.16
May 31 2021,Flathead,MT,Passenger,1,0,1,34,35,2.86
March 31 2021,Saint Clair,IL,Passenger,1,0,1,131,132,0.76
May 31 2021,Garfield,WA,Passenger,0,2,2,1382,1384,0.14
April 30 2021,Carson City,NV,Passenger,1,0,1,9,10,10.00
April 30 2021,Charles,MD,Passenger,1,1,2,61,63,3.17
March 31 2021,Saint Marys,MD,Passenger,1,0,1,178,179,0.56
March 31 2021,Nassau,FL,Passenger,1,0,1,19,20,5.00
March 31 2021,Santa Clara,CA,Passenger,6,2,8,227,235,3.40
March 31 2021,Nassau,NY,Passenger,2,0,2,23,25,8.00
March 31 2021,Saint Louis City,MO,Passenger,1,0,1,20,21,4.76
April 30 2021,King,WA,Truck,42,1,43,187743,187786,0.02
April 30 2021,Clallam,WA,Truck,1,0,1,22376,22377,0.00
April 30 2021,Chelan,WA,Truck,2,0,2,23435,23437,0.01
April 30 2021,Kitsap,WA,Truck,6,0,6,55424,55430,0.01
April 30 2021,Klamath,OR,Passenger,1,0,1,21,22,4.55
April 30 2021,Chesapeake City,VA,Passenger,0,3,3,372,375,0.80
March 31 2021,Solano,CA,Passenger,1,0,1,196,197,0.51
March 31 2021,Orange,CA,Passenger,3,2,5,434,439,1.14
March 31 2021,Orange,FL,Passenger,1,0,1,98,99,1.01
April 30 2021,Clackamas,OR,Passenger,1,0,1,137,138,0.72
March 31 2021,Ozaukee,WI,Passenger,0,1,1,3,4,25.00
March 31 2021,Thurston,WA,Truck,7,0,7,57374,57381,0.01
May 31 2021,Jones,GA,Passenger,1,0,1,1,2,50.00
March 31 2021,Snohomish,WA,Passenger,5583,2039,7622,546738,554360,1.37
April 30 2021,Lewis,WA,Truck,0,0,0,27321,27321,0.00
March 31 2021,Pend Oreille,WA,Passenger,12,6,18,9517,9535,0.19
April 30 2021,Cumberland,NC,Passenger,0,2,2,422,424,0.47
March 31 2021,Pinellas,FL,Passenger,1,1,2,69,71,2.82
March 31 2021,Plaquemines,LA,Passenger,0,1,1,16,17,5.88
March 31 2021,Stevens,WA,Passenger,42,43,85,31040,31125,0.27
March 31 2021,Sumter,FL,Passenger,0,1,1,9,10,10.00
April 30 2021,Maui,HI,Passenger,1,0,1,25,26,3.85
April 30 2021,Davidson,TN,Passenger,1,0,1,44,45,2.22
March 31 2021,Travis,TX,Passenger,1,1,2,133,135,1.48
March 31 2021,Riley,KS,Passenger,1,0,1,55,56,1.79
April 30 2021,Denver,CO,Passenger,1,0,1,89,90,1.11
April 30 2021,Deschutes,OR,Passenger,1,0,1,96,97,1.03
March 31 2021,Sacramento,CA,Passenger,2,0,2,220,222,0.90
April 30 2021,Montgomery,PA,Passenger,1,0,1,19,20,5.00
April 30 2021,El Dorado,CA,Passenger,1,0,1,27,28,3.57
April 30 2021,Anchorage,AK,Passenger,1,0,1,133,134,0.75
March 31 2021,San Juan,WA,Truck,0,0,0,6037,6037,0.00
April 30 2021,New Castle,DE,Passenger,1,0,1,20,21,4.76
March 31 2021,Sevier,AR,Passenger,0,1,1,0,1,100.00
May 31 2021,Missoula,MT,Passenger,1,0,1,46,47,2.13
March 31 2021,Shelby,OH,Passenger,0,1,1,1,2,50.00
April 30 2021,Glacier,MT,Passenger,0,1,1,4,5,20.00
April 30 2021,Fresno,CA,Passenger,1,0,1,157,158,0.63
May 31 2021,Moore,NC,Passenger,0,1,1,130,131,0.76
March 31 2021,Stafford,VA,Passenger,2,0,2,91,93,2.15
March 31 2021,Spokane,WA,Truck,8,0,8,103337,103345,0.01
March 31 2021,Yakima,WA,Truck,1,0,1,62924,62925,0.00
April 30 2021,Pennington,SD,Passenger,1,0,1,29,30,3.33
May 31 2021,Multnomah,OR,Passenger,2,5,7,573,580,1.21
April 30 2021,Grays Harbor,WA,Passenger,173,138,311,49965,50276,0.62
April 30 2021,Garfield,WA,Truck,0,0,0,1027,1027,0.00
April 30 2021,Goochland,VA,Passenger,3,0,3,155,158,1.90
April 30 2021,Platte,MO,Passenger,1,0,1,15,16,6.25
April 30 2021,Boulder,CO,Passenger,1,1,2,33,35,5.71
April 30 2021,Adams,WA,Truck,0,0,0,5528,5528,0.00
May 31 2021,Nueces,TX,Passenger,1,0,1,73,74,1.35
May 31 2021,Okanogan,,Passenger,49,33,82,20963,21045,0.39
March 31 2021,Thurston,WA,Passenger,1525,872,2397,200455,202852,1.18
April 30 2021,Albemarle,VA,Passenger,1,0,1,21,22,4.55
April 30 2021,Harnett,NC,Passenger,0,1,1,155,156,0.64
April 30 2021,Saint Clair,IL,Passenger,1,0,1,128,129,0.78
April 30 2021,Alexandria City,VA,Passenger,4,0,4,133,137,2.92
March 31 2021,Ventura,CA,Passenger,1,2,3,258,261,1.15
April 30 2021,Hidalgo,TX,Passenger,0,1,1,55,56,1.79
March 31 2021,Wahkiakum,WA,Passenger,9,8,17,3132,3149,0.54
April 30 2021,Clark,WA,Passenger,2821,1381,4202,326556,330758,1.27
April 30 2021,Bartow,GA,Passenger,0,1,1,3,4,25.00
April 30 2021,Benton,WA,Passenger,507,389,896,138264,139160,0.64
April 30 2021,Columbia,WA,Passenger,5,4,9,2529,2538,0.35
April 30 2021,Jefferson,WA,Passenger,317,191,508,25304,25812,1.97
March 31 2021,Williamson,TX,Passenger,1,0,1,86,87,1.15
April 30 2021,Jefferson,NY,Passenger,0,1,1,207,208,0.48
April 30 2021,Kern,CA,Passenger,1,1,2,200,202,0.99
April 30 2021,Skagit,WA,Passenger,592,290,882,93400,94282,0.94
May 31 2021,Riverside,CA,Passenger,5,1,6,490,496,1.21
April 30 2021,Kent,DE,Passenger,0,1,1,59,60,1.67
April 30 2021,Kitsap,WA,Passenger,1821,846,2667,183368,186035,1.43
April 30 2021,Snohomish,WA,Passenger,5779,2069,7848,547461,555309,1.41
April 30 2021,Douglas,NE,Passenger,1,1,2,43,45,4.44
April 30 2021,Kittitas,WA,Truck,1,0,1,15050,15051,0.01
April 30 2021,Douglas,OR,Passenger,1,0,1,30,31,3.23
April 30 2021,Spokane,WA,Truck,14,0,14,103590,103604,0.01
April 30 2021,Asotin,WA,Truck,0,0,0,6876,6876,0.00
April 30 2021,Leavenworth,KS,Passenger,0,1,1,111,112,0.89
April 30 2021,Arapahoe,CO,Passenger,1,0,1,108,109,0.92
May 31 2021,San Bernardino,CA,Passenger,0,1,1,362,363,0.28
April 30 2021,Carroll,MD,Passenger,0,1,1,12,13,7.69
April 30 2021,Stevens,WA,Passenger,44,43,87,31201,31288,0.28
May 31 2021,Santa Barbara,CA,Passenger,1,0,1,74,75,1.33
April 30 2021,Lewis,WA,Passenger,157,142,299,60574,60873,0.49
April 30 2021,Liberty,GA,Passenger,1,0,1,108,109,0.92
April 30 2021,Bay,FL,Passenger,1,0,1,33,34,2.94
May 31 2021,Santa Cruz,CA,Passenger,1,0,1,22,23,4.35
April 30 2021,Lincoln,WA,Passenger,7,13,20,7883,7903,0.25
April 30 2021,Guadalupe,TX,Passenger,1,0,1,36,37,2.70
April 30 2021,Bexar,TX,Passenger,3,5,8,473,481,1.66
April 30 2021,Thurston,WA,Passenger,1588,882,2470,200677,203147,1.22
April 30 2021,Caddo,LA,Passenger,1,0,1,9,10,10.00
April 30 2021,Boone,MO,Passenger,0,1,1,6,7,14.29
April 30 2021,Hamilton,IN,Passenger,2,0,2,27,29,6.90
May 31 2021,Skagit,WA,Truck,3,0,3,33525,33528,0.01
April 30 2021,Manassas City,VA,Passenger,0,1,1,4,5,20.00
May 31 2021,Snohomish,WA,Passenger,5913,2102,8015,546415,554430,1.45
April 30 2021,Mason,WA,Truck,2,0,2,21652,21654,0.01
May 31 2021,Stevens,WA,Passenger,46,45,91,31104,31195,0.29
April 30 2021,Chaves,NM,Passenger,1,0,1,7,8,12.50
April 30 2021,Charleston,SC,Passenger,1,0,1,75,76,1.32
April 30 2021,Monterey,CA,Passenger,1,0,1,152,153,0.65
April 30 2021,Chelan,WA,Passenger,322,93,415,55524,55939,0.74
April 30 2021,King,WA,Passenger,30135,9038,39173,1386227,1425400,2.75
May 31 2021,,,Truck,1,0,1,290,291,0.34
April 30 2021,Nassau,FL,Passenger,1,0,1,19,20,5.00
April 30 2021,Clark,WA,Truck,12,0,12,85531,85543,0.01
April 30 2021,Duval,FL,Passenger,0,1,1,301,302,0.33
May 31 2021,Alameda,CA,Passenger,2,0,2,208,210,0.95
April 30 2021,Klickitat,WA,Passenger,71,48,119,15510,15629,0.76
April 30 2021,Frederick,MD,Passenger,2,1,3,71,74,4.05
April 30 2021,Okanogan,WA,Passenger,12,5,17,5908,5925,0.29
May 31 2021,Albemarle,VA,Passenger,1,0,1,20,21,4.76
April 30 2021,Oldham,KY,Passenger,0,1,1,4,5,20.00
April 30 2021,Okanogan,,Truck,2,0,2,13147,13149,0.02
April 30 2021,Ferry,WA,Passenger,10,3,13,4510,4523,0.29
April 30 2021,Greene,MO,Passenger,0,1,1,20,21,4.76
May 31 2021,Wichita,TX,Passenger,1,0,1,38,39,2.56
April 30 2021,Cowlitz,WA,Passenger,225,147,372,73629,74001,0.50
May 31 2021,Benton,WA,Passenger,517,396,913,138024,138937,0.66
April 30 2021,Otero,NM,Passenger,0,1,1,34,35,2.86
April 30 2021,Ferry,WA,Truck,0,0,0,3718,3718,0.00
May 31 2021,Bexar,TX,Passenger,2,4,6,464,470,1.28
May 31 2021,Yakima,WA,Passenger,228,154,382,172073,172455,0.22
April 30 2021,Dekalb,GA,Passenger,1,0,1,53,54,1.85
April 30 2021,Ozaukee,WI,Passenger,0,1,1,3,4,25.00
April 30 2021,Franklin,WA,Truck,0,0,0,21070,21070,0.00
April 30 2021,Palm Beach,FL,Passenger,1,0,1,52,53,1.89
June 30 2021,,,Truck,2,0,2,282,284,0.70
April 30 2021,Pend Oreille,WA,Passenger,14,5,19,9497,9516,0.20
April 30 2021,Harris,TX,Passenger,1,0,1,175,176,0.57
April 30 2021,Putnam,TN,Passenger,0,1,1,0,1,100.00
June 30 2021,Adams,WA,Truck,0,0,0,5478,5478,0.00
April 30 2021,Garfield,WA,Passenger,0,2,2,1390,1392,0.14
April 30 2021,Plaquemines,LA,Passenger,0,1,1,19,20,5.00
April 30 2021,Douglas,WA,Truck,1,0,1,12856,12857,0.01
April 30 2021,Dupage,IL,Passenger,1,0,1,41,42,2.38
June 30 2021,Arapahoe,CO,Passenger,1,0,1,103,104,0.96
April 30 2021,Riley,KS,Passenger,1,0,1,53,54,1.85
May 31 2021,Chelan,WA,Passenger,331,97,428,55492,55920,0.77
April 30 2021,Harrison,MS,Passenger,2,0,2,52,54,3.70
April 30 2021,Erie,NY,Passenger,1,0,1,32,33,3.03
April 30 2021,Honolulu,HI,Passenger,4,0,4,344,348,1.15
June 30 2021,Bay,FL,Passenger,1,0,1,32,33,3.03
April 30 2021,Montgomery,OH,Passenger,0,1,1,63,64,1.56
April 30 2021,Montgomery,TX,Passenger,0,1,1,27,28,3.57
May 31 2021,Clallam,WA,Passenger,336,212,548,51183,51731,1.06
April 30 2021,Fairfax,VA,Passenger,5,5,10,653,663,1.51
April 30 2021,Okanogan,,Passenger,49,32,81,21016,21097,0.38
April 30 2021,Fulton,GA,Passenger,0,1,1,69,70,1.43
April 30 2021,San Juan,WA,Passenger,411,128,539,14459,14998,3.59
May 31 2021,Cowlitz,WA,Truck,2,0,2,29601,29603,0.01
June 30 2021,Carroll,MD,Passenger,0,1,1,12,13,7.69
April 30 2021,Saint Louis City,MO,Passenger,1,0,1,20,21,4.76
June 30 2021,Charles,MD,Passenger,1,1,2,61,63,3.17
April 30 2021,Pacific,WA,Passenger,49,47,96,16284,16380,0.59
April 30 2021,Shelby,OH,Passenger,0,1,1,1,2,50.00
April 30 2021,Grant,WA,Passenger,107,93,200,67978,68178,0.29
April 30 2021,Kings,NY,Passenger,1,0,1,52,53,1.89
June 30 2021,Chelan,WA,Passenger,344,98,442,55407,55849,0.79
April 30 2021,Philadelphia,PA,Passenger,1,0,1,48,49,2.04
June 30 2021,Chesapeake City,VA,Passenger,0,4,4,361,365,1.10
April 30 2021,Sarpy,NE,Passenger,1,0,1,55,56,1.79
April 30 2021,Stevens,WA,Truck,0,0,0,19300,19300,0.00
April 30 2021,Pierce,WA,Passenger,3517,2024,5541,567330,572871,0.97
April 30 2021,Sevier,AR,Passenger,0,1,1,0,1,100.00
April 30 2021,Hennepin,MN,Passenger,1,0,1,65,66,1.52
May 31 2021,Douglas,WA,Truck,2,0,2,12859,12861,0.02
June 30 2021,Clallam,WA,Truck,3,0,3,22291,22294,0.01
May 31 2021,El Paso,TX,Passenger,2,0,2,366,368,0.54
April 30 2021,Skamania,WA,Passenger,44,32,76,8554,8630,0.88
April 30 2021,Howard,IN,Passenger,0,1,1,3,4,25.00
April 30 2021,Thurston,WA,Truck,11,0,11,57400,57411,0.02
June 30 2021,Clark,WA,Passenger,2972,1473,4445,326303,330748,1.34
April 30 2021,Prince William,VA,Passenger,1,1,2,214,216,0.93
April 30 2021,Tipton,TN,Passenger,1,0,1,10,11,9.09
April 30 2021,Island,WA,Truck,2,0,2,21899,21901,0.01
April 30 2021,Sumter,FL,Passenger,0,1,1,9,10,10.00
April 30 2021,Ramsey,MN,Passenger,1,0,1,22,23,4.35
April 30 2021,Mason,WA,Passenger,222,145,367,48828,49195,0.75
April 30 2021,Jefferson,WA,Truck,0,0,0,9790,9790,0.00
May 31 2021,Grant,WA,Truck,1,0,1,28426,28427,0.00
April 30 2021,Travis,TX,Passenger,1,1,2,130,132,1.52
May 31 2021,Greene,MO,Passenger,0,1,1,19,20,5.00
April 30 2021,Juneau,AK,Passenger,0,1,1,20,21,4.76
April 30 2021,Wahkiakum,WA,Passenger,11,7,18,3161,3179,0.57
April 30 2021,Whitman,WA,Truck,2,0,2,8706,8708,0.02
April 30 2021,Skagit,WA,Truck,3,0,3,33557,33560,0.01
April 30 2021,Klickitat,WA,Truck,1,0,1,8424,8425,0.01
May 31 2021,Hamilton,IN,Passenger,2,0,2,26,28,7.14
April 30 2021,Skamania,WA,Truck,0,0,0,4128,4128,0.00
April 30 2021,Snohomish,WA,Truck,19,0,19,128638,128657,0.01
June 30 2021,Douglas,WA,Truck,2,0,2,12854,12856,0.02
April 30 2021,Yamhill,OR,Passenger,1,0,1,32,33,3.03
June 30 2021,El Dorado,CA,Passenger,1,0,1,27,28,3.57
April 30 2021,Whatcom,WA,Passenger,1430,605,2035,153516,155551,1.31
June 30 2021,Erie,NY,Passenger,1,0,1,30,31,3.23
April 30 2021,Norfolk City,VA,Passenger,2,1,3,329,332,0.90
May 31 2021,Island,WA,Truck,3,0,3,21895,21898,0.01
April 30 2021,Lincoln,WA,Truck,0,0,0,4839,4839,0.00
April 30 2021,Orange,CA,Passenger,3,2,5,428,433,1.15
April 30 2021,Umatilla,WA,Passenger,0,0,0,2,2,0.00
June 30 2021,Frederick,MD,Passenger,2,1,3,68,71,4.23
April 30 2021,Maricopa,AZ,Passenger,3,2,5,923,928,0.54
April 30 2021,Los Angeles,CA,Passenger,9,8,17,806,823,2.07
April 30 2021,Yakima,WA,Truck,2,0,2,63003,63005,0.00
May 31 2021,Bradley,TN,Passenger,1,1,2,0,2,100.00
April 30 2021,Virginia Beach City,VA,Passenger,2,0,2,574,576,0.35
April 30 2021,Wahkiakum,WA,Truck,0,0,0,1839,1839,0.00
May 31 2021,King,WA,Truck,57,1,58,187099,187157,0.03
May 31 2021,Alexandria City,VA,Passenger,4,0,4,129,133,3.01
June 30 2021,Greene,MO,Passenger,0,1,1,18,19,5.26
April 30 2021,Milwaukee,WI,Passenger,1,0,1,35,36,2.78
May 31 2021,Carson City,NV,Passenger,1,0,1,9,10,10.00
June 30 2021,Hamilton,IN,Passenger,2,0,2,25,27,7.41
April 30 2021,Missoula,MT,Passenger,1,0,1,47,48,2.08
April 30 2021,Washoe,NV,Passenger,1,0,1,63,64,1.56
April 30 2021,Moore,NC,Passenger,0,1,1,132,133,0.75
May 31 2021,Clark,WA,Truck,16,0,16,85335,85351,0.02
April 30 2021,Montgomery,MD,Passenger,2,4,6,213,219,2.74
April 30 2021,Whatcom,WA,Truck,8,0,8,44600,44608,0.02
May 31 2021,Boulder,CO,Passenger,0,1,1,33,34,2.94
April 30 2021,Nueces,TX,Passenger,1,0,1,74,75,1.33
April 30 2021,San Diego,CA,Passenger,16,9,25,2585,2610,0.96
June 30 2021,Jefferson,NY,Passenger,0,1,1,205,206,0.49
May 31 2021,,,Passenger,8,6,14,1621,1635,0.86
May 31 2021,Bryan,GA,Passenger,1,0,1,52,53,1.89
May 31 2021,Cowlitz,WA,Passenger,232,149,381,73461,73842,0.52
May 31 2021,Adams,WA,Passenger,11,12,23,13250,13273,0.17
April 30 2021,Pacific,WA,Truck,0,0,0,8033,8033,0.00
May 31 2021,Adams,WA,Truck,0,0,0,5480,5480,0.00
May 31 2021,Cumberland,NC,Passenger,0,2,2,412,414,0.48
April 30 2021,Sedgwick,KS,Passenger,1,0,1,78,79,1.27
May 31 2021,Anne Arundel,MD,Passenger,3,3,6,368,374,1.60
May 31 2021,Champaign,IL,Passenger,1,0,1,9,10,10.00
April 30 2021,Pima,AZ,Passenger,1,1,2,240,242,0.83
June 30 2021,Klickitat,WA,Passenger,74,52,126,15534,15660,0.80
May 31 2021,Arlington,VA,Passenger,0,1,1,119,120,0.83
May 31 2021,Chelan,WA,Truck,2,0,2,23392,23394,0.01
April 30 2021,Spartanburg,SC,Passenger,0,1,1,34,35,2.86
April 30 2021,Placer,CA,Passenger,1,0,1,68,69,1.45
April 30 2021,Stafford,VA,Passenger,2,0,2,92,94,2.13
April 30 2021,Pinellas,FL,Passenger,1,1,2,66,68,2.94
May 31 2021,Asotin,WA,Passenger,20,15,35,12876,12911,0.27
May 31 2021,Montgomery,OH,Passenger,0,1,1,62,63,1.59
May 31 2021,Clackamas,OR,Passenger,1,0,1,130,131,0.76
May 31 2021,Montgomery,TX,Passenger,0,1,1,27,28,3.57
April 30 2021,Polk,FL,Passenger,1,0,1,48,49,2.04
April 30 2021,Queens,NY,Passenger,1,0,1,47,48,2.08
April 30 2021,Powhatan,VA,Passenger,1,0,1,1,2,50.00
June 30 2021,Liberty,GA,Passenger,1,0,1,101,102,0.98
April 30 2021,Saginaw,MI,Passenger,2,0,2,8,10,20.00
May 31 2021,Denver,CO,Passenger,1,0,1,86,87,1.15
April 30 2021,Salt Lake,UT,Passenger,0,1,1,145,146,0.68
May 31 2021,Deschutes,OR,Passenger,1,0,1,92,93,1.08
April 30 2021,San Mateo,CA,Passenger,0,1,1,92,93,1.08
April 30 2021,Williams,ND,Passenger,0,1,1,10,11,9.09
May 31 2021,Glacier,MT,Passenger,0,1,1,4,5,20.00
May 31 2021,Caddo,LA,Passenger,1,0,1,9,10,10.00
April 30 2021,Santa Barbara,CA,Passenger,1,0,1,75,76,1.32
June 30 2021,Mason,WA,Passenger,242,151,393,48689,49082,0.80
May 31 2021,Prince William,VA,Passenger,1,1,2,211,213,0.94
May 31 2021,Grant,WA,Passenger,107,94,201,67906,68107,0.30
May 31 2021,Grays Harbor,WA,Passenger,178,143,321,49883,50204,0.64
April 30 2021,Sarasota,FL,Passenger,1,0,1,22,23,4.35
April 30 2021,San Bernardino,CA,Passenger,0,1,1,374,375,0.27
May 31 2021,Douglas,OR,Passenger,1,0,1,29,30,3.33
May 31 2021,,CA,Passenger,1,4,5,199,204,2.45
June 30 2021,Montgomery,OH,Passenger,0,1,1,61,62,1.61
April 30 2021,San Francisco,CA,Passenger,1,1,2,79,81,2.47
May 31 2021,Sacramento,CA,Passenger,2,0,2,207,209,0.96
May 31 2021,Harnett,NC,Passenger,0,1,1,151,152,0.66
May 31 2021,Allegheny,PA,Passenger,1,1,2,55,57,3.51
April 30 2021,Santa Cruz,CA,Passenger,1,0,1,23,24,4.17
May 31 2021,Saint Clair,IL,Passenger,1,0,1,126,127,0.79
May 31 2021,Contra Costa,CA,Passenger,2,0,2,149,151,1.32
May 31 2021,Anchorage,AK,Passenger,1,0,1,127,128,0.78
May 31 2021,Hennepin,MN,Passenger,1,0,1,62,63,1.59
May 31 2021,Hillsborough,FL,Passenger,0,1,1,134,135,0.74
April 30 2021,Suffolk City,VA,Passenger,1,0,1,112,113,0.88
April 30 2021,Spokane,WA,Passenger,1051,649,1700,329800,331500,0.51
June 30 2021,Otero,NM,Passenger,0,1,1,34,35,2.86
May 31 2021,Goochland,VA,Passenger,3,0,3,146,149,2.01
June 30 2021,Ozaukee,WI,Passenger,0,1,1,3,4,25.00
May 31 2021,Jefferson,WA,Truck,0,0,0,9770,9770,0.00
May 31 2021,El Dorado,CA,Passenger,1,0,1,25,26,3.85
June 30 2021,Pacific,WA,Truck,0,0,0,8038,8038,0.00
May 31 2021,Bell,TX,Passenger,0,1,1,330,331,0.30
May 31 2021,Spokane,WA,Truck,16,0,16,103511,103527,0.02
May 31 2021,Stafford,VA,Passenger,2,0,2,90,92,2.17
May 31 2021,Klickitat,WA,Truck,1,0,1,8413,8414,0.01
April 30 2021,Utah,UT,Passenger,0,1,1,99,100,1.00
June 30 2021,Pima,AZ,Passenger,1,1,2,220,222,0.90
May 31 2021,Thurston,WA,Passenger,1633,897,2530,200389,202919,1.25
May 31 2021,Franklin,WA,Passenger,124,100,224,62844,63068,0.36
June 30 2021,Polk,FL,Passenger,1,0,1,47,48,2.08
May 31 2021,Franklin,WA,Truck,0,0,0,20999,20999,0.00
May 31 2021,Frederick,MD,Passenger,2,1,3,68,71,4.23
May 31 2021,Boone,MO,Passenger,0,1,1,5,6,16.67
April 30 2021,Ventura,CA,Passenger,1,2,3,260,263,1.14
April 30 2021,Vigo,IN,Passenger,1,0,1,4,5,20.00
April 30 2021,Walla Walla,WA,Truck,0,0,0,14335,14335,0.00
May 31 2021,Camden,GA,Passenger,1,0,1,126,127,0.79
May 31 2021,Walla Walla,WA,Truck,1,0,1,14298,14299,0.01
May 31 2021,Kern,CA,Passenger,1,1,2,197,199,1.01
May 31 2021,King,WA,Passenger,30685,9188,39873,1383364,1423237,2.80
May 31 2021,Williams,ND,Passenger,0,1,1,8,9,11.11
April 30 2021,Westchester,NY,Passenger,0,1,1,18,19,5.26
April 30 2021,Yakima,WA,Passenger,224,148,372,172365,172737,0.22
May 31 2021,Harris,TX,Passenger,1,0,1,168,169,0.59
April 30 2021,Whitman,WA,Passenger,61,47,108,22365,22473,0.48
May 31 2021,Kitsap,WA,Passenger,1881,863,2744,183043,185787,1.48
April 30 2021,Wichita,TX,Passenger,1,0,1,39,40,2.50
May 31 2021,Hidalgo,TX,Passenger,0,1,1,55,56,1.79
May 31 2021,Montgomery,MD,Passenger,2,5,7,210,217,3.23
June 30 2021,Sarpy,NE,Passenger,1,0,1,51,52,1.92
June 30 2021,Allegheny,PA,Passenger,1,1,2,52,54,3.70
May 31 2021,Honolulu,HI,Passenger,4,0,4,333,337,1.19
June 30 2021,Sevier,AR,Passenger,0,1,1,0,1,100.00
May 31 2021,Columbia,WA,Passenger,6,3,9,2519,2528,0.36
May 31 2021,Arapahoe,CO,Passenger,1,0,1,104,105,0.95
May 31 2021,Leavenworth,KS,Passenger,0,1,1,110,111,0.90
June 30 2021,Shelby,OH,Passenger,0,1,1,1,2,50.00
June 30 2021,Asotin,WA,Truck,1,0,1,6865,6866,0.01
May 31 2021,Bay,FL,Passenger,1,0,1,32,33,3.03
May 31 2021,Lewis,WA,Passenger,168,142,310,60491,60801,0.51
May 31 2021,Bartow,GA,Passenger,0,1,1,3,4,25.00
May 31 2021,Cumberland,NC,Truck,1,0,1,92,93,1.08
May 31 2021,Danville City,VA,Passenger,1,0,1,0,1,100.00
June 30 2021,Skamania,WA,Passenger,48,36,84,8557,8641,0.97
May 31 2021,Davidson,TN,Passenger,1,0,1,42,43,2.33
May 31 2021,Benton,WA,Truck,4,0,4,44322,44326,0.01
May 31 2021,Okanogan,,Truck,2,0,2,13093,13095,0.02
May 31 2021,Dekalb,GA,Passenger,1,0,1,48,49,2.04
May 31 2021,Lincoln,WA,Passenger,7,13,20,7856,7876,0.25
May 31 2021,Kings,NY,Passenger,1,0,1,50,51,1.96
May 31 2021,District Of Columbia,DC,Passenger,4,3,7,196,203,3.45
June 30 2021,Boone,MO,Passenger,0,1,1,6,7,14.29
June 30 2021,Tipton,TN,Passenger,1,0,1,10,11,9.09
May 31 2021,Bucks,PA,Passenger,1,0,1,16,17,5.88
May 31 2021,Calvert,MD,Passenger,0,2,2,87,89,2.25
May 31 2021,Douglas,NE,Passenger,1,1,2,42,44,4.55
June 30 2021,Vigo,IN,Passenger,1,0,1,4,5,20.00
May 31 2021,Lake,IL,Passenger,2,0,2,152,154,1.30
May 31 2021,Dupage,IL,Passenger,1,0,1,38,39,2.56
May 31 2021,Pend Oreille,WA,Passenger,14,6,20,9453,9473,0.21
June 30 2021,Caddo,LA,Passenger,1,0,1,9,10,10.00
June 30 2021,Wahkiakum,WA,Passenger,15,9,24,3150,3174,0.76
May 31 2021,Manassas City,VA,Passenger,0,1,1,4,5,20.00
June 30 2021,Walla Walla,WA,Truck,1,0,1,14289,14290,0.01
May 31 2021,Pinellas,FL,Passenger,0,1,1,65,66,1.52
May 31 2021,Charles,MD,Passenger,1,1,2,60,62,3.23
May 31 2021,Mason,WA,Truck,2,0,2,21650,21652,0.01
May 31 2021,Plaquemines,LA,Passenger,0,1,1,19,20,5.00
May 31 2021,Charleston,SC,Passenger,1,0,1,72,73,1.37
June 30 2021,Whatcom,WA,Passenger,1496,625,2121,152627,154748,1.37
May 31 2021,Carroll,MD,Passenger,0,1,1,12,13,7.69
May 31 2021,Powhatan,VA,Passenger,1,0,1,1,2,50.00
May 31 2021,Lewis,WA,Truck,0,0,0,27255,27255,0.00
June 30 2021,Whitman,WA,Truck,2,0,2,8691,8693,0.02
May 31 2021,Chaves,NM,Passenger,1,0,1,7,8,12.50
June 30 2021,Chaves,NM,Passenger,1,0,1,7,8,12.50
May 31 2021,Chesapeake City,VA,Passenger,0,4,4,362,366,1.09
May 31 2021,Garfield,WA,Truck,0,0,0,1015,1015,0.00
June 30 2021,Wilson,NC,Passenger,1,0,1,0,1,100.00
May 31 2021,Liberty,GA,Passenger,1,0,1,107,108,0.93
May 31 2021,Clallam,WA,Truck,1,0,1,22334,22335,0.00
July 31 2021,,CA,Passenger,1,4,5,196,201,2.49
May 31 2021,Clark,WA,Passenger,2892,1419,4311,326303,330614,1.30
May 31 2021,Guadalupe,TX,Passenger,1,0,1,35,36,2.78
May 31 2021,Nassau,FL,Passenger,1,0,1,17,18,5.56
June 30 2021,Davidson,TN,Passenger,1,0,1,39,40,2.50
May 31 2021,Columbia,GA,Passenger,1,0,1,119,120,0.83
May 31 2021,San Francisco,CA,Passenger,1,1,2,76,78,2.56
July 31 2021,Allegheny,PA,Passenger,1,1,2,52,54,3.70
June 30 2021,Dekalb,GA,Passenger,1,0,1,48,49,2.04
May 31 2021,Okanogan,WA,Passenger,13,5,18,5914,5932,0.30
July 31 2021,Arlington,VA,Passenger,0,1,1,117,118,0.85
May 31 2021,Oldham,KY,Passenger,0,1,1,4,5,20.00
May 31 2021,Mason,WA,Passenger,237,147,384,48732,49116,0.78
May 31 2021,Orange,CA,Passenger,3,2,5,417,422,1.18
July 31 2021,Bell,TX,Passenger,0,1,1,313,314,0.32
May 31 2021,Spartanburg,SC,Passenger,0,1,1,34,35,2.86
May 31 2021,Douglas,WA,Passenger,93,46,139,28894,29033,0.48
May 31 2021,Spokane,WA,Passenger,1079,662,1741,329958,331699,0.52
May 31 2021,Philadelphia,PA,Passenger,1,0,1,44,45,2.22
May 31 2021,Erie,NY,Passenger,1,0,1,32,33,3.03
May 31 2021,Jefferson,WA,Passenger,330,193,523,25241,25764,2.03
May 31 2021,Pierce,WA,Passenger,3620,2054,5674,566612,572286,0.99
May 31 2021,Monterey,CA,Passenger,1,0,1,150,151,0.66
May 31 2021,Fairbanks North Star,AK,Passenger,0,1,1,82,83,1.20
July 31 2021,Bradley,TN,Passenger,0,1,1,0,1,100.00
May 31 2021,Fairfax,VA,Passenger,5,5,10,645,655,1.53
June 30 2021,Franklin,WA,Truck,0,0,0,21002,21002,0.00
May 31 2021,Montgomery,PA,Passenger,1,0,1,18,19,5.26
May 31 2021,Juneau,AK,Passenger,0,1,1,18,19,5.26
May 31 2021,Ferry,WA,Passenger,9,3,12,4468,4480,0.27
June 30 2021,Fresno,CA,Passenger,1,0,1,154,155,0.65
May 31 2021,Placer,CA,Passenger,1,0,1,67,68,1.47
May 31 2021,Fresno,CA,Passenger,1,0,1,155,156,0.64
May 31 2021,Kent,DE,Passenger,0,1,1,59,60,1.67
July 31 2021,Bryan,GA,Passenger,1,0,1,53,54,1.85
May 31 2021,Kitsap,WA,Truck,8,0,8,55296,55304,0.01
July 31 2021,Carson City,NV,Passenger,1,0,1,9,10,10.00
May 31 2021,Okanogan,WA,Truck,0,0,0,3965,3965,0.00
May 31 2021,Kittitas,WA,Truck,1,0,1,15010,15011,0.01
May 31 2021,Ventura,CA,Passenger,1,2,3,258,261,1.15
May 31 2021,Grays Harbor,WA,Truck,3,0,3,21668,21671,0.01
May 31 2021,Klamath,OR,Passenger,1,0,1,21,22,4.55
May 31 2021,Howard,IN,Passenger,0,1,1,3,4,25.00
May 31 2021,Ozaukee,WI,Passenger,0,1,1,3,4,25.00
May 31 2021,Howard,MD,Passenger,0,1,1,71,72,1.39
May 31 2021,Island,WA,Passenger,616,328,944,64135,65079,1.45
May 31 2021,Riley,KS,Passenger,1,0,1,50,51,1.96
May 31 2021,Pierce,WA,Truck,22,0,22,147841,147863,0.01
May 31 2021,Harrison,MS,Passenger,2,0,2,51,53,3.77
July 31 2021,Clackamas,OR,Passenger,1,0,1,127,128,0.78
June 30 2021,Jefferson,WA,Passenger,341,196,537,25185,25722,2.09
May 31 2021,Jefferson,NY,Passenger,0,1,1,204,205,0.49
May 31 2021,Salt Lake,UT,Passenger,0,1,1,147,148,0.68
May 31 2021,Los Angeles,CA,Passenger,9,8,17,790,807,2.11
June 30 2021,Kent,DE,Passenger,0,1,1,59,60,1.67
May 31 2021,Sarasota,FL,Passenger,1,0,1,22,23,4.35
May 31 2021,Kittitas,WA,Passenger,164,66,230,30460,30690,0.75
May 31 2021,Yakima,WA,Truck,2,0,2,62870,62872,0.00
July 31 2021,Cumberland,NC,Passenger,0,2,2,394,396,0.51
May 31 2021,Maui,HI,Passenger,1,0,1,23,24,4.17
May 31 2021,Klickitat,WA,Passenger,70,48,118,15521,15639,0.75
May 31 2021,Skamania,WA,Truck,0,0,0,4118,4118,0.00
May 31 2021,Lincoln,WA,Truck,0,0,0,4824,4824,0.00
July 31 2021,Davidson,TN,Passenger,1,0,1,41,42,2.38
June 30 2021,,,Passenger,8,6,14,1582,1596,0.88
May 31 2021,Saint Marys,MD,Passenger,1,0,1,172,173,0.58
June 30 2021,Los Angeles,CA,Passenger,9,8,17,769,786,2.16
June 30 2021,Anne Arundel,MD,Passenger,3,3,6,365,371,1.62
June 30 2021,Asotin,WA,Passenger,21,17,38,12878,12916,0.29
May 31 2021,Suffolk City,VA,Passenger,1,0,1,112,113,0.88
May 31 2021,Santa Clara,CA,Passenger,6,2,8,215,223,3.59
July 31 2021,El Dorado,CA,Passenger,1,0,1,26,27,3.70
May 31 2021,Pacific,WA,Passenger,51,53,104,16260,16364,0.64
May 31 2021,Palm Beach,FL,Passenger,1,0,1,49,50,2.00
May 31 2021,Sarpy,NE,Passenger,1,0,1,53,54,1.85
May 31 2021,Pennington,SD,Passenger,1,0,1,26,27,3.70
May 31 2021,Nassau,NY,Passenger,1,0,1,21,22,4.55
May 31 2021,Platte,MO,Passenger,1,0,1,15,16,6.25
May 31 2021,Maricopa,AZ,Passenger,3,2,5,891,896,0.56
June 30 2021,Monterey,CA,Passenger,1,0,1,150,151,0.66
July 31 2021,Garfield,WA,Truck,0,0,0,1015,1015,0.00
June 30 2021,Calvert,MD,Passenger,0,2,2,87,89,2.25
June 30 2021,Moore,NC,Passenger,0,1,1,126,127,0.79
July 31 2021,Goochland,VA,Passenger,3,0,3,133,136,2.21
May 31 2021,Milwaukee,WI,Passenger,1,0,1,35,36,2.78
May 31 2021,Whatcom,WA,Truck,9,0,9,44530,44539,0.02
June 30 2021,Nueces,TX,Passenger,1,0,1,69,70,1.43
July 31 2021,Harnett,NC,Passenger,0,1,1,144,145,0.69
May 31 2021,Saint Louis City,MO,Passenger,1,0,1,20,21,4.76
May 31 2021,Otero,NM,Passenger,0,1,1,34,35,2.86
May 31 2021,New Castle,DE,Passenger,1,0,1,19,20,5.00
July 31 2021,Hidalgo,TX,Passenger,0,1,1,53,54,1.85
June 30 2021,Palm Beach,FL,Passenger,1,0,1,48,49,2.04
May 31 2021,Pacific,WA,Truck,0,0,0,8032,8032,0.00
May 31 2021,Norfolk City,VA,Passenger,2,1,3,331,334,0.90
May 31 2021,Pend Oreille,WA,Truck,1,0,1,5857,5858,0.02
June 30 2021,Alexandria City,VA,Passenger,4,0,4,122,126,3.17
June 30 2021,Anchorage,AK,Passenger,1,0,1,123,124,0.81
May 31 2021,Pima,AZ,Passenger,1,1,2,230,232,0.86
May 31 2021,Orange,FL,Passenger,1,0,1,94,95,1.05
June 30 2021,Contra Costa,CA,Passenger,2,0,2,145,147,1.36
May 31 2021,Polk,FL,Passenger,1,0,1,47,48,2.08
July 31 2021,Jefferson,WA,Passenger,349,195,544,25150,25694,2.12
June 30 2021,Bartow,GA,Passenger,0,1,1,2,3,33.33
May 31 2021,Skagit,WA,Passenger,608,287,895,93194,94089,0.95
July 31 2021,Kent,DE,Passenger,0,1,1,56,57,1.75
May 31 2021,Snohomish,WA,Truck,26,0,26,128299,128325,0.02
June 30 2021,Saginaw,MI,Passenger,1,0,1,6,7,14.29
July 31 2021,Kitsap,WA,Passenger,1994,899,2893,182608,185501,1.56
June 30 2021,Adams,WA,Passenger,16,14,30,13213,13243,0.23
July 31 2021,Kittitas,WA,Truck,2,0,2,14944,14946,0.01
May 31 2021,Stevens,WA,Truck,0,0,0,19322,19322,0.00
June 30 2021,Douglas,WA,Passenger,95,47,142,28811,28953,0.49
June 30 2021,Saint Louis City,MO,Passenger,1,0,1,19,20,5.00
May 31 2021,Sumter,FL,Passenger,0,1,1,9,10,10.00
June 30 2021,Dupage,IL,Passenger,1,0,1,36,37,2.70
June 30 2021,Arlington,VA,Passenger,0,1,1,119,120,0.83
June 30 2021,San Juan,WA,Passenger,434,138,572,14496,15068,3.80
June 30 2018,Asotin,WA,Passenger,9,6,15,12894,12909,0.12
May 31 2018,Saint Clair,IL,Passenger,0,1,1,158,159,0.63
May 31 2018,Fairfax City,VA,Passenger,1,0,1,9,10,10.00
May 31 2018,Dekalb,IN,Passenger,1,0,1,1,2,50.00
June 30 2018,Beaufort,SC,Passenger,1,0,1,34,35,2.86
April 30 2018,Monterey,CA,Passenger,0,1,1,196,197,0.51
May 31 2018,Deschutes,OR,Passenger,1,0,1,161,162,0.62
May 31 2018,San Mateo,CA,Passenger,1,1,2,136,138,1.45
May 31 2018,El Paso,TX,Passenger,1,0,1,544,545,0.18
May 31 2018,Island,WA,Truck,0,0,0,21489,21489,0.00
April 30 2018,Montgomery,TN,Passenger,1,0,1,255,256,0.39
May 31 2018,Skagit,WA,Truck,1,0,1,33074,33075,0.00
April 30 2018,Moore,NC,Passenger,0,1,1,197,198,0.51
May 31 2018,Jackson,OK,Passenger,1,0,1,42,43,2.33
May 31 2018,El Paso,CO,Passenger,1,1,2,752,754,0.27
May 31 2018,Ferry,WA,Passenger,2,3,5,4600,4605,0.11
May 31 2018,Glacier,MT,Passenger,0,1,1,4,5,20.00
April 30 2018,New Castle,DE,Passenger,1,0,1,27,28,3.57
April 30 2018,Norfolk City,VA,Passenger,2,2,4,345,349,1.15
May 31 2018,Franklin,WA,Passenger,47,66,113,59017,59130,0.19
May 31 2018,Tarrant,TX,Passenger,1,0,1,209,210,0.48
June 30 2018,Canyon,ID,Passenger,0,1,1,79,80,1.25
May 31 2018,Gallatin,MT,Passenger,0,1,1,58,59,1.69
May 31 2018,Frederick,MD,Passenger,0,1,1,93,94,1.06
May 31 2018,Umatilla,WA,Truck,0,0,0,1,1,0.00
April 30 2018,Orange,FL,Passenger,2,1,3,172,175,1.71
May 31 2018,Garfield,OK,Passenger,1,0,1,19,20,5.00
May 31 2018,Grant,WA,Truck,0,0,0,26959,26959,0.00
May 31 2018,Grays Harbor,WA,Truck,0,0,0,20819,20819,0.00
April 30 2018,Pinal,AZ,Passenger,2,0,2,183,185,1.08
May 31 2018,Jefferson,NY,Passenger,1,1,2,246,248,0.81
May 31 2018,Washoe,NV,Passenger,1,0,1,106,107,0.93
June 30 2018,Cowlitz,WA,Truck,0,0,0,29331,29331,0.00
May 31 2018,Prince George,VA,Passenger,0,1,1,77,78,1.28
May 31 2018,Hamilton,TN,Passenger,1,0,1,19,20,5.00
May 31 2018,Hardin,KY,Passenger,0,1,1,118,119,0.84
May 31 2018,Kent,DE,Passenger,0,1,1,75,76,1.32
May 31 2018,Los Angeles,CA,Passenger,8,4,12,1158,1170,1.03
May 31 2018,Yakima,WA,Passenger,74,92,166,168304,168470,0.10
May 31 2018,Kittitas,WA,Passenger,48,31,79,29664,29743,0.27
June 30 2018,Douglas,WA,Passenger,44,30,74,28250,28324,0.26
May 31 2018,Kittitas,WA,Truck,0,0,0,14547,14547,0.00
May 31 2018,Klamath,OR,Passenger,1,0,1,27,28,3.57
May 31 2018,Kootenai,ID,Passenger,0,1,1,208,209,0.48
May 31 2018,Honolulu,HI,Passenger,3,1,4,528,532,0.75
May 31 2018,Marin,CA,Passenger,1,0,1,54,55,1.82
May 31 2018,San Francisco,CA,Passenger,0,1,1,122,123,0.81
June 30 2018,Fairfax,VA,Passenger,1,3,4,821,825,0.48
May 31 2018,Mason,WA,Passenger,96,95,191,46648,46839,0.41
May 31 2018,Santa Fe,NM,Passenger,0,1,1,40,41,2.44
June 30 2018,Ferry,WA,Passenger,3,3,6,4608,4614,0.13
May 31 2018,Miami-Dade,FL,Passenger,0,1,1,118,119,0.84
April 30 2018,San Diego,CA,Passenger,6,3,9,2618,2627,0.34
May 31 2018,Maui,HI,Passenger,1,0,1,60,61,1.64
June 30 2018,Franklin,WA,Passenger,48,68,116,59182,59298,0.20
May 31 2018,Skamania,WA,Truck,0,0,0,4117,4117,0.00
May 31 2018,King,WA,Truck,8,1,9,188496,188505,0.00
June 30 2018,Bryan,GA,Passenger,1,0,1,54,55,1.82
April 30 2018,Shelby,TN,Passenger,0,1,1,110,111,0.90
May 31 2018,Spokane,WA,Passenger,363,335,698,309406,310104,0.23
June 30 2018,Grant,WA,Truck,0,0,0,26993,26993,0.00
May 31 2018,Moore,NC,Passenger,0,1,1,196,197,0.51
May 31 2018,Larimer,CO,Passenger,0,1,1,57,58,1.72
June 30 2018,Grays Harbor,WA,Truck,0,0,0,20859,20859,0.00
May 31 2018,Latah,ID,Passenger,0,1,1,76,77,1.30
May 31 2018,Northampton,PA,Passenger,0,1,1,66,67,1.49
May 31 2018,Lewis,WA,Truck,0,0,0,26332,26332,0.00
May 31 2018,Liberty,GA,Passenger,1,0,1,145,146,0.68
June 30 2018,Island,WA,Passenger,212,198,410,63743,64153,0.64
May 31 2018,Pima,AZ,Passenger,0,1,1,400,401,0.25
May 31 2018,Utah,UT,Passenger,0,1,1,129,130,0.77
May 31 2018,Madison,ID,Passenger,1,0,1,37,38,2.63
May 31 2018,Ventura,CA,Passenger,0,1,1,324,325,0.31
May 31 2018,Pacific,WA,Truck,0,0,0,7822,7822,0.00
May 31 2018,Polk,FL,Passenger,1,0,1,63,64,1.56
May 31 2018,Wahkiakum,WA,Truck,0,0,0,1727,1727,0.00
June 30 2018,Clark,WA,Passenger,1107,757,1864,313850,315714,0.59
May 31 2018,Palm Beach,FL,Passenger,0,1,1,75,76,1.32
May 31 2018,Manassas City,VA,Passenger,0,1,1,8,9,11.11
May 31 2018,Pend Oreille,WA,Passenger,5,5,10,9914,9924,0.10
June 30 2018,King,WA,Truck,8,1,9,188298,188307,0.00
June 30 2018,Cochise,AZ,Passenger,0,1,1,126,127,0.79
May 31 2018,Pend Oreille,WA,Truck,0,0,0,5967,5967,0.00
June 30 2018,Kittitas,WA,Passenger,51,31,82,29680,29762,0.28
May 31 2018,Whatcom,WA,Truck,2,0,2,43412,43414,0.00
June 30 2018,Lane,OR,Passenger,0,1,1,185,186,0.54
May 31 2018,Saint Lucie,FL,Passenger,1,0,1,26,27,3.70
May 31 2018,Manatee,FL,Passenger,1,0,1,33,34,2.94
May 31 2018,Monterey,CA,Passenger,0,1,1,196,197,0.51
June 30 2018,Lewis,WA,Truck,0,0,0,26378,26378,0.00
May 31 2018,Yakima,WA,Truck,0,0,0,60830,60830,0.00
May 31 2018,Montgomery,PA,Passenger,2,0,2,27,29,6.90
June 30 2018,Lincoln,WA,Truck,0,0,0,4724,4724,0.00
May 31 2018,Marion,IN,Passenger,1,0,1,123,124,0.81
May 31 2018,Sacramento,CA,Passenger,1,0,1,301,302,0.33
May 31 2018,New Castle,DE,Passenger,1,0,1,27,28,3.57
June 30 2018,,,Passenger,7,3,10,2274,2284,0.44
June 30 2018,El Paso,CO,Passenger,1,1,2,750,752,0.27
June 30 2018,Maricopa,AZ,Passenger,3,1,4,1455,1459,0.27
May 31 2018,Oklahoma,OK,Passenger,0,1,1,120,121,0.83
June 30 2018,Adams,WA,Passenger,5,5,10,13009,13019,0.08
June 30 2018,Marion,OR,Passenger,1,0,1,117,118,0.85
May 31 2018,Multnomah,OR,Passenger,3,4,7,805,812,0.86
May 31 2018,Thurston,WA,Passenger,628,499,1127,195956,197083,0.57
May 31 2018,Skagit,WA,Passenger,232,180,412,92279,92691,0.44
June 30 2018,Garfield,OK,Passenger,1,0,1,18,19,5.26
May 31 2018,Skamania,WA,Passenger,14,9,23,8965,8988,0.26
May 31 2018,Okaloosa,FL,Passenger,1,0,1,167,168,0.60
June 30 2018,Garfield,WA,Truck,0,0,0,982,982,0.00
June 30 2018,Montgomery,PA,Passenger,2,0,2,25,27,7.41
May 31 2018,Clackamas,OR,Passenger,0,1,1,217,218,0.46
May 31 2018,Snohomish,WA,Passenger,2434,1315,3749,529602,533351,0.70
May 31 2018,Clark,WA,Passenger,1060,735,1795,313159,314954,0.57
June 30 2018,Nassau,NY,Passenger,2,0,2,35,37,5.41
May 31 2018,Okanogan,WA,Passenger,0,5,5,6427,6432,0.08
May 31 2018,Tuolumne,CA,Passenger,0,1,1,11,12,8.33
May 31 2018,Stevens,WA,Passenger,13,27,40,32617,32657,0.12
May 31 2018,Okanogan,WA,Truck,0,0,0,4358,4358,0.00
June 30 2018,New Castle,DE,Passenger,1,0,1,25,26,3.85
June 30 2018,Northampton,PA,Passenger,0,1,1,68,69,1.45
May 31 2018,Sumter,FL,Passenger,0,1,1,8,9,11.11
May 31 2018,Orange,FL,Passenger,2,1,3,173,176,1.70
May 31 2018,Ozaukee,WI,Passenger,0,1,1,3,4,25.00
May 31 2018,Walla Walla,WA,Truck,0,0,0,13885,13885,0.00
May 31 2018,Dakota,MN,Passenger,0,1,1,32,33,3.03
May 31 2018,Travis,TX,Passenger,0,1,1,187,188,0.53
May 31 2018,Umatilla,WA,Passenger,0,0,0,1,1,0.00
May 31 2018,San Juan,WA,Passenger,145,59,204,14403,14607,1.40
May 31 2018,Wahkiakum,WA,Passenger,2,2,4,2957,2961,0.14
June 30 2018,Camden,GA,Passenger,0,1,1,169,170,0.59
May 31 2018,Sangamon,IL,Passenger,1,0,1,11,12,8.33
June 30 2018,Pend Oreille,WA,Truck,0,0,0,5968,5968,0.00
May 31 2018,Pierce,WA,Truck,0,0,0,141994,141994,0.00
June 30 2018,Jefferson,WA,Passenger,156,103,259,24925,25184,1.03
May 31 2018,Douglas,WA,Passenger,45,31,76,28144,28220,0.27
May 31 2018,Pinal,AZ,Passenger,2,0,2,180,182,1.10
May 31 2018,Spokane,WA,Truck,1,0,1,95766,95767,0.00
June 30 2018,,CA,Passenger,1,1,2,299,301,0.66
June 30 2018,,WA,Truck,0,0,0,1,1,0.00
June 30 2018,Adams,WA,Truck,0,0,0,5396,5396,0.00
May 31 2018,Washtenaw,MI,Passenger,1,0,1,34,35,2.86
May 31 2018,Flathead,MT,Passenger,1,0,1,50,51,1.96
June 30 2018,Clark,NV,Passenger,1,1,2,715,717,0.28
June 30 2018,Allegheny,PA,Passenger,1,0,1,70,71,1.41
May 31 2018,Whatcom,WA,Passenger,661,297,958,149889,150847,0.64
June 30 2018,Sacramento,CA,Passenger,1,0,1,298,299,0.33
May 31 2018,Garfield,WA,Truck,0,0,0,988,988,0.00
June 30 2018,Arlington,VA,Passenger,1,2,3,168,171,1.75
June 30 2018,Lincoln,WA,Passenger,4,7,11,7926,7937,0.14
May 31 2018,Thurston,WA,Truck,0,0,0,55765,55765,0.00
June 30 2018,Columbia,GA,Passenger,1,1,2,167,169,1.18
May 31 2018,Riverside,CA,Passenger,1,2,3,692,695,0.43
June 30 2018,Sangamon,IL,Passenger,1,0,1,11,12,8.33
June 30 2018,Benton,WA,Truck,0,0,0,42354,42354,0.00
June 30 2018,Asotin,WA,Truck,0,0,0,6854,6854,0.00
May 31 2018,Island,WA,Passenger,203,186,389,63661,64050,0.61
June 30 2018,Dale,AL,Passenger,0,1,1,67,68,1.47
May 31 2018,San Diego,CA,Passenger,6,3,9,2633,2642,0.34
May 31 2018,San Juan,WA,Truck,0,0,0,5914,5914,0.00
June 30 2018,Dekalb,IN,Passenger,1,0,1,1,2,50.00
May 31 2018,Santa Clara,CA,Passenger,7,0,7,376,383,1.83
June 30 2018,Umatilla,WA,Passenger,0,0,0,1,1,0.00
June 30 2018,Okanogan,WA,Passenger,0,5,5,6421,6426,0.08
June 30 2018,District Of Columbia,DC,Passenger,0,4,4,193,197,2.03
May 31 2018,Jefferson,WA,Passenger,150,97,247,24865,25112,0.98
June 30 2018,Broward,FL,Passenger,0,1,1,128,129,0.78
June 30 2018,Wahkiakum,WA,Truck,0,0,0,1729,1729,0.00
June 30 2018,Walla Walla,WA,Passenger,35,43,78,36422,36500,0.21
May 31 2018,Shelby,TN,Passenger,0,1,1,111,112,0.89
June 30 2018,Caddo,LA,Passenger,0,1,1,22,23,4.35
June 30 2018,Flathead,MT,Passenger,1,0,1,49,50,2.00
May 31 2018,Kitsap,WA,Passenger,856,473,1329,181287,182616,0.73
May 31 2018,Kitsap,WA,Truck,1,0,1,54622,54623,0.00
June 30 2018,Charles,MD,Passenger,0,1,1,84,85,1.18
June 30 2018,Washtenaw,MI,Passenger,1,0,1,34,35,2.86
June 30 2018,Clallam,WA,Truck,0,0,0,22045,22045,0.00
June 30 2018,Riley,KS,Passenger,1,0,1,92,93,1.08
May 31 2018,Tulsa,OK,Passenger,0,1,1,45,46,2.17
May 31 2018,Lincoln,WA,Passenger,4,7,11,7885,7896,0.14
June 30 2018,Russell,AL,Passenger,1,0,1,48,49,2.04
May 31 2018,Volusia,FL,Passenger,0,1,1,31,32,3.12
May 31 2018,Lincoln,WA,Truck,0,0,0,4710,4710,0.00
June 30 2018,Cook,IL,Passenger,1,0,1,254,255,0.39
July 31 2018,Adams,WA,Passenger,5,5,10,13022,13032,0.08
June 30 2018,Dallas,TX,Passenger,0,1,1,181,182,0.55
June 30 2018,San Juan,WA,Passenger,149,63,212,14428,14640,1.45
May 31 2018,Marion,OR,Passenger,1,0,1,118,119,0.84
June 30 2018,San Mateo,CA,Passenger,1,1,2,133,135,1.48
June 30 2018,Dekalb,GA,Passenger,1,0,1,76,77,1.30
June 30 2018,Columbia,WA,Passenger,2,2,4,2478,2482,0.16
June 30 2018,Columbia,WA,Truck,0,0,0,1591,1591,0.00
June 30 2018,Honolulu,HI,Passenger,2,1,3,518,521,0.58
June 30 2018,Snohomish,WA,Truck,1,0,1,125669,125670,0.00
July 31 2018,Benton,WA,Passenger,206,208,414,134342,134756,0.31
June 30 2018,Deschutes,OR,Passenger,1,0,1,157,158,0.63
June 30 2018,Fairfax City,VA,Passenger,1,0,1,9,10,10.00
June 30 2018,Stevens,WA,Truck,0,0,0,19448,19448,0.00
June 30 2018,Douglas,OR,Passenger,1,0,1,54,55,1.82
June 30 2018,Franklin,WA,Truck,0,0,0,19356,19356,0.00
May 31 2018,Nassau,NY,Passenger,1,0,1,34,35,2.86
June 30 2018,Frederick,MD,Passenger,0,1,1,91,92,1.09
June 30 2018,Garfield,WA,Passenger,1,1,2,1358,1360,0.15
June 30 2018,Dupage,IL,Passenger,1,0,1,60,61,1.64
June 30 2018,Gallatin,MT,Passenger,0,1,1,58,59,1.69
June 30 2018,Bexar,TX,Passenger,2,4,6,740,746,0.80
June 30 2018,Kitsap,WA,Truck,1,0,1,54702,54703,0.00
June 30 2018,Glacier,MT,Passenger,0,1,1,4,5,20.00
June 30 2018,Thurston,WA,Truck,0,0,0,55828,55828,0.00
June 30 2018,Klamath,OR,Passenger,1,0,1,28,29,3.45
June 30 2018,Guilford,NC,Passenger,1,0,1,28,29,3.45
July 31 2018,Clallam,WA,Passenger,134,117,251,50892,51143,0.49
July 31 2018,Clark,NV,Passenger,1,1,2,712,714,0.28
July 31 2018,Columbia,WA,Truck,0,0,0,1598,1598,0.00
May 31 2018,Riley,KS,Passenger,1,0,1,91,92,1.09
June 30 2018,Gwinnett,GA,Passenger,0,1,1,82,83,1.20
June 30 2018,Washington,OR,Passenger,0,1,1,457,458,0.22
June 30 2018,Chelan,WA,Passenger,113,55,168,54862,55030,0.31
June 30 2018,Chelan,WA,Truck,0,0,0,22567,22567,0.00
June 30 2018,Hennepin,MN,Passenger,1,0,1,102,103,0.97
May 31 2018,Russell,AL,Passenger,1,0,1,49,50,2.00
June 30 2018,Manatee,FL,Passenger,1,0,1,33,34,2.94
June 30 2018,Whitman,WA,Truck,0,0,0,8770,8770,0.00
June 30 2018,Jefferson,NY,Passenger,0,1,1,242,243,0.41
July 31 2018,Dakota,MN,Passenger,0,1,1,30,31,3.23
June 30 2018,Marion,IN,Passenger,1,0,1,122,123,0.81
July 31 2018,Dale,AL,Passenger,0,1,1,69,70,1.43
June 30 2018,Clark,WA,Truck,0,0,0,81487,81487,0.00
July 31 2018,Dekalb,IN,Passenger,1,0,1,1,2,50.00
June 30 2018,Clay,FL,Passenger,0,1,1,93,94,1.06
June 30 2018,Kent,DE,Passenger,0,1,1,73,74,1.35
June 30 2018,Jackson,OK,Passenger,1,0,1,40,41,2.44
June 30 2018,Maui,HI,Passenger,1,0,1,57,58,1.72
July 31 2018,,CA,Passenger,1,1,2,300,302,0.66
July 31 2018,,WA,Truck,0,0,0,1,1,0.00
June 30 2018,Kittitas,WA,Truck,0,0,0,14578,14578,0.00
June 30 2018,Jefferson,WA,Truck,0,0,0,9823,9823,0.00
June 30 2018,Kootenai,ID,Passenger,0,1,1,207,208,0.48
May 31 2018,Snohomish,WA,Truck,1,0,1,125522,125523,0.00
July 31 2018,Arlington,VA,Passenger,1,2,3,171,174,1.72
June 30 2018,Juneau,AK,Passenger,0,1,1,44,45,2.22
June 30 2018,Latah,ID,Passenger,0,1,1,74,75,1.33
May 31 2018,Stevens,WA,Truck,0,0,0,19453,19453,0.00
June 30 2018,Okanogan,WA,Truck,0,0,0,4335,4335,0.00
June 30 2018,Cowlitz,WA,Passenger,68,84,152,73195,73347,0.21
June 30 2018,Liberty,GA,Passenger,1,0,1,145,146,0.68
June 30 2018,Orange,FL,Passenger,2,1,3,173,176,1.70
July 31 2018,Benton,WA,Truck,0,0,0,42395,42395,0.00
June 30 2018,Mason,WA,Passenger,102,94,196,46758,46954,0.42
June 30 2018,Miami-Dade,FL,Passenger,0,1,1,116,117,0.85
June 30 2018,Madison,ID,Passenger,1,0,1,38,39,2.56
June 30 2018,Douglas,WA,Truck,0,0,0,12331,12331,0.00
June 30 2018,Pierce,WA,Truck,0,0,0,142216,142216,0.00
June 30 2018,Marin,CA,Passenger,1,0,1,53,54,1.85
June 30 2018,El Paso,TX,Passenger,1,0,1,537,538,0.19
July 31 2018,Jefferson,CO,Passenger,0,1,1,68,69,1.45
June 30 2018,Moore,NC,Passenger,0,1,1,194,195,0.51
May 31 2018,Walla Walla,WA,Passenger,35,42,77,36348,36425,0.21
May 31 2018,Washington,OR,Passenger,0,1,1,456,457,0.22
July 31 2018,Carson City,NV,Passenger,1,0,1,10,11,9.09
July 31 2018,Charles,MD,Passenger,0,1,1,84,85,1.18
May 31 2018,Whitman,WA,Truck,0,0,0,8749,8749,0.00
June 30 2018,Fulton,GA,Passenger,1,1,2,90,92,2.17
June 30 2018,Saint Marys,MD,Passenger,1,0,1,208,209,0.48
July 31 2018,Clallam,WA,Truck,0,0,0,22058,22058,0.00
June 30 2018,Los Angeles,CA,Passenger,8,4,12,1151,1163,1.03
June 30 2018,San Diego,CA,Passenger,6,3,9,2639,2648,0.34
June 30 2018,Monterey,CA,Passenger,0,1,1,196,197,0.51
June 30 2018,Grant,WA,Passenger,33,49,82,65042,65124,0.13
June 30 2018,Manassas City,VA,Passenger,0,1,1,8,9,11.11
June 30 2018,Grays Harbor,WA,Passenger,61,64,125,47607,47732,0.26
June 30 2018,San Juan,WA,Truck,0,0,0,5919,5919,0.00
June 30 2018,Alexandria City,VA,Passenger,2,0,2,170,172,1.16
June 30 2018,Santa Clara,CA,Passenger,7,0,7,370,377,1.86
June 30 2018,Pend Oreille,WA,Passenger,6,5,11,9937,9948,0.11
July 31 2018,Cowlitz,WA,Passenger,69,87,156,73314,73470,0.21
June 30 2018,Saratoga,NY,Passenger,0,1,1,61,62,1.61
June 30 2018,Hamilton,IN,Passenger,1,0,1,40,41,2.44
July 31 2018,Manatee,FL,Passenger,1,0,1,33,34,2.94
June 30 2018,Okaloosa,FL,Passenger,1,0,1,167,168,0.60
July 31 2018,Marion,OR,Passenger,1,0,1,114,115,0.87
June 30 2018,Shelby,TN,Passenger,0,1,1,111,112,0.89
June 30 2018,Hardin,KY,Passenger,0,1,1,119,120,0.83
July 31 2018,Dallas,TX,Passenger,0,1,1,182,183,0.55
June 30 2018,Benton,WA,Passenger,205,210,415,134132,134547,0.31
June 30 2018,Skagit,WA,Passenger,241,182,423,92457,92880,0.46
June 30 2018,Montgomery,MD,Passenger,1,3,4,286,290,1.38
June 30 2018,Ozaukee,WI,Passenger,0,1,1,3,4,25.00
June 30 2018,Snohomish,WA,Passenger,2501,1355,3856,530920,534776,0.72
June 30 2018,Brevard,FL,Passenger,0,1,1,88,89,1.12
June 30 2018,Pacific,WA,Truck,0,0,0,7825,7825,0.00
June 30 2018,Multnomah,OR,Passenger,3,4,7,800,807,0.87
June 30 2018,Palm Beach,FL,Passenger,0,1,1,75,76,1.32
June 30 2018,Pinal,AZ,Passenger,2,0,2,176,178,1.12
June 30 2018,Island,WA,Truck,0,0,0,21533,21533,0.00
July 31 2018,Multnomah,OR,Passenger,3,4,7,787,794,0.88
June 30 2018,Okanogan,,Passenger,10,14,24,20390,20414,0.12
June 30 2018,Santa Fe,NM,Passenger,0,1,1,41,42,2.38
July 31 2018,Fairfax City,VA,Passenger,1,0,1,9,10,10.00
June 30 2018,Kent,MI,Passenger,0,1,1,25,26,3.85
June 30 2018,Clackamas,OR,Passenger,0,1,1,216,217,0.46
June 30 2018,Pacific,WA,Passenger,27,21,48,15868,15916,0.30
June 30 2018,Tulsa,OK,Passenger,0,1,1,45,46,2.17
June 30 2018,Clallam,WA,Passenger,133,118,251,50842,51093,0.49
July 31 2018,Orange,FL,Passenger,2,1,3,176,179,1.68
July 31 2018,Glacier,MT,Passenger,0,1,1,4,5,20.00
June 30 2018,King,WA,Passenger,13624,5940,19564,1392629,1412193,1.39
July 31 2018,Orleans,LA,Passenger,0,1,1,48,49,2.04
June 30 2018,Klickitat,WA,Passenger,28,32,60,15536,15596,0.38
June 30 2018,Klickitat,WA,Truck,0,0,0,8405,8405,0.00
June 30 2018,Virginia Beach City,VA,Passenger,1,1,2,672,674,0.30
June 30 2018,Pierce,WA,Passenger,1436,1266,2702,543089,545791,0.50
July 31 2018,Grays Harbor,WA,Passenger,63,68,131,47745,47876,0.27
June 30 2018,Larimer,CO,Passenger,0,1,1,52,53,1.89
June 30 2018,Stevens,WA,Passenger,13,27,40,32659,32699,0.12
July 31 2018,Pierce,WA,Truck,0,0,0,142444,142444,0.00
June 30 2018,Lewis,WA,Passenger,86,68,154,58987,59141,0.26
June 30 2018,Dakota,MN,Passenger,0,1,1,33,34,2.94
June 30 2018,Tuolumne,CA,Passenger,0,1,1,11,12,8.33
June 30 2018,Ramsey,MN,Passenger,1,0,1,37,38,2.63
July 31 2018,Hardin,KY,Passenger,0,1,1,120,121,0.83
June 30 2018,Utah,UT,Passenger,0,1,1,128,129,0.78
June 30 2018,Riverside,CA,Passenger,1,2,3,689,692,0.43
July 31 2018,Riverside,CA,Passenger,1,2,3,683,686,0.44
July 31 2018,Ada,ID,Passenger,0,2,2,306,308,0.65
June 30 2018,Skamania,WA,Passenger,13,9,22,8917,8939,0.25
July 31 2018,Hennepin,MN,Passenger,1,0,1,103,104,0.96
July 31 2018,Alameda,CA,Passenger,0,1,1,333,334,0.30
June 30 2018,Duval,FL,Passenger,1,1,2,377,379,0.53
June 30 2018,Saint Lucie,FL,Passenger,1,0,1,26,27,3.70
July 31 2018,Saint Lucie,FL,Passenger,1,0,1,27,28,3.57
June 30 2018,Sumter,FL,Passenger,0,1,1,8,9,11.11
June 30 2018,Yakima,WA,Truck,0,0,0,60950,60950,0.00
July 31 2018,San Juan,WA,Truck,0,0,0,5928,5928,0.00
July 31 2018,Bexar,TX,Passenger,2,4,6,727,733,0.82
June 30 2018,Ferry,WA,Truck,0,0,0,3724,3724,0.00
July 31 2018,Santa Clara,CA,Passenger,7,0,7,368,375,1.87
July 31 2018,Broward,FL,Passenger,0,1,1,127,128,0.78
June 30 2018,Travis,TX,Passenger,0,1,1,183,184,0.54
June 30 2018,Skagit,WA,Truck,1,0,1,33056,33057,0.00
July 31 2018,Kittitas,WA,Truck,0,0,0,14575,14575,0.00
July 31 2018,Klickitat,WA,Truck,0,0,0,8406,8406,0.00
June 30 2018,Wahkiakum,WA,Passenger,2,2,4,2967,2971,0.13
July 31 2018,Larimer,CO,Passenger,0,1,1,52,53,1.89
June 30 2018,Oklahoma,OK,Passenger,0,1,1,121,122,0.82
July 31 2018,Beaufort,SC,Passenger,1,0,1,33,34,2.94
June 30 2018,Twin Falls,ID,Passenger,0,1,1,22,23,4.35
June 30 2018,Whatcom,WA,Passenger,679,316,995,150281,151276,0.66
June 30 2018,Volusia,FL,Passenger,0,1,1,30,31,3.23
June 30 2018,Pima,AZ,Passenger,0,1,1,396,397,0.25
June 30 2018,Polk,FL,Passenger,1,0,1,64,65,1.54
July 31 2018,Cowlitz,WA,Truck,0,0,0,29410,29410,0.00
July 31 2018,Volusia,FL,Passenger,0,1,1,29,30,3.33
July 31 2018,Camden,GA,Passenger,0,1,1,168,169,0.59
June 30 2018,Prince William,VA,Passenger,0,4,4,262,266,1.50
June 30 2018,Jefferson,CO,Passenger,0,1,1,68,69,1.45
June 30 2018,Washoe,NV,Passenger,1,0,1,103,104,0.96
July 31 2018,District Of Columbia,DC,Passenger,0,4,4,198,202,1.98
July 31 2018,Duval,FL,Passenger,1,1,2,380,382,0.52
June 30 2018,Saint Clair,IL,Passenger,0,1,1,159,160,0.62
July 31 2018,El Paso,TX,Passenger,1,0,1,528,529,0.19
June 30 2018,San Francisco,CA,Passenger,1,1,2,121,123,1.63
July 31 2018,Clark,WA,Passenger,1139,780,1919,314379,316298,0.61
July 31 2018,Brevard,FL,Passenger,0,1,1,85,86,1.16
June 30 2018,Whitman,WA,Passenger,20,30,50,23110,23160,0.22
July 31 2018,Oklahoma,OK,Passenger,0,1,1,117,118,0.85
June 30 2018,Kitsap,WA,Passenger,873,480,1353,181827,183180,0.74
July 31 2018,Ferry,WA,Truck,0,0,0,3743,3743,0.00
August 31 2018,Asotin,WA,Truck,0,0,0,6874,6874,0.00
July 31 2018,Flathead,MT,Passenger,1,0,1,47,48,2.08
June 30 2018,Skamania,WA,Truck,0,0,0,4141,4141,0.00
July 31 2018,Ozaukee,WI,Passenger,0,1,1,3,4,25.00
July 31 2018,Bryan,GA,Passenger,1,0,1,53,54,1.85
July 31 2018,Columbia,WA,Passenger,2,2,4,2478,2482,0.16
June 30 2018,Spokane,WA,Passenger,376,348,724,310013,310737,0.23
July 31 2018,Pend Oreille,WA,Passenger,6,5,11,9942,9953,0.11
June 30 2018,Spokane,WA,Truck,1,0,1,96022,96023,0.00
July 31 2018,Franklin,WA,Passenger,47,68,115,59484,59599,0.19
July 31 2018,Anne Arundel,MD,Passenger,0,2,2,460,462,0.43
August 31 2018,Broward,FL,Passenger,0,1,1,130,131,0.76
July 31 2018,Fulton,GA,Passenger,1,2,3,94,97,3.09
July 31 2018,Asotin,WA,Passenger,11,8,19,12920,12939,0.15
June 30 2018,Lumpkin,GA,Passenger,1,0,1,9,10,10.00
July 31 2018,Garfield,WA,Passenger,1,1,2,1356,1358,0.15
August 31 2018,Caddo,LA,Passenger,1,1,2,22,24,8.33
June 30 2018,Tarrant,TX,Passenger,1,0,1,210,211,0.47
July 31 2018,Asotin,WA,Truck,0,0,0,6865,6865,0.00
July 31 2018,Douglas,NE,Passenger,0,1,1,70,71,1.41
July 31 2018,Chelan,WA,Truck,0,0,0,22630,22630,0.00
July 31 2018,Douglas,OR,Passenger,1,0,1,54,55,1.82
July 31 2018,Grant,WA,Truck,0,0,0,27009,27009,0.00
June 30 2018,Thurston,WA,Passenger,654,513,1167,196518,197685,0.59
June 30 2018,Mason,WA,Truck,0,0,0,20688,20688,0.00
July 31 2018,Grays Harbor,WA,Truck,0,0,0,20866,20866,0.00
July 31 2018,Clackamas,OR,Passenger,0,1,1,206,207,0.48
June 30 2018,Umatilla,WA,Truck,0,0,0,1,1,0.00
August 31 2018,Columbia,WA,Truck,0,0,0,1595,1595,0.00
August 31 2018,Cook,IL,Passenger,1,0,1,243,244,0.41
June 30 2018,Ventura,CA,Passenger,0,2,2,330,332,0.60
July 31 2018,Cochise,AZ,Passenger,0,1,1,124,125,0.80
June 30 2018,Walla Walla,WA,Truck,0,0,0,13915,13915,0.00
June 30 2018,Monroe,IL,Passenger,1,0,1,4,5,20.00
July 31 2018,Caddo,LA,Passenger,0,1,1,21,22,4.55
August 31 2018,Dekalb,GA,Passenger,1,0,1,77,78,1.28
June 30 2018,Whatcom,WA,Truck,2,0,2,43494,43496,0.00
July 31 2018,Hamilton,IN,Passenger,1,0,1,40,41,2.44
August 31 2018,Duval,FL,Passenger,1,1,2,376,378,0.53
July 31 2018,,,Passenger,7,4,11,2264,2275,0.48
July 31 2018,Sumter,FL,Passenger,0,1,1,9,10,10.00
June 30 2018,Norfolk City,VA,Passenger,3,2,5,351,356,1.40
July 31 2018,Deschutes,OR,Passenger,1,0,1,153,154,0.65
July 31 2018,Kent,MI,Passenger,0,1,1,26,27,3.70
July 31 2018,Adams,WA,Truck,0,0,0,5399,5399,0.00
August 31 2018,Ferry,WA,Truck,0,0,0,3758,3758,0.00
June 30 2018,Nueces,TX,Passenger,1,1,2,98,100,2.00
July 31 2018,Cook,IL,Passenger,1,0,1,247,248,0.40
July 31 2018,King,WA,Truck,8,1,9,188100,188109,0.00
July 31 2018,Alexandria City,VA,Passenger,2,0,2,163,165,1.21
August 31 2018,Franklin,WA,Truck,0,0,0,19481,19481,0.00
June 30 2018,Orange,CA,Passenger,3,1,4,578,582,0.69
July 31 2018,Travis,TX,Passenger,0,1,1,183,184,0.54
June 30 2018,Orleans,LA,Passenger,0,1,1,48,49,2.04
July 31 2018,Jefferson,WA,Passenger,159,105,264,25028,25292,1.04
July 31 2018,Ventura,CA,Passenger,0,2,2,319,321,0.62
August 31 2018,Garfield,WA,Passenger,1,1,2,1351,1353,0.15
July 31 2018,Wahkiakum,WA,Passenger,2,1,3,2989,2992,0.10
July 31 2018,Lewis,WA,Truck,0,0,0,26461,26461,0.00
July 31 2018,Garfield,WA,Truck,0,0,0,987,987,0.00
July 31 2018,Kittitas,WA,Passenger,52,31,83,29702,29785,0.28
July 31 2018,Klamath,OR,Passenger,1,0,1,28,29,3.45
July 31 2018,Klickitat,WA,Passenger,28,33,61,15568,15629,0.39
July 31 2018,Ferry,WA,Passenger,3,3,6,4605,4611,0.13
June 30 2018,Prince George,VA,Passenger,0,1,1,77,78,1.28
July 31 2018,Yakima,WA,Truck,0,0,0,60991,60991,0.00
July 31 2018,Franklin,WA,Truck,0,0,0,19428,19428,0.00
August 31 2018,Jackson,OK,Passenger,1,0,1,40,41,2.44
July 31 2018,Monroe,IL,Passenger,1,0,1,4,5,20.00
August 31 2018,Alexandria City,VA,Passenger,2,0,2,164,166,1.20
July 31 2018,Gallatin,MT,Passenger,0,1,1,57,58,1.72
July 31 2018,Montgomery,PA,Passenger,2,0,2,25,27,7.41
July 31 2018,Maui,HI,Passenger,1,0,1,56,57,1.75
July 31 2018,Columbia,GA,Passenger,1,1,2,163,165,1.21
June 30 2018,Santa Rosa,FL,Passenger,1,0,1,94,95,1.05
July 31 2018,King,WA,Passenger,13925,6065,19990,1393066,1413056,1.41
August 31 2018,Brevard,FL,Passenger,0,1,1,85,86,1.16
July 31 2018,Kitsap,WA,Passenger,887,493,1380,182051,183431,0.75
July 31 2018,Okanogan,,Passenger,10,15,25,20453,20478,0.12
August 31 2018,Los Angeles,CA,Passenger,8,4,12,1130,1142,1.05
July 31 2018,Pacific,WA,Passenger,29,22,51,15908,15959,0.32
July 31 2018,Prince William,VA,Passenger,0,4,4,264,268,1.49
July 31 2018,Lewis,WA,Passenger,89,68,157,59096,59253,0.26
July 31 2018,Pend Oreille,WA,Truck,0,0,0,5988,5988,0.00
August 31 2018,Chelan,WA,Truck,0,0,0,22660,22660,0.00
July 31 2018,El Paso,CO,Passenger,1,1,2,745,747,0.27
July 31 2018,Saint Clair,IL,Passenger,0,1,1,157,158,0.63
July 31 2018,Lincoln,WA,Passenger,5,7,12,7975,7987,0.15
August 31 2018,Columbia,WA,Passenger,2,2,4,2472,2476,0.16
July 31 2018,Lumpkin,GA,Passenger,1,0,1,9,10,10.00
August 31 2018,Monroe,IL,Passenger,1,0,1,4,5,20.00
July 31 2018,Sangamon,IL,Passenger,1,0,1,11,12,8.33
July 31 2018,Frederick,MD,Passenger,0,1,1,91,92,1.09
July 31 2018,Ramsey,MN,Passenger,1,0,1,37,38,2.63
August 31 2018,Moore,NC,Passenger,0,1,1,197,198,0.51
July 31 2018,Lane,OR,Passenger,0,1,1,185,186,0.54
July 31 2018,Manassas City,VA,Passenger,0,1,1,8,9,11.11
July 31 2018,Garfield,OK,Passenger,1,0,1,17,18,5.56
August 31 2018,Nueces,TX,Passenger,1,1,2,95,97,2.06
July 31 2018,Russell,AL,Passenger,1,0,1,48,49,2.04
June 30 2018,Yakima,WA,Passenger,72,97,169,168321,168490,0.10
July 31 2018,Mason,WA,Truck,0,0,0,20760,20760,0.00
August 31 2018,Okanogan,,Passenger,10,15,25,20482,20507,0.12
August 31 2018,Douglas,NE,Passenger,0,1,1,69,70,1.43
July 31 2018,Snohomish,WA,Passenger,2556,1391,3947,531834,535781,0.74
August 31 2018,Douglas,OR,Passenger,1,0,1,51,52,1.92
July 31 2018,Allegheny,PA,Passenger,1,0,1,70,71,1.41
July 31 2018,Guilford,NC,Passenger,1,0,1,26,27,3.70
July 31 2018,Spokane,WA,Truck,1,0,1,96185,96186,0.00
July 31 2018,Madison,ID,Passenger,1,0,1,38,39,2.56
July 31 2018,Skagit,WA,Passenger,250,186,436,92624,93060,0.47
July 31 2018,Skagit,WA,Truck,1,0,1,33123,33124,0.00
July 31 2018,Stevens,WA,Passenger,13,27,40,32646,32686,0.12
July 31 2018,Maricopa,AZ,Passenger,3,1,4,1435,1439,0.28
July 31 2018,Skamania,WA,Truck,0,0,0,4147,4147,0.00
July 31 2018,Snohomish,WA,Truck,1,0,1,125654,125655,0.00
July 31 2018,Honolulu,HI,Passenger,2,1,3,517,520,0.58
July 31 2018,Thurston,WA,Passenger,662,530,1192,197106,198298,0.60
July 31 2018,Okanogan,WA,Passenger,0,5,5,6416,6421,0.08
July 31 2018,Stevens,WA,Truck,0,0,0,19476,19476,0.00
August 31 2018,Ramsey,MN,Passenger,1,0,1,37,38,2.63
July 31 2018,Orange,CA,Passenger,3,1,4,576,580,0.69
July 31 2018,Tarrant,TX,Passenger,1,0,1,209,210,0.48
July 31 2018,Tuolumne,CA,Passenger,0,1,1,11,12,8.33
July 31 2018,Umatilla,WA,Truck,0,0,0,1,1,0.00
July 31 2018,Monterey,CA,Passenger,0,1,1,197,198,0.51
August 31 2018,Saint Lucie,FL,Passenger,1,0,1,28,29,3.45
July 31 2018,Pierce,WA,Passenger,1472,1287,2759,544085,546844,0.50
July 31 2018,Twin Falls,ID,Passenger,0,1,1,23,24,4.17
July 31 2018,Moore,NC,Passenger,0,1,1,195,196,0.51
August 31 2018,San Mateo,CA,Passenger,1,1,2,137,139,1.44
July 31 2018,Umatilla,WA,Passenger,0,0,0,1,1,0.00
July 31 2018,New Castle,DE,Passenger,1,0,1,25,26,3.85
July 31 2018,Virginia Beach City,VA,Passenger,1,1,2,674,676,0.30
July 31 2018,Prince George,VA,Passenger,0,1,1,79,80,1.25
July 31 2018,Chelan,WA,Passenger,115,54,169,54853,55022,0.31
July 31 2018,Wahkiakum,WA,Truck,0,0,0,1735,1735,0.00
July 31 2018,Nueces,TX,Passenger,1,1,2,98,100,2.00
August 31 2018,Skagit,WA,Truck,1,0,1,33200,33201,0.00
July 31 2018,Latah,ID,Passenger,0,1,1,72,73,1.37
July 31 2018,Washington,OR,Passenger,0,1,1,453,454,0.22
August 31 2018,Adams,WA,Truck,0,0,0,5401,5401,0.00
July 31 2018,Clark,WA,Truck,0,0,0,81590,81590,0.00
July 31 2018,Clay,FL,Passenger,0,1,1,91,92,1.09
July 31 2018,Washoe,NV,Passenger,1,0,1,104,105,0.95
July 31 2018,Liberty,GA,Passenger,1,0,1,146,147,0.68
July 31 2018,Riley,KS,Passenger,1,0,1,89,90,1.11
July 31 2018,Washtenaw,MI,Passenger,1,0,1,32,33,3.03
July 31 2018,Whatcom,WA,Truck,2,0,2,43507,43509,0.00
July 31 2018,Whitman,WA,Truck,0,0,0,8770,8770,0.00
August 31 2018,King,WA,Passenger,14243,6208,20451,1393748,1414199,1.45
August 31 2018,Tuolumne,CA,Passenger,0,1,1,12,13,7.69
August 31 2018,Benton,WA,Passenger,203,208,411,134759,135170,0.30
July 31 2018,Dekalb,GA,Passenger,1,0,1,77,78,1.28
August 31 2018,Lane,OR,Passenger,0,1,1,181,182,0.55
August 31 2018,Bexar,TX,Passenger,3,4,7,726,733,0.95
August 31 2018,,,Passenger,7,5,12,2257,2269,0.53
July 31 2018,Marion,IN,Passenger,1,0,1,121,122,0.82
August 31 2018,Adams,WA,Passenger,5,5,10,13062,13072,0.08
July 31 2018,Douglas,WA,Passenger,44,31,75,28317,28392,0.26
July 31 2018,Mason,WA,Passenger,107,95,202,46891,47093,0.43
July 31 2018,Douglas,WA,Truck,0,0,0,12342,12342,0.00
August 31 2018,Washoe,NV,Passenger,1,0,1,99,100,1.00
July 31 2018,Dupage,IL,Passenger,1,0,1,59,60,1.67
July 31 2018,Miami-Dade,FL,Passenger,0,1,1,116,117,0.85
August 31 2018,Lewis,WA,Passenger,89,70,159,59158,59317,0.27
August 31 2018,Anne Arundel,MD,Passenger,0,2,2,462,464,0.43
July 31 2018,San Juan,WA,Passenger,153,64,217,14453,14670,1.48
July 31 2018,Santa Rosa,FL,Passenger,1,0,1,91,92,1.09
August 31 2018,Arlington,VA,Passenger,1,1,2,168,170,1.18
July 31 2018,San Mateo,CA,Passenger,1,1,2,134,136,1.47
August 31 2018,Asotin,WA,Passenger,12,9,21,12942,12963,0.16
July 31 2018,Santa Fe,NM,Passenger,0,1,1,42,43,2.33
July 31 2018,Fairfax,VA,Passenger,1,3,4,819,823,0.49
August 31 2018,Yakima,WA,Passenger,79,100,179,168731,168910,0.11
August 31 2018,Chelan,WA,Passenger,115,57,172,54993,55165,0.31
August 31 2018,Lumpkin,GA,Passenger,1,0,1,9,10,10.00
September 30 2018,,WA,Truck,0,0,0,1,1,0.00
August 31 2018,Clallam,WA,Passenger,135,121,256,51020,51276,0.50
September 30 2018,Adams,WA,Truck,0,0,0,5394,5394,0.00
July 31 2018,Norfolk City,VA,Passenger,3,2,5,350,355,1.41
August 31 2018,Maricopa,AZ,Passenger,3,1,4,1419,1423,0.28
August 31 2018,Clay,FL,Passenger,0,1,1,92,93,1.08
July 31 2018,Thurston,WA,Truck,0,0,0,55871,55871,0.00
July 31 2018,Grant,WA,Passenger,35,51,86,65134,65220,0.13
August 31 2018,Mason,WA,Truck,0,0,0,20775,20775,0.00
July 31 2018,Okanogan,WA,Truck,0,0,0,4324,4324,0.00
July 31 2018,Gwinnett,GA,Passenger,0,1,1,83,84,1.19
September 30 2018,Arlington,VA,Passenger,1,1,2,165,167,1.20
September 30 2018,Benton,WA,Truck,0,0,0,42634,42634,0.00
July 31 2018,Island,WA,Passenger,221,204,425,63766,64191,0.66
July 31 2018,Island,WA,Truck,0,0,0,21562,21562,0.00
July 31 2018,Pinal,AZ,Passenger,2,0,2,176,178,1.12
July 31 2018,Jackson,OK,Passenger,1,0,1,40,41,2.44
August 31 2018,Dakota,MN,Passenger,0,1,1,31,32,3.12
July 31 2018,Utah,UT,Passenger,0,1,1,128,129,0.78
July 31 2018,Jefferson,NY,Passenger,0,1,1,245,246,0.41
August 31 2018,Douglas,WA,Truck,0,0,0,12398,12398,0.00
July 31 2018,Jefferson,WA,Truck,0,0,0,9852,9852,0.00
August 31 2018,Norfolk City,VA,Passenger,3,2,5,357,362,1.38
August 31 2018,Dallas,TX,Passenger,0,1,1,185,186,0.54
September 30 2018,Charles,MD,Passenger,0,1,1,84,85,1.18
July 31 2018,Juneau,AK,Passenger,0,1,1,44,45,2.22
August 31 2018,Orange,CA,Passenger,3,1,4,576,580,0.69
July 31 2018,Kent,DE,Passenger,0,1,1,73,74,1.35
July 31 2018,Saint Marys,MD,Passenger,1,0,1,209,210,0.48
August 31 2018,Fulton,GA,Passenger,1,2,3,93,96,3.12
August 31 2018,Pacific,WA,Passenger,30,23,53,15959,16012,0.33
July 31 2018,Kitsap,WA,Truck,1,0,1,54822,54823,0.00
September 30 2018,Clallam,WA,Truck,0,0,0,22078,22078,0.00
July 31 2018,San Diego,CA,Passenger,6,3,9,2619,2628,0.34
July 31 2018,Yakima,WA,Passenger,77,101,178,168490,168668,0.11
September 30 2018,Clark,WA,Passenger,1196,820,2016,315426,317442,0.64
July 31 2018,Kootenai,ID,Passenger,0,1,1,206,207,0.48
August 31 2018,Pierce,WA,Passenger,1514,1316,2830,545273,548103,0.52
July 31 2018,Shelby,TN,Passenger,0,1,1,110,111,0.90
August 31 2018,Franklin,WA,Passenger,44,67,111,59656,59767,0.19
August 31 2018,,WA,Truck,0,0,0,1,1,0.00
August 31 2018,Frederick,MD,Passenger,0,1,1,89,90,1.11
August 31 2018,Hamilton,IN,Passenger,1,0,1,41,42,2.38
August 31 2018,Gallatin,MT,Passenger,0,1,1,56,57,1.75
September 30 2018,Cochise,AZ,Passenger,0,1,1,127,128,0.78
August 31 2018,Prince George,VA,Passenger,0,1,1,81,82,1.22
July 31 2018,Lincoln,WA,Truck,0,0,0,4719,4719,0.00
August 31 2018,Beaufort,SC,Passenger,1,0,1,33,34,2.94
July 31 2018,Los Angeles,CA,Passenger,8,4,12,1136,1148,1.05
August 31 2018,Clark,WA,Truck,0,0,0,81623,81623,0.00
August 31 2018,Benton,WA,Truck,0,0,0,42512,42512,0.00
July 31 2018,Tulsa,OK,Passenger,0,1,1,44,45,2.22
August 31 2018,Hardin,KY,Passenger,0,1,1,120,121,0.83
September 30 2018,Dallas,TX,Passenger,0,1,1,183,184,0.54
July 31 2018,Marin,CA,Passenger,1,0,1,53,54,1.85
August 31 2018,Cowlitz,WA,Passenger,74,91,165,73410,73575,0.22
August 31 2018,Island,WA,Truck,0,0,0,21619,21619,0.00
August 31 2018,Honolulu,HI,Passenger,2,1,3,517,520,0.58
August 31 2018,Santa Rosa,FL,Passenger,1,0,1,89,90,1.11
September 30 2018,El Paso,CO,Passenger,1,1,2,748,750,0.27
August 31 2018,Cumberland,NC,Passenger,0,1,1,563,564,0.18
August 31 2018,Jefferson,CO,Passenger,0,1,1,67,68,1.47
July 31 2018,Montgomery,MD,Passenger,1,3,4,290,294,1.36
August 31 2018,Charles,MD,Passenger,0,1,1,84,85,1.18
August 31 2018,Skamania,WA,Truck,0,0,0,4135,4135,0.00
August 31 2018,Kent,MI,Passenger,0,1,1,25,26,3.85
September 30 2018,Frederick,MD,Passenger,0,1,1,91,92,1.09
August 31 2018,,CA,Passenger,1,1,2,293,295,0.68
July 31 2018,Nassau,NY,Passenger,2,0,2,35,37,5.41
August 31 2018,Allegheny,PA,Passenger,1,0,1,70,71,1.41
August 31 2018,Klickitat,WA,Passenger,28,34,62,15642,15704,0.39
August 31 2018,Dupage,IL,Passenger,1,0,1,54,55,1.82
August 31 2018,King,WA,Truck,8,1,9,188023,188032,0.00
September 30 2018,Garfield,OK,Passenger,1,0,1,16,17,5.88
August 31 2018,Clallam,WA,Truck,0,0,0,22052,22052,0.00
August 31 2018,Twin Falls,ID,Passenger,0,1,1,23,24,4.17
August 31 2018,Clark,WA,Passenger,1170,800,1970,314888,316858,0.62
July 31 2018,Pacific,WA,Truck,0,0,0,7838,7838,0.00
August 31 2018,Fairfax,VA,Passenger,2,3,5,803,808,0.62
August 31 2018,Larimer,CO,Passenger,0,1,1,54,55,1.82
July 31 2018,Palm Beach,FL,Passenger,0,1,1,76,77,1.30
August 31 2018,Latah,ID,Passenger,0,1,1,74,75,1.33
July 31 2018,Pima,AZ,Passenger,0,1,1,397,398,0.25
August 31 2018,Wahkiakum,WA,Truck,0,0,0,1745,1745,0.00
July 31 2018,Polk,FL,Passenger,1,0,1,63,64,1.56
August 31 2018,Lewis,WA,Truck,0,0,0,26470,26470,0.00
August 31 2018,Liberty,GA,Passenger,1,0,1,148,149,0.67
August 31 2018,Mason,WA,Passenger,112,99,211,47049,47260,0.45
August 31 2018,Grant,WA,Passenger,36,53,89,65374,65463,0.14
August 31 2018,Grays Harbor,WA,Passenger,64,70,134,47963,48097,0.28
August 31 2018,Bryan,GA,Passenger,1,0,1,57,58,1.72
August 31 2018,Whatcom,WA,Truck,2,0,2,43582,43584,0.00
September 30 2018,Jefferson,NY,Passenger,0,1,1,246,247,0.40
August 31 2018,Douglas,WA,Passenger,46,30,76,28381,28457,0.27
August 31 2018,Camden,GA,Passenger,0,1,1,166,167,0.60
August 31 2018,Guilford,NC,Passenger,1,0,1,26,27,3.70
August 31 2018,Miami-Dade,FL,Passenger,0,1,1,115,116,0.86
August 31 2018,Gwinnett,GA,Passenger,0,1,1,83,84,1.19
August 31 2018,Madison,ID,Passenger,1,0,1,34,35,2.86
August 31 2018,Carson City,NV,Passenger,1,0,1,10,11,9.09
August 31 2018,Fairfax City,VA,Passenger,1,0,1,9,10,10.00
September 30 2018,Alameda,CA,Passenger,0,2,2,325,327,0.61
August 31 2018,Manatee,FL,Passenger,1,0,1,33,34,2.94
September 30 2018,Klickitat,WA,Passenger,28,34,62,15717,15779,0.39
August 31 2018,Montgomery,TX,Passenger,1,0,1,50,51,1.96
August 31 2018,Hennepin,MN,Passenger,1,0,1,105,106,0.94
July 31 2018,San Francisco,CA,Passenger,1,1,2,115,117,1.71
August 31 2018,Clackamas,OR,Passenger,0,1,1,208,209,0.48
July 31 2018,Saratoga,NY,Passenger,0,1,1,60,61,1.64
September 30 2018,Latah,ID,Passenger,0,1,1,72,73,1.37
August 31 2018,Glacier,MT,Passenger,0,1,1,4,5,20.00
September 30 2018,Beaufort,SC,Passenger,1,0,1,32,33,3.03
September 30 2018,Liberty,GA,Passenger,1,0,1,149,150,0.67
August 31 2018,Jefferson,WA,Truck,0,0,0,9873,9873,0.00
September 30 2018,Lincoln,WA,Passenger,4,7,11,7975,7986,0.14
August 31 2018,Juneau,AK,Passenger,0,1,1,42,43,2.33
July 31 2018,Skamania,WA,Passenger,15,9,24,8888,8912,0.27
August 31 2018,Monterey,CA,Passenger,0,1,1,197,198,0.51
July 31 2018,Spokane,WA,Passenger,383,352,735,310827,311562,0.24
August 31 2018,Montgomery,PA,Passenger,2,0,2,25,27,7.41
August 31 2018,Island,WA,Passenger,230,212,442,63882,64324,0.69
August 31 2018,Klickitat,WA,Truck,0,0,0,8434,8434,0.00
August 31 2018,Pima,AZ,Passenger,0,1,1,399,400,0.25
August 31 2018,Multnomah,OR,Passenger,3,5,8,769,777,1.03
August 31 2018,Polk,FL,Passenger,1,0,1,62,63,1.59
August 31 2018,Jefferson,NY,Passenger,0,1,1,245,246,0.41
September 30 2018,Camden,GA,Passenger,0,1,1,161,162,0.62
August 31 2018,Prince William,VA,Passenger,0,4,4,261,265,1.51
August 31 2018,District Of Columbia,DC,Passenger,0,4,4,198,202,1.98
August 31 2018,Okanogan,WA,Truck,0,0,0,4309,4309,0.00
August 31 2018,Oklahoma,OK,Passenger,0,1,1,120,121,0.83
August 31 2018,Kittitas,WA,Passenger,54,33,87,29813,29900,0.29
July 31 2018,Walla Walla,WA,Passenger,35,44,79,36485,36564,0.22
July 31 2018,Walla Walla,WA,Truck,0,0,0,13951,13951,0.00
August 31 2018,Ozaukee,WI,Passenger,0,1,1,4,5,20.00
September 30 2018,Clark,NV,Passenger,1,1,2,704,706,0.28
August 31 2018,Saint Clair,IL,Passenger,0,1,1,160,161,0.62
August 31 2018,Lincoln,WA,Passenger,5,7,12,7971,7983,0.15
August 31 2018,Flathead,MT,Passenger,1,0,1,48,49,2.04
September 30 2018,Okanogan,WA,Passenger,1,5,6,6390,6396,0.09
August 31 2018,Lincoln,WA,Truck,0,0,0,4732,4732,0.00
August 31 2018,Pierce,WA,Truck,0,0,0,142597,142597,0.00
August 31 2018,Pinal,AZ,Passenger,2,0,2,175,177,1.13
September 30 2018,Columbia,GA,Passenger,1,1,2,162,164,1.22
September 30 2018,Ozaukee,WI,Passenger,0,1,1,4,5,20.00
August 31 2018,Garfield,WA,Truck,0,0,0,989,989,0.00
August 31 2018,Montgomery,MD,Passenger,1,3,4,289,293,1.37
September 30 2018,Pacific,WA,Truck,0,0,0,7840,7840,0.00
July 31 2018,Whatcom,WA,Passenger,687,334,1021,150542,151563,0.67
July 31 2018,Whitman,WA,Passenger,20,30,50,23151,23201,0.22
September 30 2018,Cowlitz,WA,Truck,0,0,0,29436,29436,0.00
August 31 2018,Marion,OR,Passenger,1,0,1,113,114,0.88
September 30 2018,Pinal,AZ,Passenger,2,0,2,172,174,1.15
August 31 2018,Tarrant,TX,Passenger,1,0,1,204,205,0.49
August 31 2018,Thurston,WA,Passenger,686,551,1237,197559,198796,0.62
September 30 2018,Dale,AL,Passenger,0,1,1,66,67,1.49
September 30 2018,Dekalb,IN,Passenger,1,0,1,1,2,50.00
August 31 2018,Riverside,CA,Passenger,1,2,3,680,683,0.44
August 31 2018,Umatilla,WA,Truck,0,0,0,2,2,0.00
August 31 2018,Ada,ID,Passenger,0,2,2,299,301,0.66
September 30 2018,District Of Columbia,DC,Passenger,0,4,4,202,206,1.94
August 31 2018,Nassau,NY,Passenger,2,0,2,34,36,5.56
August 31 2018,Alameda,CA,Passenger,0,1,1,330,331,0.30
August 31 2018,Walla Walla,WA,Truck,0,0,0,13981,13981,0.00
September 30 2018,Riley,KS,Passenger,1,0,1,81,82,1.22
September 30 2018,Douglas,NE,Passenger,0,1,1,67,68,1.47
August 31 2018,Saint Marys,MD,Passenger,1,0,1,210,211,0.47
September 30 2018,Russell,AL,Passenger,1,0,1,46,47,2.13
August 31 2018,Jefferson,WA,Passenger,164,107,271,25125,25396,1.07
August 31 2018,Santa Clara,CA,Passenger,8,0,8,374,382,2.09
September 30 2018,Ferry,WA,Passenger,2,2,4,4596,4600,0.09
August 31 2018,Pacific,WA,Truck,0,0,0,7838,7838,0.00
August 31 2018,Kent,DE,Passenger,0,1,1,73,74,1.35
September 30 2018,,CA,Passenger,1,1,2,282,284,0.70
August 31 2018,Kitsap,WA,Passenger,903,507,1410,182463,183873,0.77
August 31 2018,Pend Oreille,WA,Passenger,6,5,11,9939,9950,0.11
August 31 2018,Kitsap,WA,Truck,1,0,1,54868,54869,0.00
August 31 2018,Pend Oreille,WA,Truck,0,0,0,5998,5998,0.00
August 31 2018,Kittitas,WA,Truck,0,0,0,14625,14625,0.00
August 31 2018,Klamath,OR,Passenger,1,0,1,27,28,3.57
September 30 2018,Allegheny,PA,Passenger,1,0,1,71,72,1.39
August 31 2018,San Francisco,CA,Passenger,1,1,2,112,114,1.75
August 31 2018,Kootenai,ID,Passenger,0,1,1,205,206,0.49
September 30 2018,Grant,WA,Truck,0,0,0,27129,27129,0.00
September 30 2018,Skamania,WA,Passenger,17,11,28,8962,8990,0.31
September 30 2018,Grays Harbor,WA,Truck,0,0,0,20927,20927,0.00
August 31 2018,Santa Fe,NM,Passenger,0,1,1,42,43,2.33
August 31 2018,Riley,KS,Passenger,1,0,1,85,86,1.16
August 31 2018,Tulsa,OK,Passenger,0,1,1,44,45,2.22
August 31 2018,Russell,AL,Passenger,1,0,1,46,47,2.13
August 31 2018,Volusia,FL,Passenger,0,1,1,31,32,3.12
August 31 2018,Spokane,WA,Passenger,393,368,761,311500,312261,0.24
August 31 2018,Clark,NV,Passenger,1,1,2,705,707,0.28
September 30 2018,Wahkiakum,WA,Passenger,2,2,4,3026,3030,0.13
August 31 2018,Maui,HI,Passenger,1,0,1,54,55,1.82
September 30 2018,Bryan,GA,Passenger,1,0,1,59,60,1.67
August 31 2018,Cochise,AZ,Passenger,0,1,1,124,125,0.80
September 30 2018,Whatcom,WA,Passenger,715,350,1065,151059,152124,0.70
August 31 2018,Skamania,WA,Passenger,16,10,26,8922,8948,0.29
August 31 2018,Columbia,GA,Passenger,1,1,2,165,167,1.20
August 31 2018,Utah,UT,Passenger,0,1,1,131,132,0.76
September 30 2018,Whitman,WA,Truck,0,0,0,8793,8793,0.00
August 31 2018,Ventura,CA,Passenger,0,2,2,320,322,0.62
September 30 2018,Kittitas,WA,Passenger,59,35,94,29895,29989,0.31
September 30 2018,Klamath,OR,Passenger,1,0,1,27,28,3.57
August 31 2018,Cowlitz,WA,Truck,0,0,0,29447,29447,0.00
October 31 2018,,CA,Passenger,1,1,2,276,278,0.72
September 30 2018,Lane,OR,Passenger,0,1,1,177,178,0.56
August 31 2018,Dale,AL,Passenger,0,1,1,66,67,1.49
August 31 2018,Umatilla,WA,Passenger,0,0,0,1,1,0.00
August 31 2018,Palm Beach,FL,Passenger,0,1,1,77,78,1.28
August 31 2018,Whitman,WA,Passenger,21,31,52,23172,23224,0.22
August 31 2018,Dekalb,IN,Passenger,1,0,1,1,2,50.00
October 31 2018,Arlington,VA,Passenger,1,1,2,160,162,1.23
August 31 2018,Wahkiakum,WA,Passenger,2,2,4,3007,3011,0.13
August 31 2018,Deschutes,OR,Passenger,2,0,2,151,153,1.31
August 31 2018,Walla Walla,WA,Passenger,35,48,83,36604,36687,0.23
August 31 2018,Yakima,WA,Truck,0,0,0,61051,61051,0.00
September 30 2018,Maricopa,AZ,Passenger,3,1,4,1416,1420,0.28
September 30 2018,Marion,IN,Passenger,1,0,1,122,123,0.81
September 30 2018,Dekalb,GA,Passenger,1,0,1,75,76,1.32
August 31 2018,Washtenaw,MI,Passenger,1,0,1,32,33,3.03
August 31 2018,El Paso,CO,Passenger,1,1,2,746,748,0.27
August 31 2018,El Paso,TX,Passenger,1,0,1,525,526,0.19
August 31 2018,Whatcom,WA,Passenger,703,337,1040,150761,151801,0.69
September 30 2018,,,Passenger,6,5,11,2236,2247,0.49
September 30 2018,Maui,HI,Passenger,1,0,1,53,54,1.85
August 31 2018,Whitman,WA,Truck,0,0,0,8777,8777,0.00
September 30 2018,Adams,WA,Passenger,5,5,10,13079,13089,0.08
October 31 2018,Bryan,GA,Passenger,1,0,1,58,59,1.69
September 30 2018,Anne Arundel,MD,Passenger,0,2,2,460,462,0.43
August 31 2018,Ferry,WA,Passenger,2,2,4,4601,4605,0.09
September 30 2018,Clark,WA,Truck,0,0,0,81702,81702,0.00
September 30 2018,Asotin,WA,Passenger,12,9,21,12965,12986,0.16
October 31 2018,Carson City,NV,Passenger,1,0,1,10,11,9.09
September 30 2018,New Castle,DE,Passenger,1,0,1,27,28,3.57
September 30 2018,Franklin,WA,Truck,0,0,0,19557,19557,0.00
August 31 2018,Skagit,WA,Passenger,255,184,439,92729,93168,0.47
August 31 2018,Fresno,CA,Passenger,1,0,1,192,193,0.52
August 31 2018,Snohomish,WA,Passenger,2623,1406,4029,532761,536790,0.75
September 30 2018,Columbia,WA,Truck,0,0,0,1585,1585,0.00
August 31 2018,Snohomish,WA,Truck,1,0,1,125637,125638,0.00
August 31 2018,Garfield,OK,Passenger,1,0,1,17,18,5.56
October 31 2018,Clackamas,OR,Passenger,0,1,1,203,204,0.49
September 30 2018,Orange,FL,Passenger,2,1,3,168,171,1.75
September 30 2018,Cowlitz,WA,Passenger,76,95,171,73413,73584,0.23
September 30 2018,Fresno,CA,Passenger,1,0,1,188,189,0.53
August 31 2018,Stevens,WA,Passenger,14,28,42,32644,32686,0.13
October 31 2018,Cochise,AZ,Passenger,0,1,1,128,129,0.78
August 31 2018,Stevens,WA,Truck,0,0,0,19513,19513,0.00
September 30 2018,Gallatin,MT,Passenger,0,1,1,57,58,1.72
September 30 2018,Pend Oreille,WA,Truck,0,0,0,6017,6017,0.00
September 30 2018,Asotin,WA,Truck,0,0,0,6852,6852,0.00
August 31 2018,Grant,WA,Truck,0,0,0,27056,27056,0.00
September 30 2018,Garfield,WA,Truck,0,0,0,997,997,0.00
August 31 2018,Sumter,FL,Passenger,0,1,1,9,10,10.00
August 31 2018,Grays Harbor,WA,Truck,0,0,0,20922,20922,0.00
October 31 2018,Cumberland,NC,Passenger,0,1,1,552,553,0.18
September 30 2018,Dupage,IL,Passenger,1,0,1,53,54,1.85
October 31 2018,Dallas,TX,Passenger,0,1,1,184,185,0.54
August 31 2018,Travis,TX,Passenger,0,1,1,184,185,0.54
September 30 2018,Broward,FL,Passenger,0,1,1,131,132,0.76
October 31 2018,Deschutes,OR,Passenger,2,0,2,148,150,1.33
September 30 2018,Caddo,LA,Passenger,1,1,2,23,25,8.00
August 31 2018,Virginia Beach City,VA,Passenger,1,1,2,679,681,0.29
September 30 2018,Carson City,NV,Passenger,1,0,1,10,11,9.09
September 30 2018,San Diego,CA,Passenger,6,4,10,2609,2619,0.38
August 31 2018,Washington,OR,Passenger,0,1,1,449,450,0.22
September 30 2018,Grant,WA,Passenger,36,54,90,65574,65664,0.14
September 30 2018,San Juan,WA,Truck,0,0,0,5966,5966,0.00
September 30 2018,Grays Harbor,WA,Passenger,66,70,136,48113,48249,0.28
September 30 2018,Shelby,TN,Passenger,0,1,1,110,111,0.90
September 30 2018,Jefferson,WA,Passenger,164,105,269,25146,25415,1.06
September 30 2018,Hamilton,IN,Passenger,1,0,1,42,43,2.33
September 30 2018,Clackamas,OR,Passenger,0,1,1,206,207,0.48
September 30 2018,Douglas,WA,Passenger,49,32,81,28427,28508,0.28
September 30 2018,Hardin,KY,Passenger,0,1,1,121,122,0.82
September 30 2018,Skagit,WA,Passenger,255,191,446,92752,93198,0.48
October 31 2018,Garfield,WA,Truck,0,0,0,991,991,0.00
September 30 2018,Snohomish,WA,Passenger,2667,1428,4095,533710,537805,0.76
September 30 2018,Hennepin,MN,Passenger,1,0,1,104,105,0.95
September 30 2018,Cook,IL,Passenger,1,0,1,247,248,0.40
September 30 2018,Fairfax,VA,Passenger,2,3,5,798,803,0.62
September 30 2018,Alexandria City,VA,Passenger,2,0,2,162,164,1.22
September 30 2018,Flathead,MT,Passenger,1,0,1,46,47,2.13
September 30 2018,Cumberland,NC,Passenger,0,1,1,556,557,0.18
September 30 2018,Kent,DE,Passenger,0,1,1,73,74,1.35
September 30 2018,Benton,WA,Passenger,202,219,421,134975,135396,0.31
September 30 2018,Jefferson,WA,Truck,0,0,0,9886,9886,0.00
September 30 2018,Franklin,WA,Passenger,44,67,111,59807,59918,0.19
September 30 2018,Kittitas,WA,Truck,0,0,0,14621,14621,0.00
September 30 2018,Umatilla,WA,Passenger,0,0,0,1,1,0.00
September 30 2018,Brevard,FL,Passenger,0,1,1,85,86,1.16
September 30 2018,Juneau,AK,Passenger,0,1,1,41,42,2.38
September 30 2018,Kootenai,ID,Passenger,0,1,1,201,202,0.50
September 30 2018,Virginia Beach City,VA,Passenger,1,1,2,683,685,0.29
September 30 2018,Kent,MI,Passenger,0,1,1,25,26,3.85
September 30 2018,Duval,FL,Passenger,1,1,2,376,378,0.53
August 31 2018,Manassas City,VA,Passenger,0,1,1,8,9,11.11
September 30 2018,Wahkiakum,WA,Truck,0,0,0,1743,1743,0.00
September 30 2018,Klickitat,WA,Truck,0,0,0,8418,8418,0.00
September 30 2018,Gwinnett,GA,Passenger,0,1,1,85,86,1.16
August 31 2018,Marion,IN,Passenger,1,0,1,122,123,0.81
September 30 2018,Washtenaw,MI,Passenger,1,0,1,31,32,3.12
September 30 2018,Ferry,WA,Truck,0,0,0,3763,3763,0.00
September 30 2018,Larimer,CO,Passenger,0,1,1,54,55,1.82
October 31 2018,Kitsap,WA,Passenger,955,526,1481,183089,184570,0.80
September 30 2018,Honolulu,HI,Passenger,2,1,3,510,513,0.58
September 30 2018,Madison,ID,Passenger,1,0,1,36,37,2.70
October 31 2018,Kittitas,WA,Truck,0,0,0,14640,14640,0.00
September 30 2018,Clallam,WA,Passenger,136,128,264,51077,51341,0.51
August 31 2018,New Castle,DE,Passenger,1,0,1,26,27,3.70
September 30 2018,Island,WA,Passenger,241,217,458,64030,64488,0.71
September 30 2018,Garfield,WA,Passenger,1,1,2,1356,1358,0.15
August 31 2018,Okanogan,WA,Passenger,1,5,6,6411,6417,0.09
October 31 2018,Adams,WA,Passenger,5,5,10,13117,13127,0.08
September 30 2018,Mecklenburg,NC,Passenger,1,0,1,79,80,1.25
August 31 2018,Orange,FL,Passenger,2,1,3,171,174,1.72
September 30 2018,King,WA,Truck,8,1,9,187901,187910,0.00
September 30 2018,Dakota,MN,Passenger,0,1,1,29,30,3.33
September 30 2018,Monterey,CA,Passenger,0,1,1,199,200,0.50
October 31 2018,Lumpkin,GA,Passenger,1,0,1,9,10,10.00
September 30 2018,Kitsap,WA,Truck,1,0,1,54948,54949,0.00
October 31 2018,Benton,WA,Passenger,206,226,432,135119,135551,0.32
October 31 2018,Manassas City,VA,Passenger,0,1,1,8,9,11.11
September 30 2018,Montgomery,MD,Passenger,1,3,4,292,296,1.35
September 30 2018,Palm Beach,FL,Passenger,0,1,1,79,80,1.25
September 30 2018,Montgomery,TX,Passenger,1,0,1,50,51,1.96
September 30 2018,Lewis,WA,Truck,0,0,0,26446,26446,0.00
September 30 2018,Multnomah,OR,Passenger,3,5,8,764,772,1.04
September 30 2018,Fairfax City,VA,Passenger,1,0,1,9,10,10.00
September 30 2018,Lincoln,WA,Truck,0,0,0,4740,4740,0.00
October 31 2018,Clallam,WA,Passenger,144,126,270,51216,51486,0.52
September 30 2018,Okanogan,,Passenger,10,15,25,20499,20524,0.12
September 30 2018,Kitsap,WA,Passenger,918,518,1436,182638,184074,0.78
August 31 2018,San Diego,CA,Passenger,6,4,10,2621,2631,0.38
October 31 2018,Columbia,WA,Truck,0,0,0,1587,1587,0.00
September 30 2018,Oklahoma,OK,Passenger,0,1,1,116,117,0.85
September 30 2018,Glacier,MT,Passenger,0,1,1,4,5,20.00
August 31 2018,San Juan,WA,Passenger,156,69,225,14495,14720,1.53
September 30 2018,Manatee,FL,Passenger,1,0,1,33,34,2.94
August 31 2018,San Juan,WA,Truck,0,0,0,5956,5956,0.00
October 31 2018,Dakota,MN,Passenger,0,1,1,29,30,3.33
September 30 2018,Guilford,NC,Passenger,1,0,1,25,26,3.85
September 30 2018,Marion,OR,Passenger,1,0,1,112,113,0.88
August 31 2018,Sangamon,IL,Passenger,1,0,1,11,12,8.33
October 31 2018,Okanogan,WA,Passenger,2,5,7,6366,6373,0.11
October 31 2018,Oldham,KY,Passenger,0,1,1,4,5,20.00
September 30 2018,San Juan,WA,Passenger,163,71,234,14515,14749,1.59
August 31 2018,Shelby,TN,Passenger,0,1,1,109,110,0.91
October 31 2018,Ozaukee,WI,Passenger,0,1,1,4,5,20.00
September 30 2018,Lumpkin,GA,Passenger,1,0,1,9,10,10.00
September 30 2018,San Mateo,CA,Passenger,1,1,2,135,137,1.46
October 31 2018,Duval,FL,Passenger,1,1,2,376,378,0.53
September 30 2018,Montgomery,PA,Passenger,2,0,2,25,27,7.41
September 30 2018,Prince William,VA,Passenger,0,4,4,262,266,1.50
August 31 2018,Spokane,WA,Truck,1,0,1,96323,96324,0.00
September 30 2018,Ramsey,MN,Passenger,1,0,1,38,39,2.56
September 30 2018,Nassau,NY,Passenger,2,0,2,35,37,5.41
October 31 2018,Pierce,WA,Passenger,1616,1397,3013,547784,550797,0.55
September 30 2018,Snohomish,WA,Truck,1,0,1,125714,125715,0.00
October 31 2018,Ferry,WA,Truck,0,0,0,3760,3760,0.00
September 30 2018,Riverside,CA,Passenger,1,2,3,677,680,0.44
October 31 2018,Flathead,MT,Passenger,1,0,1,48,49,2.04
September 30 2018,Okanogan,WA,Truck,0,0,0,4292,4292,0.00
September 30 2018,Jefferson,CO,Passenger,0,1,1,68,69,1.45
October 31 2018,Prince George,VA,Passenger,0,1,1,81,82,1.22
August 31 2018,Thurston,WA,Truck,0,0,0,56004,56004,0.00
September 30 2018,Stevens,WA,Truck,0,0,0,19503,19503,0.00
October 31 2018,Franklin,WA,Passenger,42,68,110,60030,60140,0.18
September 30 2018,Sumter,FL,Passenger,0,1,1,9,10,10.00
September 30 2018,Saint Clair,IL,Passenger,0,1,1,160,161,0.62
September 30 2018,Monroe,IL,Passenger,1,0,1,4,5,20.00
September 30 2018,Pierce,WA,Truck,0,0,0,142776,142776,0.00
September 30 2018,Thurston,WA,Truck,0,0,0,56117,56117,0.00
September 30 2018,Moore,NC,Passenger,0,1,1,196,197,0.51
September 30 2018,San Francisco,CA,Passenger,1,1,2,106,108,1.85
September 30 2018,Skagit,WA,Truck,1,0,1,33228,33229,0.00
September 30 2018,Nueces,TX,Passenger,1,1,2,95,97,2.06
September 30 2018,Spokane,WA,Passenger,395,377,772,311976,312748,0.25
September 30 2018,Mason,WA,Passenger,115,101,216,47210,47426,0.46
September 30 2018,Mason,WA,Truck,0,0,0,20786,20786,0.00
September 30 2018,Washington,OR,Passenger,0,1,1,446,447,0.22
October 31 2018,Jefferson,CO,Passenger,0,1,1,68,69,1.45
September 30 2018,Saint Marys,MD,Passenger,1,0,1,209,210,0.48
September 30 2018,Ada,ID,Passenger,0,2,2,300,302,0.66
September 30 2018,Tarrant,TX,Passenger,1,0,1,198,199,0.50
September 30 2018,Santa Clara,CA,Passenger,8,0,8,369,377,2.12
September 30 2018,Miami-Dade,FL,Passenger,0,1,1,115,116,0.86
October 31 2018,Kent,MI,Passenger,0,1,1,23,24,4.17
October 31 2018,Sumter,FL,Passenger,0,1,1,9,10,10.00
October 31 2018,,WA,Truck,0,0,0,1,1,0.00
October 31 2018,King,WA,Truck,8,1,9,187911,187920,0.00
September 30 2018,Umatilla,WA,Truck,0,0,0,2,2,0.00
September 30 2018,Prince George,VA,Passenger,0,1,1,79,80,1.25
September 30 2018,Ventura,CA,Passenger,0,2,2,315,317,0.63
October 31 2018,Benton,WA,Truck,0,0,0,42720,42720,0.00
September 30 2018,Bexar,TX,Passenger,3,4,7,714,721,0.97
September 30 2018,Volusia,FL,Passenger,0,1,1,34,35,2.86
September 30 2018,Norfolk City,VA,Passenger,3,2,5,354,359,1.39
October 31 2018,Brevard,FL,Passenger,0,1,1,84,85,1.18
October 31 2018,Lewis,WA,Truck,0,0,0,26483,26483,0.00
September 30 2018,Tulsa,OK,Passenger,0,1,1,44,45,2.22
September 30 2018,Orange,CA,Passenger,3,1,4,571,575,0.70
September 30 2018,Washoe,NV,Passenger,1,0,1,96,97,1.03
September 30 2018,Walla Walla,WA,Passenger,37,50,87,36652,36739,0.24
October 31 2018,Yakima,WA,Truck,0,0,0,61210,61210,0.00
September 30 2018,Santa Fe,NM,Passenger,0,1,1,40,41,2.44
November 30 2018,,,Passenger,8,5,13,2212,2225,0.58
October 31 2018,Manatee,FL,Passenger,1,0,1,33,34,2.94
September 30 2018,Pend Oreille,WA,Passenger,6,5,11,9942,9953,0.11
October 31 2018,Charles,MD,Passenger,0,1,1,83,84,1.19
September 30 2018,Chelan,WA,Passenger,118,61,179,55077,55256,0.32
October 31 2018,Marion,OR,Passenger,1,0,1,111,112,0.89
September 30 2018,Whitman,WA,Passenger,21,34,55,23177,23232,0.24
September 30 2018,Chelan,WA,Truck,0,0,0,22708,22708,0.00
October 31 2018,Chelan,WA,Truck,0,0,0,22745,22745,0.00
November 30 2018,Alexandria City,VA,Passenger,2,0,2,160,162,1.23
October 31 2018,Adams,WA,Truck,0,0,0,5388,5388,0.00
September 30 2018,Clay,FL,Passenger,0,1,1,90,91,1.10
October 31 2018,Clallam,WA,Truck,0,0,0,22159,22159,0.00
October 31 2018,Alexandria City,VA,Passenger,2,0,2,163,165,1.21
November 30 2018,Beaufort,SC,Passenger,1,0,1,29,30,3.33
October 31 2018,Ada,ID,Passenger,0,2,2,297,299,0.67
September 30 2018,Stevens,WA,Passenger,15,30,45,32625,32670,0.14
October 31 2018,Alameda,CA,Passenger,0,2,2,323,325,0.62
October 31 2018,Montgomery,PA,Passenger,2,0,2,25,27,7.41
September 30 2018,Columbia,WA,Passenger,2,2,4,2485,2489,0.16
October 31 2018,Asotin,WA,Truck,0,0,0,6857,6857,0.00
October 31 2018,Albemarle,VA,Passenger,1,0,1,30,31,3.23
October 31 2018,Montgomery,TX,Passenger,1,0,1,50,51,1.96
October 31 2018,Multnomah,OR,Passenger,3,5,8,747,755,1.06
September 30 2018,Santa Rosa,FL,Passenger,1,0,1,87,88,1.14
September 30 2018,Denver,CO,Passenger,1,0,1,126,127,0.79
October 31 2018,Nassau,NY,Passenger,2,0,2,32,34,5.88
September 30 2018,Tuolumne,CA,Passenger,0,1,1,12,13,7.69
September 30 2018,Deschutes,OR,Passenger,2,0,2,149,151,1.32
October 31 2018,Bexar,TX,Passenger,3,4,7,714,721,0.97
September 30 2018,Utah,UT,Passenger,0,1,1,132,133,0.75
October 31 2018,Denver,CO,Passenger,1,0,1,121,122,0.82
September 30 2018,Douglas,OR,Passenger,1,0,1,49,50,2.00
October 31 2018,Broward,FL,Passenger,1,1,2,131,133,1.50
October 31 2018,Caddo,LA,Passenger,1,1,2,24,26,7.69
September 30 2018,Douglas,WA,Truck,0,0,0,12385,12385,0.00
November 30 2018,Clark,WA,Truck,0,0,0,82097,82097,0.00
September 30 2018,El Paso,TX,Passenger,1,0,1,517,518,0.19
October 31 2018,Pierce,WA,Truck,0,0,0,143120,143120,0.00
September 30 2018,Yakima,WA,Passenger,78,101,179,168792,168971,0.11
September 30 2018,Yakima,WA,Truck,0,0,0,61131,61131,0.00
November 30 2018,Cowlitz,WA,Passenger,82,103,185,73731,73916,0.25
September 30 2018,Fulton,GA,Passenger,1,2,3,94,97,3.09
October 31 2018,Columbia,GA,Passenger,1,1,2,161,163,1.23
October 31 2018,Glacier,MT,Passenger,0,1,1,4,5,20.00
October 31 2018,Cook,IL,Passenger,1,0,1,242,243,0.41
October 31 2018,Grays Harbor,WA,Passenger,71,71,142,48216,48358,0.29
October 31 2018,Riverside,CA,Passenger,1,2,3,670,673,0.45
October 31 2018,Clark,NV,Passenger,2,1,3,701,704,0.43
October 31 2018,Saint Clair,IL,Passenger,0,1,1,162,163,0.61
September 30 2018,Guadalupe,TX,Passenger,1,0,1,72,73,1.37
October 31 2018,Cowlitz,WA,Truck,0,0,0,29516,29516,0.00
October 31 2018,Allegheny,PA,Passenger,1,0,1,74,75,1.33
October 31 2018,Beaufort,SC,Passenger,1,0,1,29,30,3.33
October 31 2018,Hardin,KY,Passenger,0,1,1,117,118,0.85
October 31 2018,Santa Barbara,CA,Passenger,1,0,1,102,103,0.97
November 30 2018,Fairfax,VA,Passenger,2,3,5,795,800,0.62
October 31 2018,Santa Clara,CA,Passenger,8,0,8,365,373,2.14
October 31 2018,Dale,AL,Passenger,0,1,1,67,68,1.47
October 31 2018,Dekalb,IN,Passenger,1,0,1,1,2,50.00
September 30 2018,Island,WA,Truck,0,0,0,21675,21675,0.00
September 30 2018,Jackson,OK,Passenger,1,0,1,42,43,2.33
October 31 2018,Shasta,CA,Passenger,1,0,1,46,47,2.13
October 31 2018,District Of Columbia,DC,Passenger,0,4,4,200,204,1.96
October 31 2018,Jefferson,NY,Passenger,0,1,1,244,245,0.41
October 31 2018,Ferry,WA,Passenger,3,2,5,4593,4598,0.11
November 30 2018,Grant,WA,Passenger,35,57,92,65835,65927,0.14
October 31 2018,Franklin,WA,Truck,0,0,0,19630,19630,0.00
October 31 2018,El Paso,TX,Passenger,1,0,1,517,518,0.19
November 30 2018,Guilford,NC,Passenger,1,0,1,25,26,3.85
October 31 2018,Frederick,MD,Passenger,0,1,1,88,89,1.12
October 31 2018,Klickitat,WA,Truck,0,0,0,8431,8431,0.00
May 31 2021,Queens,NY,Passenger,1,0,1,46,47,2.13
June 30 2021,Bucks,PA,Passenger,1,0,1,16,17,5.88
July 31 2021,Liberty,GA,Passenger,1,0,1,98,99,1.01
June 30 2021,Fairfax,VA,Passenger,5,5,10,638,648,1.54
May 31 2021,Saginaw,MI,Passenger,1,0,1,7,8,12.50
May 31 2021,Travis,TX,Passenger,1,1,2,129,131,1.53
May 31 2021,Sevier,AR,Passenger,0,1,1,0,1,100.00
June 30 2021,Santa Cruz,CA,Passenger,1,0,1,20,21,4.76
June 30 2021,Camden,GA,Passenger,1,0,1,124,125,0.80
May 31 2021,Shelby,OH,Passenger,0,1,1,1,2,50.00
May 31 2021,San Diego,CA,Passenger,16,9,25,2536,2561,0.98
May 31 2021,Virginia Beach City,VA,Passenger,2,0,2,565,567,0.35
June 30 2021,Franklin,WA,Passenger,129,102,231,62785,63016,0.37
June 30 2021,Snohomish,WA,Truck,30,0,30,127948,127978,0.02
June 30 2021,Charles,MD,Truck,1,0,1,9,10,10.00
May 31 2021,Skamania,WA,Passenger,47,34,81,8573,8654,0.94
May 31 2021,San Juan,WA,Passenger,428,134,562,14494,15056,3.73
July 31 2021,Manassas City,VA,Passenger,0,1,1,4,5,20.00
May 31 2021,San Juan,WA,Truck,0,0,0,6038,6038,0.00
May 31 2021,Washoe,NV,Passenger,1,0,1,61,62,1.61
June 30 2021,Clark,WA,Truck,19,0,19,85296,85315,0.02
June 30 2021,Stevens,WA,Truck,0,0,0,19261,19261,0.00
May 31 2021,Whitman,WA,Passenger,63,46,109,22351,22460,0.49
June 30 2021,Harris,TX,Passenger,1,0,1,165,166,0.60
June 30 2021,Columbia,GA,Passenger,1,0,1,117,118,0.85
May 31 2021,Umatilla,WA,Passenger,0,0,0,2,2,0.00
June 30 2021,Columbia,WA,Truck,1,0,1,1562,1563,0.06
June 30 2021,,WA,Passenger,0,0,0,1,1,0.00
June 30 2021,Columbia,WA,Passenger,6,2,8,2499,2507,0.32
June 30 2021,Thurston,WA,Truck,20,0,20,57054,57074,0.04
June 30 2021,Hillsborough,FL,Passenger,0,1,1,129,130,0.77
June 30 2021,Albemarle,VA,Passenger,1,0,1,20,21,4.76
May 31 2021,Vigo,IN,Passenger,1,0,1,4,5,20.00
June 30 2021,Honolulu,HI,Passenger,4,0,4,324,328,1.22
May 31 2021,Wahkiakum,WA,Passenger,13,8,21,3159,3180,0.66
June 30 2021,Cowlitz,WA,Passenger,237,156,393,73269,73662,0.53
June 30 2021,Cumberland,NC,Truck,1,0,1,90,91,1.10
May 31 2021,Wahkiakum,WA,Truck,0,0,0,1830,1830,0.00
June 30 2021,Howard,IN,Passenger,0,1,1,5,6,16.67
June 30 2021,Danville City,VA,Passenger,1,0,1,0,1,100.00
May 31 2021,Thurston,WA,Truck,17,0,17,57226,57243,0.03
June 30 2021,Island,WA,Passenger,634,333,967,64021,64988,1.49
May 31 2021,Tipton,TN,Passenger,1,0,1,10,11,9.09
June 30 2021,Benton,WA,Passenger,528,404,932,138091,139023,0.67
May 31 2021,Walla Walla,WA,Passenger,113,76,189,37055,37244,0.51
July 31 2021,Okanogan,,Truck,2,0,2,13025,13027,0.02
June 30 2021,Benton,WA,Truck,6,0,6,44195,44201,0.01
July 31 2021,Okanogan,WA,Passenger,13,6,19,5904,5923,0.32
June 30 2021,Douglas,NE,Passenger,1,1,2,42,44,4.55
June 30 2021,Washoe,NV,Passenger,1,0,1,58,59,1.69
June 30 2021,Jefferson,WA,Truck,0,0,0,9771,9771,0.00
June 30 2021,Douglas,OR,Passenger,1,0,1,27,28,3.57
May 31 2021,Whatcom,WA,Passenger,1463,617,2080,153059,155139,1.34
July 31 2021,Ozaukee,WI,Passenger,0,1,1,3,4,25.00
June 30 2021,Juneau,AK,Passenger,0,1,1,18,19,5.26
July 31 2021,Palm Beach,FL,Passenger,1,0,1,45,46,2.17
May 31 2021,Whitman,WA,Truck,2,0,2,8696,8698,0.02
June 30 2021,Wichita,TX,Passenger,1,0,1,37,38,2.63
June 30 2021,Fairbanks North Star,AK,Passenger,0,1,1,82,83,1.20
May 31 2021,Williamson,TX,Passenger,1,0,1,77,78,1.28
June 30 2021,Yakima,WA,Passenger,242,164,406,171737,172143,0.24
June 30 2021,Ferry,WA,Passenger,9,3,12,4454,4466,0.27
June 30 2021,Kings,NY,Passenger,1,0,1,51,52,1.92
May 31 2021,Wilson,NC,Passenger,1,0,1,0,1,100.00
June 30 2021,Grant,WA,Passenger,112,96,208,67875,68083,0.31
June 30 2021,Kitsap,WA,Truck,11,0,11,55115,55126,0.02
June 30 2021,Grays Harbor,WA,Passenger,184,148,332,49895,50227,0.66
June 30 2021,,CA,Passenger,1,4,5,197,202,2.48
May 31 2021,Yamhill,OR,Passenger,1,0,1,31,32,3.12
June 30 2021,Yamhill,OR,Passenger,1,0,1,30,31,3.23
June 30 2021,Grays Harbor,WA,Truck,4,0,4,21657,21661,0.02
June 30 2021,Clallam,WA,Passenger,343,221,564,51128,51692,1.09
June 30 2021,Bell,TX,Passenger,0,1,1,322,323,0.31
June 30 2021,Alameda,CA,Passenger,2,0,2,207,209,0.96
June 30 2021,Guadalupe,TX,Passenger,1,0,1,34,35,2.86
June 30 2021,Hennepin,MN,Passenger,1,0,1,60,61,1.64
June 30 2021,Lewis,WA,Truck,0,0,0,27154,27154,0.00
June 30 2021,Hidalgo,TX,Passenger,0,1,1,55,56,1.79
June 30 2021,Bradley,TN,Passenger,0,1,1,0,1,100.00
July 31 2021,Benton,WA,Truck,10,0,10,44137,44147,0.02
June 30 2021,Harrison,MS,Passenger,2,0,2,53,55,3.64
June 30 2021,Lincoln,WA,Truck,0,0,0,4818,4818,0.00
July 31 2021,Saint Louis City,MO,Passenger,1,0,1,19,20,5.00
June 30 2021,Bexar,TX,Passenger,2,4,6,457,463,1.30
June 30 2021,Bryan,GA,Passenger,1,0,1,53,54,1.85
June 30 2021,Carson City,NV,Passenger,1,0,1,9,10,10.00
July 31 2021,Sarpy,NE,Passenger,1,0,1,50,51,1.96
June 30 2021,King,WA,Truck,75,1,76,186624,186700,0.04
June 30 2021,Boulder,CO,Passenger,0,1,1,31,32,3.12
June 30 2021,Klickitat,WA,Truck,1,0,1,8427,8428,0.01
June 30 2021,Champaign,IL,Passenger,1,0,1,8,9,11.11
July 31 2021,Charles,MD,Passenger,1,1,2,61,63,3.17
July 31 2021,Stevens,WA,Truck,1,0,1,19178,19179,0.01
June 30 2021,Lake,IL,Passenger,1,0,1,155,156,0.64
June 30 2021,Glacier,MT,Passenger,0,1,1,4,5,20.00
June 30 2021,Clackamas,OR,Passenger,1,0,1,126,127,0.79
July 31 2021,Chelan,WA,Truck,4,0,4,23315,23319,0.02
July 31 2021,Chesapeake City,VA,Passenger,0,4,4,359,363,1.10
June 30 2021,Kittitas,WA,Passenger,169,68,237,30383,30620,0.77
June 30 2021,Okanogan,WA,Truck,0,0,0,3957,3957,0.00
June 30 2021,Chelan,WA,Truck,2,0,2,23365,23367,0.01
June 30 2021,Klamath,OR,Passenger,1,0,1,19,20,5.00
July 31 2021,Clallam,WA,Truck,3,0,3,22273,22276,0.01
July 31 2021,Clark,WA,Passenger,3106,1508,4614,325547,330161,1.40
July 31 2021,Tipton,TN,Passenger,1,0,1,9,10,10.00
June 30 2021,Pierce,WA,Truck,28,0,28,147693,147721,0.02
June 30 2021,Platte,MO,Passenger,1,0,1,14,15,6.67
July 31 2021,Travis,TX,Passenger,1,1,2,118,120,1.67
June 30 2021,Powhatan,VA,Passenger,1,0,1,1,2,50.00
June 30 2021,Cumberland,NC,Passenger,0,2,2,403,405,0.49
June 30 2021,Howard,MD,Passenger,0,1,1,68,69,1.45
June 30 2021,Clark,NV,Passenger,4,1,5,543,548,0.91
June 30 2021,District Of Columbia,DC,Passenger,4,3,7,199,206,3.40
June 30 2021,Maricopa,AZ,Passenger,3,1,4,855,859,0.47
June 30 2021,Cowlitz,WA,Truck,3,0,3,29536,29539,0.01
June 30 2021,Maui,HI,Passenger,1,0,1,23,24,4.17
June 30 2021,Duval,FL,Passenger,0,1,1,286,287,0.35
July 31 2021,Denver,CO,Passenger,1,0,1,85,86,1.16
June 30 2021,Saint Marys,MD,Passenger,1,0,1,169,170,0.59
June 30 2021,Milwaukee,WI,Passenger,1,0,1,34,35,2.86
July 31 2021,Yakima,WA,Truck,3,0,3,62632,62635,0.00
June 30 2021,San Francisco,CA,Passenger,0,1,1,74,75,1.33
June 30 2021,Lincoln,WA,Passenger,7,13,20,7843,7863,0.25
June 30 2021,Montgomery,MD,Passenger,3,5,8,202,210,3.81
June 30 2021,Santa Clara,CA,Passenger,6,1,7,206,213,3.29
August 31 2021,,CA,Passenger,1,4,5,191,196,2.55
June 30 2021,Denver,CO,Passenger,1,0,1,89,90,1.11
June 30 2021,Ferry,WA,Truck,0,0,0,3685,3685,0.00
June 30 2021,Flathead,MT,Passenger,1,0,1,32,33,3.03
June 30 2021,Garfield,WA,Passenger,0,3,3,1379,1382,0.22
June 30 2021,Montgomery,PA,Passenger,1,0,1,17,18,5.56
August 31 2021,Bradley,TN,Passenger,0,1,1,0,1,100.00
June 30 2021,Garfield,WA,Truck,0,0,0,1010,1010,0.00
June 30 2021,Montgomery,TX,Passenger,0,1,1,23,24,4.17
June 30 2021,Mason,WA,Truck,2,0,2,21618,21620,0.01
June 30 2021,New Castle,DE,Passenger,1,0,1,18,19,5.26
June 30 2021,Spokane,WA,Passenger,1117,685,1802,330093,331895,0.54
July 31 2021,Fresno,CA,Passenger,1,0,1,150,151,0.66
June 30 2021,Multnomah,OR,Passenger,2,5,7,554,561,1.25
June 30 2021,Norfolk City,VA,Passenger,2,1,3,322,325,0.92
August 31 2021,Bryan,GA,Passenger,1,0,1,51,52,1.92
June 30 2021,Goochland,VA,Passenger,3,0,3,137,140,2.14
June 30 2021,El Paso,TX,Passenger,2,0,2,359,361,0.55
July 31 2021,Glacier,MT,Passenger,0,1,1,4,5,20.00
August 31 2021,Carson City,NV,Passenger,1,0,1,9,10,10.00
June 30 2021,Orange,FL,Passenger,1,0,1,91,92,1.09
July 31 2021,Grays Harbor,WA,Passenger,188,151,339,49897,50236,0.67
June 30 2021,Okanogan,,Passenger,51,34,85,20999,21084,0.40
August 31 2021,Champaign,IL,Passenger,1,0,1,7,8,12.50
June 30 2021,Okanogan,,Truck,2,0,2,13049,13051,0.02
June 30 2021,Pacific,WA,Passenger,53,57,110,16233,16343,0.67
August 31 2021,Chelan,WA,Truck,7,0,7,23239,23246,0.03
June 30 2021,Pend Oreille,WA,Truck,1,0,1,5842,5843,0.02
June 30 2021,Harnett,NC,Passenger,0,1,1,145,146,0.68
June 30 2021,Pennington,SD,Passenger,1,0,1,24,25,4.00
June 30 2021,Walla Walla,WA,Passenger,115,78,193,37056,37249,0.52
June 30 2021,Grant,WA,Truck,1,0,1,28402,28403,0.00
August 31 2021,Clackamas,OR,Passenger,1,0,1,120,121,0.83
June 30 2021,Placer,CA,Passenger,1,0,1,65,66,1.52
June 30 2021,Orange,CA,Passenger,3,2,5,408,413,1.21
August 31 2021,Clark,WA,Truck,34,0,34,84771,84805,0.04
June 30 2021,Whitman,WA,Passenger,61,49,110,22277,22387,0.49
June 30 2021,Pinellas,FL,Passenger,0,1,1,64,65,1.54
June 30 2021,Queens,NY,Passenger,1,0,1,45,46,2.17
June 30 2021,Williamson,TX,Passenger,1,0,1,76,77,1.30
July 31 2021,Jefferson,NY,Passenger,0,1,1,205,206,0.49
June 30 2021,Pend Oreille,WA,Passenger,14,7,21,9438,9459,0.22
June 30 2021,Prince William,VA,Passenger,1,1,2,209,211,0.95
June 30 2021,Salt Lake,UT,Passenger,0,1,1,140,141,0.71
June 30 2021,Island,WA,Truck,4,0,4,21875,21879,0.02
August 31 2021,Cowlitz,WA,Passenger,251,165,416,72741,73157,0.57
June 30 2021,Plaquemines,LA,Passenger,0,1,1,18,19,5.26
July 31 2021,Kern,CA,Passenger,1,1,2,195,197,1.02
June 30 2021,Kitsap,WA,Passenger,1937,886,2823,182804,185627,1.52
June 30 2021,San Diego,CA,Passenger,16,9,25,2475,2500,1.00
August 31 2021,Cumberland,NC,Passenger,0,2,2,388,390,0.51
June 30 2021,Riverside,CA,Passenger,5,1,6,482,488,1.23
July 31 2021,Alameda,CA,Passenger,2,0,2,202,204,0.98
June 30 2021,Kittitas,WA,Truck,1,0,1,14980,14981,0.01
June 30 2021,Sarasota,FL,Passenger,1,0,1,22,23,4.35
June 30 2021,Jones,GA,Passenger,1,0,1,1,2,50.00
June 30 2021,Saint Clair,IL,Passenger,2,0,2,126,128,1.56
August 31 2021,Denver,CO,Passenger,1,0,1,83,84,1.19
July 31 2021,Leavenworth,KS,Passenger,0,1,1,108,109,0.92
June 30 2021,Kern,CA,Passenger,1,1,2,196,198,1.01
June 30 2021,Skagit,WA,Passenger,618,295,913,92980,93893,0.97
July 31 2021,Lewis,WA,Passenger,175,151,326,60147,60473,0.54
June 30 2021,King,WA,Passenger,31097,9413,40510,1380645,1421155,2.85
June 30 2021,Riley,KS,Passenger,1,0,1,46,47,2.13
July 31 2021,Lincoln,WA,Passenger,8,15,23,7819,7842,0.29
June 30 2021,Skamania,WA,Truck,0,0,0,4105,4105,0.00
June 30 2021,Sacramento,CA,Passenger,2,0,2,198,200,1.00
June 30 2021,Skagit,WA,Truck,6,0,6,33419,33425,0.02
July 31 2021,Bucks,PA,Passenger,1,0,1,16,17,5.88
June 30 2021,Leavenworth,KS,Passenger,0,1,1,108,109,0.92
August 31 2021,Garfield,WA,Truck,0,0,0,1013,1013,0.00
June 30 2021,Lewis,WA,Passenger,174,146,320,60241,60561,0.53
June 30 2021,Umatilla,WA,Passenger,0,0,0,2,2,0.00
July 31 2021,Camden,GA,Passenger,1,0,1,117,118,0.85
August 31 2021,Goochland,VA,Passenger,3,0,3,129,132,2.27
June 30 2021,Missoula,MT,Passenger,1,0,1,45,46,2.17
June 30 2021,Virginia Beach City,VA,Passenger,2,0,2,556,558,0.36
August 31 2021,Grant,WA,Passenger,127,103,230,67503,67733,0.34
August 31 2021,Grays Harbor,WA,Passenger,190,152,342,49810,50152,0.68
June 30 2021,Wahkiakum,WA,Truck,0,0,0,1825,1825,0.00
June 30 2021,Spartanburg,SC,Passenger,0,1,1,32,33,3.03
June 30 2021,Ventura,CA,Passenger,1,2,3,249,252,1.19
July 31 2021,Monterey,CA,Passenger,1,0,1,145,146,0.68
June 30 2021,Stafford,VA,Passenger,2,0,2,91,93,2.15
July 31 2021,Clark,NV,Passenger,4,1,5,528,533,0.94
June 30 2021,Manassas City,VA,Passenger,0,1,1,4,5,20.00
August 31 2021,Harnett,NC,Passenger,0,1,1,141,142,0.70
June 30 2021,Whatcom,WA,Truck,11,0,11,44461,44472,0.02
July 31 2021,Columbia,GA,Passenger,1,0,1,114,115,0.87
August 31 2021,Hillsborough,FL,Passenger,0,1,1,125,126,0.79
July 31 2021,,,Passenger,7,6,13,1556,1569,0.83
July 31 2021,Cowlitz,WA,Truck,4,0,4,29447,29451,0.01
July 31 2021,Otero,NM,Passenger,0,1,1,33,34,2.94
July 31 2021,Adams,WA,Passenger,16,15,31,13197,13228,0.23
July 31 2021,Cumberland,NC,Truck,1,0,1,89,90,1.11
July 31 2021,Pend Oreille,WA,Passenger,15,7,22,9408,9430,0.23
July 31 2021,,,Truck,2,0,2,272,274,0.73
June 30 2021,Okanogan,WA,Passenger,13,5,18,5902,5920,0.30
July 31 2021,Adams,WA,Truck,0,0,0,5471,5471,0.00
July 31 2021,Plaquemines,LA,Passenger,0,1,1,18,19,5.26
July 31 2021,Anne Arundel,MD,Passenger,3,4,7,360,367,1.91
June 30 2021,Williams,ND,Passenger,0,1,1,8,9,11.11
June 30 2021,Oldham,KY,Passenger,0,1,1,4,5,20.00
July 31 2021,Albemarle,VA,Passenger,1,0,1,21,22,4.55
July 31 2021,Danville City,VA,Passenger,1,0,1,0,1,100.00
July 31 2021,Alexandria City,VA,Passenger,4,0,4,121,125,3.20
August 31 2021,Kern,CA,Passenger,1,1,2,188,190,1.05
July 31 2021,Asotin,WA,Passenger,22,17,39,12825,12864,0.30
July 31 2021,District Of Columbia,DC,Passenger,4,3,7,198,205,3.41
August 31 2021,King,WA,Passenger,32781,9762,42543,1373758,1416301,3.00
August 31 2021,Kitsap,WA,Passenger,2035,914,2949,182264,185213,1.59
July 31 2021,El Paso,TX,Passenger,2,0,2,349,351,0.57
July 31 2021,Asotin,WA,Truck,1,0,1,6829,6830,0.01
June 30 2021,Philadelphia,PA,Passenger,1,0,1,43,44,2.27
July 31 2021,Fairbanks North Star,AK,Passenger,0,1,1,80,81,1.23
June 30 2021,Pierce,WA,Passenger,3706,2108,5814,565991,571805,1.02
July 31 2021,Riley,KS,Passenger,1,0,1,43,44,2.27
July 31 2021,Bartow,GA,Passenger,0,1,1,2,3,33.33
August 31 2021,Klickitat,WA,Truck,1,0,1,8417,8418,0.01
July 31 2021,Anchorage,AK,Passenger,1,0,1,120,121,0.83
June 30 2021,Santa Barbara,CA,Passenger,1,0,1,74,75,1.33
July 31 2021,Calvert,MD,Passenger,0,2,2,85,87,2.30
August 31 2021,Leavenworth,KS,Passenger,0,1,1,105,106,0.94
July 31 2021,Grant,WA,Truck,1,0,1,28370,28371,0.00
August 31 2021,Lewis,WA,Passenger,193,159,352,60031,60383,0.58
July 31 2021,Caddo,LA,Passenger,1,0,1,9,10,10.00
July 31 2021,Grays Harbor,WA,Truck,8,0,8,21594,21602,0.04
July 31 2021,San Juan,WA,Passenger,446,140,586,14439,15025,3.90
July 31 2021,Sevier,AR,Passenger,0,1,1,0,1,100.00
June 30 2021,Snohomish,WA,Passenger,6059,2144,8203,545557,553760,1.48
July 31 2021,Shelby,OH,Passenger,0,1,1,1,2,50.00
July 31 2021,Clallam,WA,Passenger,355,224,579,51007,51586,1.12
July 31 2021,Skamania,WA,Passenger,54,38,92,8534,8626,1.07
June 30 2021,Stevens,WA,Passenger,50,45,95,30965,31060,0.31
July 31 2021,Boone,MO,Passenger,0,1,1,6,7,14.29
June 30 2021,San Bernardino,CA,Passenger,0,1,1,356,357,0.28
July 31 2021,Champaign,IL,Passenger,1,0,1,8,9,11.11
July 31 2021,Columbia,WA,Truck,1,0,1,1568,1569,0.06
June 30 2021,Suffolk City,VA,Passenger,1,0,1,111,112,0.89
July 31 2021,Boulder,CO,Passenger,0,1,1,25,26,3.85
July 31 2021,Contra Costa,CA,Passenger,2,0,2,140,142,1.41
June 30 2021,San Juan,WA,Truck,0,0,0,6038,6038,0.00
June 30 2021,Sumter,FL,Passenger,0,1,1,7,8,12.50
June 30 2021,Travis,TX,Passenger,1,1,2,125,127,1.57
July 31 2021,Thurston,WA,Truck,23,0,23,56878,56901,0.04
July 31 2021,Jones,GA,Passenger,1,0,1,1,2,50.00
June 30 2021,Spokane,WA,Truck,19,0,19,103515,103534,0.02
July 31 2021,Columbia,WA,Passenger,6,2,8,2497,2505,0.32
July 31 2021,Douglas,WA,Passenger,102,50,152,28768,28920,0.53
July 31 2021,Kittitas,WA,Passenger,175,69,244,30318,30562,0.80
July 31 2021,Wahkiakum,WA,Passenger,15,9,24,3131,3155,0.76
July 31 2021,Dekalb,GA,Passenger,1,0,1,47,48,2.08
July 31 2021,Klamath,OR,Passenger,1,0,1,18,19,5.26
June 30 2021,Thurston,WA,Passenger,1673,918,2591,200079,202670,1.28
July 31 2021,Flathead,MT,Passenger,1,0,1,31,32,3.12
June 30 2021,Yakima,WA,Truck,2,0,2,62784,62786,0.00
July 31 2021,Ferry,WA,Passenger,9,3,12,4439,4451,0.27
July 31 2021,Douglas,NE,Passenger,1,1,2,39,41,4.88
July 31 2021,Douglas,OR,Passenger,1,0,1,26,27,3.70
July 31 2021,Whatcom,WA,Passenger,1548,641,2189,152217,154406,1.42
July 31 2021,Dupage,IL,Passenger,1,0,1,37,38,2.63
July 31 2021,Franklin,WA,Passenger,139,102,241,62756,62997,0.38
July 31 2021,Franklin,WA,Truck,3,0,3,20993,20996,0.01
July 31 2021,Whitman,WA,Truck,2,0,2,8676,8678,0.02
August 31 2021,Philadelphia,PA,Passenger,1,0,1,41,42,2.38
July 31 2021,Frederick,MD,Passenger,2,1,3,68,71,4.23
July 31 2021,Garfield,WA,Passenger,0,3,3,1381,1384,0.22
July 31 2021,Arapahoe,CO,Passenger,1,0,1,96,97,1.03
July 31 2021,Yamhill,OR,Passenger,1,0,1,29,30,3.33
August 31 2021,Placer,CA,Passenger,1,0,1,58,59,1.69
July 31 2021,,WA,Passenger,0,0,0,1,1,0.00
July 31 2021,Bay,FL,Passenger,1,0,1,30,31,3.23
July 31 2021,Guadalupe,TX,Passenger,1,0,1,33,34,2.94
August 31 2021,Alexandria City,VA,Passenger,4,0,4,119,123,3.25
August 31 2021,Powhatan,VA,Passenger,1,0,1,1,2,50.00
July 31 2021,Bexar,TX,Passenger,2,4,6,444,450,1.33
July 31 2021,New Castle,DE,Passenger,1,0,1,18,19,5.26
July 31 2021,Howard,MD,Passenger,0,1,1,67,68,1.47
July 31 2021,Benton,WA,Passenger,552,407,959,137774,138733,0.69
July 31 2021,Hennepin,MN,Passenger,1,0,1,57,58,1.72
July 31 2021,Island,WA,Passenger,642,333,975,63902,64877,1.50
July 31 2021,Orange,FL,Passenger,1,0,1,86,87,1.15
July 31 2021,Charles,MD,Truck,1,0,1,9,10,10.00
July 31 2021,Harrison,MS,Passenger,2,0,2,53,55,3.64
August 31 2021,Boulder,CO,Passenger,0,1,1,22,23,4.35
August 31 2021,Salt Lake,UT,Passenger,0,1,1,133,134,0.75
July 31 2021,Pend Oreille,WA,Truck,1,0,1,5831,5832,0.02
July 31 2021,Chelan,WA,Passenger,357,100,457,55276,55733,0.82
July 31 2021,King,WA,Truck,97,1,98,186004,186102,0.05
July 31 2021,Carroll,MD,Passenger,0,1,1,12,13,7.69
July 31 2021,Pennington,SD,Passenger,1,0,1,24,25,4.00
August 31 2021,San Francisco,CA,Passenger,0,1,1,68,69,1.45
July 31 2021,Jefferson,WA,Truck,0,0,0,9743,9743,0.00
July 31 2021,Kitsap,WA,Truck,17,0,17,54972,54989,0.03
July 31 2021,Chaves,NM,Passenger,1,0,1,6,7,14.29
August 31 2021,Sarasota,FL,Passenger,1,0,1,21,22,4.55
July 31 2021,Lake,IL,Passenger,1,0,1,157,158,0.63
July 31 2021,Clark,WA,Truck,30,0,30,85064,85094,0.04
July 31 2021,Juneau,AK,Passenger,0,1,1,18,19,5.26
July 31 2021,Sacramento,CA,Passenger,2,0,2,195,197,1.02
August 31 2021,Skamania,WA,Truck,0,0,0,4094,4094,0.00
July 31 2021,Lewis,WA,Truck,2,0,2,27011,27013,0.01
July 31 2021,San Juan,WA,Truck,0,0,0,6039,6039,0.00
August 31 2021,Spokane,WA,Passenger,1198,718,1916,328600,330516,0.58
July 31 2021,Cowlitz,WA,Passenger,244,160,404,73032,73436,0.55
August 31 2021,Douglas,OR,Passenger,1,0,1,26,27,3.70
July 31 2021,Denton,TX,Passenger,1,0,1,52,53,1.89
August 31 2021,Suffolk City,VA,Passenger,1,0,1,108,109,0.92
July 31 2021,Douglas,WA,Truck,2,0,2,12843,12845,0.02
July 31 2021,Skagit,WA,Passenger,635,300,935,92764,93699,1.00
July 31 2021,Erie,NY,Passenger,1,0,1,30,31,3.23
July 31 2021,Snohomish,WA,Passenger,6301,2194,8495,544232,552727,1.54
July 31 2021,Fairfax,VA,Passenger,5,5,10,630,640,1.56
July 31 2021,Duval,FL,Passenger,0,1,1,282,283,0.35
August 31 2021,Glacier,MT,Passenger,0,1,1,4,5,20.00
August 31 2021,Ventura,CA,Passenger,1,2,3,240,243,1.23
July 31 2021,Spokane,WA,Truck,24,0,24,103305,103329,0.02
July 31 2021,Ferry,WA,Truck,0,0,0,3680,3680,0.00
July 31 2021,Stevens,WA,Passenger,53,46,99,30811,30910,0.32
July 31 2021,Los Angeles,CA,Passenger,9,8,17,756,773,2.20
July 31 2021,Montgomery,PA,Passenger,1,0,1,17,18,5.56
July 31 2021,Maricopa,AZ,Passenger,3,1,4,815,819,0.49
August 31 2021,Hennepin,MN,Passenger,1,0,1,56,57,1.75
August 31 2021,Whatcom,WA,Truck,14,0,14,44243,44257,0.03
July 31 2021,Multnomah,OR,Passenger,2,6,8,542,550,1.45
July 31 2021,Thurston,WA,Passenger,1745,934,2679,199513,202192,1.32
July 31 2021,Grant,WA,Passenger,125,97,222,67702,67924,0.33
July 31 2021,Mason,WA,Passenger,240,150,390,48513,48903,0.80
July 31 2021,Mason,WA,Truck,4,0,4,21556,21560,0.02
July 31 2021,Greene,MO,Passenger,0,1,1,18,19,5.26
July 31 2021,Hamilton,IN,Passenger,2,0,2,24,26,7.69
August 31 2021,Yakima,WA,Truck,5,0,5,62503,62508,0.01
July 31 2021,Okanogan,WA,Truck,0,0,0,3934,3934,0.00
July 31 2021,Milwaukee,WI,Passenger,1,0,1,34,35,2.86
July 31 2021,Harris,TX,Passenger,1,0,1,156,157,0.64
July 31 2021,Hillsborough,FL,Passenger,0,1,1,127,128,0.78
August 31 2021,Jefferson,WA,Truck,0,0,0,9720,9720,0.00
September 30 2021,,,Passenger,6,7,13,1460,1473,0.88
July 31 2021,Howard,IN,Passenger,0,1,1,5,6,16.67
July 31 2021,Missoula,MT,Passenger,1,0,1,40,41,2.44
September 30 2021,Alexandria City,VA,Passenger,4,0,4,119,123,3.25
July 31 2021,Montgomery,MD,Passenger,3,5,8,196,204,3.92
July 31 2021,Honolulu,HI,Passenger,4,0,4,311,315,1.27
September 30 2021,Anchorage,AK,Passenger,1,0,1,118,119,0.84
July 31 2021,Island,WA,Truck,7,0,7,21777,21784,0.03
July 31 2021,Pierce,WA,Truck,35,0,35,147137,147172,0.02
September 30 2021,Bartow,GA,Passenger,0,1,1,2,3,33.33
July 31 2021,Platte,MO,Passenger,1,0,1,13,14,7.14
July 31 2021,Okanogan,,Passenger,52,38,90,20974,21064,0.43
July 31 2021,Moore,NC,Passenger,0,1,1,125,126,0.79
July 31 2021,King,WA,Passenger,32109,9576,41685,1377346,1419031,2.94
August 31 2021,,WA,Passenger,0,0,0,1,1,0.00
July 31 2021,Norfolk City,VA,Passenger,1,1,2,314,316,0.63
July 31 2021,Klickitat,WA,Passenger,80,49,129,15553,15682,0.82
July 31 2021,Oldham,KY,Passenger,0,1,1,4,5,20.00
July 31 2021,Klickitat,WA,Truck,1,0,1,8422,8423,0.01
July 31 2021,Pacific,WA,Passenger,54,57,111,16190,16301,0.68
August 31 2021,Lincoln,WA,Passenger,9,15,24,7780,7804,0.31
July 31 2021,Orange,CA,Passenger,4,2,6,397,403,1.49
July 31 2021,Kings,NY,Passenger,1,0,1,50,51,1.96
July 31 2021,Riverside,CA,Passenger,5,1,6,472,478,1.26
August 31 2021,Benton,WA,Passenger,577,418,995,137437,138432,0.72
July 31 2021,Pierce,WA,Passenger,3862,2124,5986,564263,570249,1.05
September 30 2021,Camden,GA,Passenger,1,0,1,114,115,0.87
July 31 2021,Lincoln,WA,Truck,0,0,0,4814,4814,0.00
July 31 2021,Saint Clair,IL,Passenger,2,0,2,125,127,1.57
August 31 2021,Manassas City,VA,Passenger,0,1,1,4,5,20.00
July 31 2021,Pinellas,FL,Passenger,0,1,1,64,65,1.54
July 31 2021,Placer,CA,Passenger,1,0,1,63,64,1.56
August 31 2021,Mason,WA,Truck,6,0,6,21474,21480,0.03
July 31 2021,Saint Marys,MD,Passenger,1,0,1,168,169,0.59
August 31 2021,Clallam,WA,Passenger,361,224,585,50964,51549,1.13
July 31 2021,Santa Clara,CA,Passenger,6,1,7,205,212,3.30
July 31 2021,Queens,NY,Passenger,1,0,1,43,44,2.27
July 31 2021,Montgomery,OH,Passenger,0,1,1,60,61,1.64
July 31 2021,Montgomery,TX,Passenger,0,1,1,22,23,4.35
September 30 2021,Columbia,GA,Passenger,1,0,1,107,108,0.93
August 31 2021,Columbia,WA,Truck,1,0,1,1553,1554,0.06
September 30 2021,Columbia,WA,Passenger,7,2,9,2466,2475,0.36
September 30 2021,Contra Costa,CA,Passenger,2,0,2,138,140,1.43
July 31 2021,San Bernardino,CA,Passenger,0,1,1,351,352,0.28
August 31 2021,Montgomery,MD,Passenger,3,5,8,191,199,4.02
July 31 2021,Salt Lake,UT,Passenger,0,1,1,136,137,0.73
September 30 2021,Cumberland,NC,Truck,1,0,1,87,88,1.14
July 31 2021,San Diego,CA,Passenger,15,10,25,2431,2456,1.02
July 31 2021,Nueces,TX,Passenger,1,0,1,65,66,1.52
July 31 2021,Santa Cruz,CA,Passenger,1,0,1,20,21,4.76
July 31 2021,Sarasota,FL,Passenger,1,0,1,21,22,4.55
September 30 2021,Danville City,VA,Passenger,1,0,1,0,1,100.00
July 31 2021,Pacific,WA,Truck,0,0,0,8021,8021,0.00
August 31 2021,Okanogan,,Truck,2,0,2,13002,13004,0.02
August 31 2021,Duval,FL,Passenger,0,1,1,273,274,0.36
July 31 2021,Skagit,WA,Truck,6,0,6,33338,33344,0.02
September 30 2021,Douglas,NE,Passenger,1,1,2,36,38,5.26
July 31 2021,Snohomish,WA,Truck,39,0,39,127627,127666,0.03
July 31 2021,Philadelphia,PA,Passenger,1,0,1,41,42,2.38
September 30 2021,Douglas,OR,Passenger,1,0,1,24,25,4.00
August 31 2021,Okanogan,WA,Passenger,13,6,19,5899,5918,0.32
July 31 2021,Pima,AZ,Passenger,1,1,2,211,213,0.94
August 31 2021,Oldham,KY,Passenger,0,1,1,4,5,20.00
July 31 2021,Walla Walla,WA,Passenger,116,80,196,36943,37139,0.53
September 30 2021,Dupage,IL,Passenger,1,0,1,36,37,2.70
July 31 2021,Stafford,VA,Passenger,2,0,2,90,92,2.17
August 31 2021,Orange,CA,Passenger,4,1,5,391,396,1.26
August 31 2021,Ferry,WA,Truck,0,0,0,3663,3663,0.00
July 31 2021,Polk,FL,Passenger,1,0,1,47,48,2.08
July 31 2021,Suffolk City,VA,Passenger,1,0,1,110,111,0.90
August 31 2021,Flathead,MT,Passenger,1,0,1,30,31,3.23
July 31 2021,Powhatan,VA,Passenger,1,0,1,1,2,50.00
August 31 2021,Pend Oreille,WA,Passenger,16,7,23,9354,9377,0.25
July 31 2021,Williamson,TX,Passenger,1,0,1,73,74,1.35
July 31 2021,Virginia Beach City,VA,Passenger,2,0,2,550,552,0.36
July 31 2021,Prince William,VA,Passenger,1,1,2,201,203,0.99
July 31 2021,Saginaw,MI,Passenger,1,0,1,6,7,14.29
August 31 2021,Greene,MO,Passenger,0,1,1,17,18,5.56
August 31 2021,Pierce,WA,Passenger,3992,2136,6128,562692,568820,1.08
August 31 2021,,,Truck,2,0,2,267,269,0.74
September 30 2021,Guadalupe,TX,Passenger,1,0,1,29,30,3.33
August 31 2021,Hamilton,IN,Passenger,2,0,2,22,24,8.33
July 31 2021,Washoe,NV,Passenger,1,0,1,56,57,1.75
August 31 2021,Alameda,CA,Passenger,2,0,2,196,198,1.01
July 31 2021,San Francisco,CA,Passenger,0,1,1,71,72,1.39
August 31 2021,Pinellas,FL,Passenger,0,1,1,62,63,1.59
July 31 2021,Santa Barbara,CA,Passenger,1,0,1,72,73,1.37
August 31 2021,Albemarle,VA,Passenger,1,0,1,22,23,4.35
September 30 2021,Harris,TX,Passenger,1,0,1,140,141,0.71
August 31 2021,Plaquemines,LA,Passenger,0,1,1,18,19,5.26
July 31 2021,Whitman,WA,Passenger,64,51,115,22163,22278,0.52
August 31 2021,Asotin,WA,Truck,2,0,2,6807,6809,0.03
July 31 2021,Skamania,WA,Truck,0,0,0,4098,4098,0.00
July 31 2021,Wichita,TX,Passenger,1,0,1,36,37,2.70
July 31 2021,Spokane,WA,Passenger,1162,693,1855,329253,331108,0.56
September 30 2021,Honolulu,HI,Passenger,4,1,5,289,294,1.70
July 31 2021,Spartanburg,SC,Passenger,0,1,1,32,33,3.03
August 31 2021,Riley,KS,Passenger,1,0,1,44,45,2.22
August 31 2021,Bexar,TX,Passenger,2,4,6,433,439,1.37
August 31 2021,Anne Arundel,MD,Passenger,3,4,7,349,356,1.97
August 31 2021,Asotin,WA,Passenger,22,17,39,12805,12844,0.30
August 31 2021,Calvert,MD,Passenger,0,2,2,84,86,2.33
September 30 2021,Jefferson,WA,Truck,1,0,1,9706,9707,0.01
July 31 2021,Umatilla,WA,Passenger,0,0,0,2,2,0.00
August 31 2021,King,WA,Truck,128,1,129,185274,185403,0.07
July 31 2021,Ventura,CA,Passenger,1,2,3,243,246,1.22
September 30 2021,Juneau,AK,Passenger,0,1,1,17,18,5.56
July 31 2021,Vigo,IN,Passenger,1,0,1,4,5,20.00
July 31 2021,Wahkiakum,WA,Truck,0,0,0,1819,1819,0.00
September 30 2021,Kings,NY,Passenger,1,0,1,49,50,2.00
July 31 2021,Walla Walla,WA,Truck,1,0,1,14248,14249,0.01
August 31 2021,Chelan,WA,Passenger,368,101,469,55177,55646,0.84
August 31 2021,Chesapeake City,VA,Passenger,0,4,4,353,357,1.12
September 30 2021,Kitsap,WA,Truck,24,0,24,54693,54717,0.04
July 31 2021,Williams,ND,Passenger,0,1,1,8,9,11.11
August 31 2021,Spartanburg,SC,Passenger,0,1,1,31,32,3.12
September 30 2021,Klamath,OR,Passenger,1,0,1,17,18,5.56
July 31 2021,Wilson,NC,Passenger,1,0,1,0,1,100.00
July 31 2021,Whatcom,WA,Truck,11,0,11,44335,44346,0.02
August 31 2021,Clark,NV,Passenger,4,1,5,514,519,0.96
July 31 2021,Yakima,WA,Passenger,252,170,422,171465,171887,0.25
August 31 2021,Clark,WA,Passenger,3197,1522,4719,324601,329320,1.43
August 31 2021,Caddo,LA,Passenger,1,0,1,8,9,11.11
August 31 2021,,,Passenger,7,6,13,1506,1519,0.86
August 31 2021,Adams,WA,Passenger,16,16,32,13164,13196,0.24
August 31 2021,Allegheny,PA,Passenger,1,1,2,47,49,4.08
August 31 2021,Cowlitz,WA,Truck,7,1,8,29343,29351,0.03
August 31 2021,Adams,WA,Truck,0,0,0,5478,5478,0.00
August 31 2021,Anchorage,AK,Passenger,1,0,1,121,122,0.82
August 31 2021,Chaves,NM,Passenger,1,0,1,5,6,16.67
August 31 2021,Arapahoe,CO,Passenger,1,0,1,92,93,1.08
August 31 2021,Douglas,WA,Passenger,105,50,155,28773,28928,0.54
August 31 2021,Arlington,VA,Passenger,0,1,1,113,114,0.88
August 31 2021,Bay,FL,Passenger,1,0,1,29,30,3.33
August 31 2021,Dupage,IL,Passenger,1,0,1,35,36,2.78
August 31 2021,Bartow,GA,Passenger,0,1,1,2,3,33.33
August 31 2021,Fairfax,VA,Passenger,5,5,10,622,632,1.58
August 31 2021,Montgomery,OH,Passenger,0,1,1,60,61,1.64
August 31 2021,El Paso,TX,Passenger,2,0,2,336,338,0.59
August 31 2021,Bell,TX,Passenger,0,1,1,309,310,0.32
August 31 2021,Montgomery,TX,Passenger,0,1,1,21,22,4.55
August 31 2021,Denton,TX,Passenger,1,0,1,49,50,2.00
August 31 2021,Multnomah,OR,Passenger,2,6,8,532,540,1.48
September 30 2021,Montgomery,MD,Passenger,3,6,9,188,197,4.57
August 31 2021,Garfield,WA,Passenger,0,3,3,1371,1374,0.22
August 31 2021,Benton,WA,Truck,16,0,16,44016,44032,0.04
September 30 2021,Anne Arundel,MD,Passenger,3,4,7,341,348,2.01
August 31 2021,Fairbanks North Star,AK,Passenger,0,1,1,75,76,1.32
September 30 2021,Asotin,WA,Passenger,21,17,38,12791,12829,0.30
August 31 2021,Grant,WA,Truck,2,0,2,28358,28360,0.01
August 31 2021,Nueces,TX,Passenger,1,0,1,63,64,1.56
August 31 2021,Okanogan,,Passenger,53,40,93,20875,20968,0.44
September 30 2021,Norfolk City,VA,Passenger,1,1,2,306,308,0.65
August 31 2021,Howard,IN,Passenger,0,1,1,5,6,16.67
August 31 2021,Carroll,MD,Passenger,0,1,1,10,11,9.09
August 31 2021,Ferry,WA,Passenger,9,3,12,4429,4441,0.27
August 31 2021,Howard,MD,Passenger,0,1,1,65,66,1.52
September 30 2021,Okanogan,WA,Truck,0,0,0,3891,3891,0.00
August 31 2021,Island,WA,Passenger,661,336,997,63811,64808,1.54
September 30 2021,Orange,FL,Passenger,1,0,1,86,87,1.15
August 31 2021,Boone,MO,Passenger,0,1,1,7,8,12.50
August 31 2021,Franklin,WA,Passenger,144,104,248,62550,62798,0.39
August 31 2021,Bucks,PA,Passenger,1,0,1,15,16,6.25
August 31 2021,Franklin,WA,Truck,5,0,5,20944,20949,0.02
September 30 2021,Pacific,WA,Passenger,57,61,118,16150,16268,0.73
August 31 2021,Fresno,CA,Passenger,1,0,1,144,145,0.69
August 31 2021,Camden,GA,Passenger,1,0,1,117,118,0.85
August 31 2021,Jefferson,WA,Passenger,359,194,553,25069,25622,2.16
September 30 2021,Calvert,MD,Passenger,0,2,2,83,85,2.35
August 31 2021,Island,WA,Truck,9,0,9,21742,21751,0.04
August 31 2021,Columbia,GA,Passenger,1,0,1,109,110,0.91
August 31 2021,Prince William,VA,Passenger,1,1,2,201,203,0.99
September 30 2021,Charles,MD,Truck,1,0,1,9,10,10.00
August 31 2021,Contra Costa,CA,Passenger,2,0,2,142,144,1.39
September 30 2021,Pennington,SD,Passenger,1,0,1,23,24,4.17
August 31 2021,Grays Harbor,WA,Truck,9,0,9,21521,21530,0.04
August 31 2021,Charles,MD,Passenger,1,1,2,60,62,3.23
September 30 2021,Platte,MO,Passenger,1,0,1,12,13,7.69
August 31 2021,Riverside,CA,Passenger,5,1,6,458,464,1.29
August 31 2021,Juneau,AK,Passenger,0,1,1,18,19,5.26
August 31 2021,Charles,MD,Truck,1,0,1,9,10,10.00
August 31 2021,Saint Clair,IL,Passenger,2,0,2,123,125,1.60
August 31 2021,Harrison,MS,Passenger,2,0,2,51,53,3.77
August 31 2021,Kitsap,WA,Truck,19,0,19,54854,54873,0.03
August 31 2021,Klickitat,WA,Passenger,85,50,135,15526,15661,0.86
August 31 2021,Clallam,WA,Truck,3,0,3,22226,22229,0.01
August 31 2021,Santa Barbara,CA,Passenger,1,0,1,70,71,1.41
September 30 2021,Saint Marys,MD,Passenger,1,0,1,163,164,0.61
September 30 2021,San Diego,CA,Passenger,14,11,25,2345,2370,1.05
August 31 2021,Columbia,WA,Passenger,7,2,9,2478,2487,0.36
August 31 2021,Lincoln,WA,Truck,0,0,0,4812,4812,0.00
August 31 2021,Skagit,WA,Truck,9,0,9,33219,33228,0.03
September 30 2021,Santa Clara,CA,Passenger,5,1,6,192,198,3.03
September 30 2021,Douglas,WA,Passenger,105,51,156,28712,28868,0.54
August 31 2021,Cumberland,NC,Truck,1,0,1,90,91,1.10
August 31 2021,Frederick,MD,Passenger,2,1,3,68,71,4.23
August 31 2021,Danville City,VA,Passenger,1,0,1,0,1,100.00
September 30 2021,Skagit,WA,Passenger,669,309,978,92189,93167,1.05
August 31 2021,Mecklenburg,NC,Passenger,1,0,1,65,66,1.52
August 31 2021,Davidson,TN,Passenger,1,0,1,37,38,2.63
August 31 2021,Dekalb,GA,Passenger,1,0,1,45,46,2.17
September 30 2021,Fairbanks North Star,AK,Passenger,0,1,1,74,75,1.33
August 31 2021,Missoula,MT,Passenger,1,0,1,37,38,2.63
September 30 2021,Fairfax,VA,Passenger,5,6,11,616,627,1.75
August 31 2021,District Of Columbia,DC,Passenger,4,3,7,192,199,3.52
August 31 2021,Lewis,WA,Truck,4,0,4,26948,26952,0.01
September 30 2021,Ferry,WA,Passenger,10,3,13,4434,4447,0.29
August 31 2021,Harris,TX,Passenger,1,0,1,148,149,0.67
September 30 2021,Virginia Beach City,VA,Passenger,2,0,2,522,524,0.38
August 31 2021,Douglas,NE,Passenger,1,1,2,38,40,5.00
August 31 2021,Hidalgo,TX,Passenger,0,1,1,50,51,1.96
August 31 2021,Platte,MO,Passenger,1,0,1,12,13,7.69
September 30 2021,Franklin,WA,Passenger,143,105,248,62578,62826,0.39
August 31 2021,Douglas,WA,Truck,2,0,2,12809,12811,0.02
August 31 2021,Williams,ND,Passenger,0,1,1,8,9,11.11
August 31 2021,Maricopa,AZ,Passenger,3,1,4,782,786,0.51
August 31 2021,Honolulu,HI,Passenger,4,1,5,298,303,1.65
August 31 2021,Erie,NY,Passenger,1,0,1,29,30,3.33
September 30 2021,Grays Harbor,WA,Truck,9,0,9,21477,21486,0.04
September 30 2021,Whitman,WA,Passenger,67,59,126,22032,22158,0.57
August 31 2021,Milwaukee,WI,Passenger,1,0,1,33,34,2.94
September 30 2021,Harrison,MS,Passenger,2,0,2,50,52,3.85
August 31 2021,Rutherford,TN,Passenger,0,1,1,16,17,5.88
October 31 2021,Alameda,CA,Passenger,2,0,2,179,181,1.10
August 31 2021,Sacramento,CA,Passenger,2,0,2,192,194,1.03
August 31 2021,Monterey,CA,Passenger,1,0,1,144,145,0.69
September 30 2021,Hillsborough,FL,Passenger,0,1,1,122,123,0.81
October 31 2021,Anne Arundel,MD,Passenger,3,4,7,334,341,2.05
August 31 2021,Montgomery,PA,Passenger,2,0,2,15,17,11.76
August 31 2021,Kings,NY,Passenger,1,0,1,50,51,1.96
September 30 2021,Howard,IN,Passenger,0,1,1,6,7,14.29
October 31 2021,Asotin,WA,Passenger,22,17,39,12781,12820,0.30
August 31 2021,Guadalupe,TX,Passenger,1,0,1,29,30,3.33
September 30 2021,Island,WA,Passenger,677,347,1024,63651,64675,1.58
August 31 2021,Moore,NC,Passenger,0,1,1,118,119,0.84
August 31 2021,San Bernardino,CA,Passenger,0,1,1,343,344,0.29
August 31 2021,Lake,IL,Passenger,1,0,1,156,157,0.64
August 31 2021,Shelby,OH,Passenger,0,1,1,1,2,50.00
August 31 2021,Snohomish,WA,Truck,57,0,57,127128,127185,0.04
August 31 2021,New Castle,DE,Passenger,1,0,1,16,17,5.88
September 30 2021,Carroll,MD,Passenger,0,1,1,9,10,10.00
August 31 2021,Stevens,WA,Truck,2,0,2,19113,19115,0.01
August 31 2021,Santa Cruz,CA,Passenger,1,0,1,21,22,4.55
October 31 2021,Camden,GA,Passenger,1,0,1,111,112,0.89
September 30 2021,Chaves,NM,Passenger,1,0,1,5,6,16.67
August 31 2021,Liberty,GA,Passenger,1,0,1,100,101,0.99
September 30 2021,Kittitas,WA,Passenger,188,73,261,30064,30325,0.86
September 30 2021,Chesapeake City,VA,Passenger,1,3,4,349,353,1.13
August 31 2021,Jefferson,NY,Passenger,0,1,1,200,201,0.50
August 31 2021,Snohomish,WA,Passenger,6473,2226,8699,542832,551531,1.58
August 31 2021,Spokane,WA,Truck,29,0,29,103235,103264,0.03
August 31 2021,Queens,NY,Passenger,1,0,1,45,46,2.17
September 30 2021,Clark,WA,Passenger,3263,1530,4793,323567,328360,1.46
August 31 2021,Stafford,VA,Passenger,2,0,2,89,91,2.20
August 31 2021,Kent,DE,Passenger,0,1,1,56,57,1.75
August 31 2021,Stevens,WA,Passenger,52,44,96,30612,30708,0.31
August 31 2021,Saginaw,MI,Passenger,1,0,1,6,7,14.29
September 30 2021,Lewis,WA,Truck,4,0,4,26851,26855,0.01
August 31 2021,Mason,WA,Passenger,249,157,406,48380,48786,0.83
October 31 2021,Coryell,TX,Passenger,1,0,1,95,96,1.04
August 31 2021,Walla Walla,WA,Passenger,122,86,208,36776,36984,0.56
September 30 2021,Lincoln,WA,Truck,0,0,0,4810,4810,0.00
October 31 2021,Cowlitz,WA,Truck,8,1,9,29184,29193,0.03
August 31 2021,Thurston,WA,Passenger,1795,946,2741,199131,201872,1.36
October 31 2021,Cumberland,NC,Truck,1,0,1,85,86,1.16
August 31 2021,San Juan,WA,Passenger,454,142,596,14361,14957,3.98
August 31 2021,Washoe,NV,Passenger,1,0,1,53,54,1.85
October 31 2021,Danville City,VA,Passenger,1,0,1,0,1,100.00
August 31 2021,Whitman,WA,Passenger,66,55,121,22102,22223,0.54
September 30 2021,Denton,TX,Passenger,1,0,1,46,47,2.13
September 30 2021,Maricopa,AZ,Passenger,3,1,4,764,768,0.52
October 31 2021,District Of Columbia,DC,Passenger,4,2,6,183,189,3.17
August 31 2021,Whitman,WA,Truck,2,0,2,8645,8647,0.02
August 31 2021,Kittitas,WA,Passenger,182,73,255,30153,30408,0.84
August 31 2021,Williamson,TX,Passenger,1,0,1,71,72,1.39
August 31 2021,Norfolk City,VA,Passenger,1,1,2,309,311,0.64
October 31 2021,El Paso,TX,Passenger,2,0,2,325,327,0.61
August 31 2021,Walla Walla,WA,Truck,3,0,3,14217,14220,0.02
September 30 2021,Milwaukee,WI,Passenger,1,0,1,32,33,3.03
August 31 2021,Kittitas,WA,Truck,4,0,4,14898,14902,0.03
August 31 2021,Klamath,OR,Passenger,1,0,1,17,18,5.56
August 31 2021,Okanogan,WA,Truck,0,0,0,3927,3927,0.00
October 31 2021,Fairbanks North Star,AK,Passenger,0,1,1,71,72,1.39
August 31 2021,Wichita,TX,Passenger,1,0,1,36,37,2.70
September 30 2021,,WA,Passenger,0,0,0,1,1,0.00
September 30 2021,New Castle,DE,Passenger,1,0,1,16,17,5.88
August 31 2021,Orange,FL,Passenger,1,0,1,86,87,1.15
October 31 2021,Flathead,MT,Passenger,1,0,1,32,33,3.03
September 30 2021,Fresno,CA,Passenger,1,0,1,142,143,0.70
August 31 2021,Thurston,WA,Truck,27,0,27,56692,56719,0.05
August 31 2021,Ozaukee,WI,Passenger,0,1,1,3,4,25.00
September 30 2021,,,Truck,2,0,2,258,260,0.77
August 31 2021,Los Angeles,CA,Passenger,9,6,15,731,746,2.01
October 31 2021,Franklin,WA,Passenger,149,107,256,62380,62636,0.41
September 30 2021,Benton,WA,Passenger,589,421,1010,137208,138218,0.73
September 30 2021,Greene,MO,Passenger,0,1,1,16,17,5.88
September 30 2021,Adams,WA,Truck,0,0,0,5457,5457,0.00
September 30 2021,Hamilton,IN,Passenger,2,0,2,21,23,8.70
September 30 2021,Pend Oreille,WA,Truck,1,0,1,5734,5735,0.02
September 30 2021,Allegheny,PA,Passenger,1,1,2,47,49,4.08
August 31 2021,Pierce,WA,Truck,40,0,40,146621,146661,0.03
September 30 2021,Philadelphia,PA,Passenger,1,0,1,40,41,2.44
September 30 2021,Bryan,GA,Passenger,1,0,1,49,50,2.00
September 30 2021,Placer,CA,Passenger,1,0,1,58,59,1.69
October 31 2021,Grant,WA,Truck,4,0,4,28194,28198,0.01
October 31 2021,Grays Harbor,WA,Truck,9,0,9,21434,21443,0.04
September 30 2021,Powhatan,VA,Passenger,1,0,1,1,2,50.00
September 30 2021,Asotin,WA,Truck,2,0,2,6797,6799,0.03
September 30 2021,Champaign,IL,Passenger,1,0,1,7,8,12.50
September 30 2021,Jefferson,WA,Passenger,366,197,563,24959,25522,2.21
September 30 2021,Clackamas,OR,Passenger,1,0,1,114,115,0.87
August 31 2021,Yakima,WA,Passenger,263,172,435,170738,171173,0.25
September 30 2021,Bay,FL,Passenger,1,0,1,27,28,3.57
September 30 2021,Clallam,WA,Passenger,369,232,601,50920,51521,1.17
September 30 2021,Queens,NY,Passenger,1,0,1,41,42,2.38
August 31 2021,Yamhill,OR,Passenger,1,0,1,28,29,3.45
September 30 2021,Klickitat,WA,Passenger,86,50,136,15516,15652,0.87
August 31 2021,Otero,NM,Passenger,0,1,1,31,32,3.12
September 30 2021,Boone,MO,Passenger,0,1,1,7,8,12.50
August 31 2021,Saint Marys,MD,Passenger,1,0,1,166,167,0.60
August 31 2021,Pacific,WA,Passenger,56,58,114,16192,16306,0.70
September 30 2021,Caddo,LA,Passenger,1,0,1,7,8,12.50
August 31 2021,Pacific,WA,Truck,0,0,0,8015,8015,0.00
September 30 2021,Adams,WA,Passenger,16,16,32,13148,13180,0.24
August 31 2021,Palm Beach,FL,Passenger,1,0,1,44,45,2.22
August 31 2021,San Diego,CA,Passenger,15,10,25,2392,2417,1.03
September 30 2021,Salt Lake,UT,Passenger,0,1,1,131,132,0.76
August 31 2021,San Juan,WA,Truck,0,0,0,6046,6046,0.00
August 31 2021,Santa Clara,CA,Passenger,6,1,7,199,206,3.40
September 30 2021,San Francisco,CA,Passenger,0,1,1,66,67,1.49
October 31 2021,King,WA,Truck,157,1,158,183867,184025,0.09
September 30 2021,Mecklenburg,NC,Passenger,1,0,1,64,65,1.54
August 31 2021,Pend Oreille,WA,Truck,1,0,1,5792,5793,0.02
October 31 2021,Kitsap,WA,Truck,26,0,26,54517,54543,0.05
August 31 2021,Sarpy,NE,Passenger,1,0,1,49,50,2.00
September 30 2021,Duval,FL,Passenger,0,1,1,265,266,0.38
September 30 2021,Charles,MD,Passenger,1,1,2,58,60,3.33
September 30 2021,Arlington,VA,Passenger,0,1,1,111,112,0.89
October 31 2021,Klamath,OR,Passenger,1,0,1,17,18,5.56
August 31 2021,Pennington,SD,Passenger,1,0,1,23,24,4.17
September 30 2021,Sarasota,FL,Passenger,1,0,1,22,23,4.35
September 30 2021,Montgomery,OH,Passenger,0,1,1,61,62,1.61
August 31 2021,Pima,AZ,Passenger,0,1,1,202,203,0.49
September 30 2021,Skamania,WA,Truck,0,0,0,4087,4087,0.00
September 30 2021,Ferry,WA,Truck,0,0,0,3619,3619,0.00
September 30 2021,Chelan,WA,Passenger,379,103,482,55103,55585,0.87
September 30 2021,Flathead,MT,Passenger,1,0,1,32,33,3.03
August 31 2021,Polk,FL,Passenger,1,0,1,46,47,2.13
September 30 2021,Nueces,TX,Passenger,1,0,1,60,61,1.64
October 31 2021,Lewis,WA,Truck,5,0,5,26823,26828,0.02
September 30 2021,Clallam,WA,Truck,3,0,3,22172,22175,0.01
September 30 2021,Spokane,WA,Passenger,1227,737,1964,328046,330010,0.60
August 31 2021,Tipton,TN,Passenger,1,0,1,9,10,10.00
September 30 2021,Boulder,CO,Passenger,0,1,1,22,23,4.35
September 30 2021,Garfield,WA,Truck,0,0,0,1011,1011,0.00
August 31 2021,Saint Louis City,MO,Passenger,1,0,1,18,19,5.26
September 30 2021,Goochland,VA,Passenger,2,0,2,122,124,1.61
August 31 2021,Wilson,NC,Passenger,1,0,1,0,1,100.00
September 30 2021,Clark,NV,Passenger,4,1,5,497,502,1.00
September 30 2021,Umatilla,WA,Passenger,0,0,0,2,2,0.00
September 30 2021,Davidson,TN,Passenger,1,0,1,38,39,2.56
September 30 2021,Columbia,WA,Truck,1,0,1,1548,1549,0.06
August 31 2021,Sevier,AR,Passenger,0,1,1,0,1,100.00
October 31 2021,Montgomery,PA,Passenger,2,0,2,15,17,11.76
September 30 2021,Howard,MD,Passenger,0,1,1,63,64,1.56
September 30 2021,Dekalb,GA,Passenger,1,0,1,43,44,2.27
September 30 2021,Wahkiakum,WA,Truck,0,0,0,1833,1833,0.00
September 30 2021,Alameda,CA,Passenger,2,0,2,188,190,1.05
October 31 2021,New Castle,DE,Passenger,1,0,1,14,15,6.67
September 30 2021,Walla Walla,WA,Passenger,129,86,215,36653,36868,0.58
August 31 2021,Skagit,WA,Passenger,648,306,954,92419,93373,1.02
September 30 2021,Douglas,WA,Truck,2,0,2,12803,12805,0.02
August 31 2021,Skamania,WA,Passenger,55,41,96,8493,8589,1.12
September 30 2021,Erie,NY,Passenger,1,0,1,26,27,3.70
September 30 2021,Saginaw,MI,Passenger,1,0,1,5,6,16.67
September 30 2021,Whatcom,WA,Truck,17,0,17,44104,44121,0.04
September 30 2021,Bexar,TX,Passenger,2,4,6,424,430,1.40
October 31 2021,Pennington,SD,Passenger,1,0,1,23,24,4.17
September 30 2021,San Juan,WA,Passenger,462,143,605,14303,14908,4.06
September 30 2021,Williamson,TX,Passenger,1,0,1,69,70,1.43
August 31 2021,Travis,TX,Passenger,1,1,2,106,108,1.85
September 30 2021,Franklin,WA,Truck,6,0,6,20893,20899,0.03
August 31 2021,Umatilla,WA,Passenger,0,0,0,2,2,0.00
October 31 2021,Platte,MO,Passenger,1,0,1,12,13,7.69
August 31 2021,Vigo,IN,Passenger,1,0,1,4,5,20.00
September 30 2021,Frederick,MD,Passenger,2,1,3,68,71,4.23
September 30 2021,Shelby,OH,Passenger,0,1,1,1,2,50.00
August 31 2021,Virginia Beach City,VA,Passenger,2,0,2,535,537,0.37
September 30 2021,Kitsap,WA,Passenger,2077,932,3009,182090,185099,1.63
August 31 2021,Wahkiakum,WA,Passenger,15,9,24,3111,3135,0.77
October 31 2021,,,Passenger,6,7,13,1429,1442,0.90
August 31 2021,Wahkiakum,WA,Truck,0,0,0,1819,1819,0.00
August 31 2021,Wake,NC,Passenger,1,0,1,97,98,1.02
September 30 2021,Snohomish,WA,Truck,68,0,68,126763,126831,0.05
October 31 2021,Adams,WA,Passenger,16,16,32,13086,13118,0.24
September 30 2021,Chelan,WA,Truck,9,0,9,23187,23196,0.04
September 30 2021,Stevens,WA,Truck,2,0,2,19044,19046,0.01
September 30 2021,Hennepin,MN,Passenger,1,0,1,55,56,1.79
September 30 2021,Lincoln,WA,Passenger,9,16,25,7752,7777,0.32
August 31 2021,Whatcom,WA,Passenger,1589,649,2238,151684,153922,1.45
September 30 2021,Clark,WA,Truck,37,0,37,84565,84602,0.04
October 31 2021,Skagit,WA,Passenger,676,314,990,91829,92819,1.07
September 30 2021,Hidalgo,TX,Passenger,0,1,1,52,53,1.89
September 30 2021,Thurston,WA,Truck,31,0,31,56519,56550,0.05
October 31 2021,Snohomish,WA,Passenger,6788,2278,9066,540153,549219,1.65
September 30 2021,Island,WA,Truck,9,0,9,21683,21692,0.04
September 30 2021,Tipton,TN,Passenger,1,0,1,9,10,10.00
October 31 2021,Spokane,WA,Truck,37,0,37,102901,102938,0.04
September 30 2021,,CA,Passenger,1,4,5,197,202,2.48
October 31 2021,Stevens,WA,Passenger,56,43,99,30381,30480,0.32
September 30 2021,Jefferson,NY,Passenger,0,1,1,193,194,0.52
September 30 2021,Albemarle,VA,Passenger,1,0,1,21,22,4.55
September 30 2021,Mason,WA,Truck,6,0,6,21397,21403,0.03
September 30 2021,Cowlitz,WA,Passenger,258,167,425,72516,72941,0.58
September 30 2021,Cowlitz,WA,Truck,8,1,9,29232,29241,0.03
September 30 2021,Washoe,NV,Passenger,1,0,1,52,53,1.89
October 31 2021,Calvert,MD,Passenger,0,2,2,82,84,2.38
September 30 2021,Kent,DE,Passenger,0,1,1,53,54,1.85
October 31 2021,Thurston,WA,Passenger,1877,957,2834,197903,200737,1.41
September 30 2021,Bell,TX,Passenger,0,1,1,296,297,0.34
September 30 2021,Lake,IL,Passenger,1,0,1,154,155,0.65
September 30 2021,Whitman,WA,Truck,2,0,2,8606,8608,0.02
September 30 2021,Benton,WA,Truck,19,0,19,43992,44011,0.04
September 30 2021,Wilson,NC,Passenger,1,0,1,0,1,100.00
October 31 2021,Clark,NV,Passenger,4,1,5,480,485,1.03
September 30 2021,El Paso,TX,Passenger,2,0,2,331,333,0.60
September 30 2021,Bradley,TN,Passenger,0,1,1,0,1,100.00
September 30 2021,Yakima,WA,Passenger,272,173,445,170434,170879,0.26
October 31 2021,Columbia,GA,Passenger,1,0,1,103,104,0.96
September 30 2021,Yamhill,OR,Passenger,1,0,1,26,27,3.70
October 31 2021,Columbia,WA,Truck,1,0,1,1545,1546,0.06
September 30 2021,Liberty,GA,Passenger,1,0,1,99,100,1.00
September 30 2021,Orange,CA,Passenger,4,1,5,388,393,1.27
October 31 2021,Contra Costa,CA,Passenger,1,0,1,136,137,0.73
October 31 2021,,CA,Passenger,1,4,5,197,202,2.48
September 30 2021,Los Angeles,CA,Passenger,6,6,12,717,729,1.65
September 30 2021,Carson City,NV,Passenger,1,0,1,8,9,11.11
October 31 2021,Allegheny,PA,Passenger,1,1,2,44,46,4.35
November 30 2021,,,Truck,2,0,2,249,251,0.80
September 30 2021,Manassas City,VA,Passenger,0,1,1,4,5,20.00
November 30 2021,,WA,Passenger,0,0,0,1,1,0.00
October 31 2021,Arlington,VA,Passenger,0,1,1,107,108,0.93
September 30 2021,Grant,WA,Passenger,129,103,232,67371,67603,0.34
September 30 2021,Grant,WA,Truck,2,0,2,28285,28287,0.01
September 30 2021,Grays Harbor,WA,Passenger,197,157,354,49714,50068,0.71
November 30 2021,Albemarle,VA,Passenger,2,0,2,20,22,9.09
September 30 2021,Mason,WA,Passenger,259,158,417,48176,48593,0.86
October 31 2021,Bell,TX,Passenger,0,1,1,286,287,0.35
October 31 2021,Douglas,WA,Passenger,105,52,157,28639,28796,0.55
November 30 2021,Baltimore,MD,Passenger,1,0,1,35,36,2.78
September 30 2021,Cook,IL,Passenger,1,0,1,147,148,0.68
September 30 2021,Riley,KS,Passenger,1,0,1,44,45,2.22
September 30 2021,Multnomah,OR,Passenger,2,5,7,514,521,1.34
November 30 2021,Benton,WA,Passenger,625,440,1065,136314,137379,0.78
October 31 2021,Benton,WA,Truck,20,0,20,43905,43925,0.05
September 30 2021,Cumberland,NC,Passenger,0,2,2,377,379,0.53
September 30 2021,Monterey,CA,Passenger,1,0,1,143,144,0.69
October 31 2021,Bernalillo,NM,Passenger,1,0,1,87,88,1.14
September 30 2021,Santa Barbara,CA,Passenger,1,0,1,67,68,1.47
September 30 2021,Okanogan,,Passenger,54,39,93,20886,20979,0.44
September 30 2021,Moore,NC,Passenger,0,1,1,118,119,0.84
October 31 2021,Bradley,TN,Passenger,0,1,1,0,1,100.00
September 30 2021,Okanogan,,Truck,2,0,2,12949,12951,0.02
September 30 2021,District Of Columbia,DC,Passenger,4,2,6,190,196,3.06
October 31 2021,Howard,MD,Passenger,0,1,1,61,62,1.61
September 30 2021,Okanogan,WA,Passenger,13,6,19,5890,5909,0.32
September 30 2021,Oldham,KY,Passenger,0,1,1,4,5,20.00
November 30 2021,Clallam,WA,Passenger,381,241,622,50670,51292,1.21
October 31 2021,Island,WA,Passenger,692,349,1041,63395,64436,1.62
October 31 2021,Carson City,NV,Passenger,1,0,1,9,10,10.00
September 30 2021,Kern,CA,Passenger,1,1,2,179,181,1.10
September 30 2021,Suffolk City,VA,Passenger,1,0,1,109,110,0.91
September 30 2021,King,WA,Passenger,33290,9863,43153,1370836,1413989,3.05
October 31 2021,Charles,MD,Passenger,1,1,2,58,60,3.33
September 30 2021,Otero,NM,Passenger,0,1,1,32,33,3.03
September 30 2021,King,WA,Truck,149,1,150,184716,184866,0.08
September 30 2021,Ozaukee,WI,Passenger,0,1,1,3,4,25.00
September 30 2021,Klickitat,WA,Truck,1,0,1,8396,8397,0.01
November 30 2021,Columbia,WA,Truck,2,0,2,1555,1557,0.13
September 30 2021,Pacific,WA,Truck,0,0,0,8024,8024,0.00
September 30 2021,Palm Beach,FL,Passenger,1,0,1,42,43,2.33
October 31 2021,Clallam,WA,Truck,3,0,3,22164,22167,0.01
September 30 2021,Garfield,WA,Passenger,0,3,3,1362,1365,0.22
October 31 2021,Kings,CA,Passenger,1,0,1,308,309,0.32
September 30 2021,Glacier,MT,Passenger,0,1,1,4,5,20.00
September 30 2021,Pierce,WA,Passenger,4084,2163,6247,561672,567919,1.10
October 31 2021,Kittitas,WA,Passenger,199,72,271,29947,30218,0.90
September 30 2021,Pima,AZ,Passenger,0,1,1,198,199,0.50
September 30 2021,Pierce,WA,Truck,48,0,48,146096,146144,0.03
September 30 2021,Leavenworth,KS,Passenger,0,1,1,102,103,0.97
September 30 2021,Pinellas,FL,Passenger,0,1,1,61,62,1.61
October 31 2021,Lake,IL,Passenger,1,0,1,153,154,0.65
September 30 2021,Lewis,WA,Passenger,197,157,354,59849,60203,0.59
September 30 2021,Polk,FL,Passenger,1,0,1,45,46,2.17
November 30 2021,Dekalb,GA,Passenger,1,0,1,40,41,2.44
October 31 2021,Cumberland,NC,Passenger,0,2,2,367,369,0.54
October 31 2021,Lincoln,WA,Truck,0,0,0,4821,4821,0.00
September 30 2021,Harnett,NC,Passenger,0,1,1,136,137,0.73
September 30 2021,Williams,ND,Passenger,0,1,1,8,9,11.11
September 30 2021,Riverside,CA,Passenger,4,0,4,446,450,0.89
October 31 2021,Davidson,TN,Passenger,1,0,1,36,37,2.70
September 30 2021,Saint Louis City,MO,Passenger,1,0,1,19,20,5.00
November 30 2021,Greene,MO,Passenger,0,1,1,14,15,6.67
September 30 2021,Saint Marys,MD,Truck,1,0,1,42,43,2.33
September 30 2021,San Bernardino,CA,Passenger,0,1,1,336,337,0.30
September 30 2021,Montgomery,PA,Passenger,2,0,2,15,17,11.76
September 30 2021,Santa Cruz,CA,Passenger,1,0,1,21,22,4.55
September 30 2021,Montgomery,TX,Passenger,0,1,1,19,20,5.00
October 31 2021,Baltimore,MD,Passenger,1,0,1,37,38,2.63
September 30 2021,Sarpy,NE,Passenger,1,0,1,48,49,2.04
September 30 2021,San Juan,WA,Truck,0,0,0,6027,6027,0.00
September 30 2021,Kittitas,WA,Truck,4,0,4,14863,14867,0.03
September 30 2021,Sevier,AR,Passenger,0,1,1,0,1,100.00
October 31 2021,Multnomah,OR,Passenger,2,5,7,507,514,1.36
October 31 2021,Bay,FL,Passenger,1,0,1,27,28,3.57
September 30 2021,Skamania,WA,Passenger,56,42,98,8465,8563,1.14
October 31 2021,Frederick,MD,Passenger,2,1,3,68,71,4.23
October 31 2021,Bexar,TX,Passenger,2,4,6,412,418,1.44
October 31 2021,Boone,MO,Passenger,0,1,1,7,8,12.50
October 31 2021,Okanogan,WA,Truck,0,0,0,3883,3883,0.00
September 30 2021,Skagit,WA,Truck,10,0,10,33105,33115,0.03
October 31 2021,Glacier,MT,Passenger,0,1,1,4,5,20.00
October 31 2021,Orange,FL,Passenger,1,0,1,82,83,1.20
September 30 2021,Missoula,MT,Passenger,1,0,1,36,37,2.70
September 30 2021,Vigo,IN,Passenger,1,0,1,4,5,20.00
September 30 2021,Prince William,VA,Passenger,1,1,2,200,202,0.99
September 30 2021,Wake,NC,Passenger,1,0,1,92,93,1.08
October 31 2021,Pend Oreille,WA,Truck,1,0,1,5712,5713,0.02
September 30 2021,Walla Walla,WA,Truck,3,0,3,14188,14191,0.02
October 31 2021,Chelan,WA,Passenger,387,110,497,54875,55372,0.90
October 31 2021,Pierce,WA,Truck,54,0,54,145615,145669,0.04
October 31 2021,Harnett,NC,Passenger,0,1,1,134,135,0.74
November 30 2021,Kings,CA,Passenger,1,0,1,307,308,0.32
September 30 2021,Saint Clair,IL,Passenger,2,0,2,118,120,1.67
October 31 2021,Hidalgo,TX,Passenger,0,1,1,52,53,1.89
September 30 2021,Whatcom,WA,Passenger,1601,661,2262,151467,153729,1.47
October 31 2021,Clark,WA,Truck,40,0,40,84249,84289,0.05
September 30 2021,Wichita,TX,Passenger,1,0,1,37,38,2.63
October 31 2021,Riverside,CA,Passenger,5,0,5,434,439,1.14
October 31 2021,Jefferson,NY,Passenger,0,1,1,188,189,0.53
November 30 2021,Los Angeles,CA,Passenger,6,4,10,681,691,1.45
September 30 2021,Spokane,WA,Truck,36,0,36,103094,103130,0.03
October 31 2021,Cowlitz,WA,Passenger,269,167,436,72200,72636,0.60
October 31 2021,Sacramento,CA,Passenger,2,0,2,187,189,1.06
September 30 2021,Pend Oreille,WA,Passenger,17,7,24,9332,9356,0.26
November 30 2021,Marin,CA,Passenger,0,1,1,27,28,3.57
October 31 2021,Kent,DE,Passenger,0,1,1,51,52,1.92
October 31 2021,Saint Marys,MD,Passenger,1,0,1,159,160,0.62
October 31 2021,Dekalb,GA,Passenger,1,0,1,41,42,2.38
September 30 2021,Plaquemines,LA,Passenger,0,1,1,18,19,5.26
November 30 2021,Mason,WA,Passenger,271,162,433,47797,48230,0.90
October 31 2021,San Juan,WA,Truck,0,0,0,6005,6005,0.00
October 31 2021,Kittitas,WA,Truck,4,0,4,14819,14823,0.03
September 30 2021,Thurston,WA,Passenger,1827,946,2773,198540,201313,1.38
October 31 2021,Santa Clara,CA,Passenger,4,1,5,184,189,2.65
October 31 2021,Douglas,WA,Truck,3,0,3,12729,12732,0.02
October 31 2021,Asotin,WA,Truck,2,0,2,6767,6769,0.03
October 31 2021,Dupage,IL,Passenger,1,0,1,34,35,2.86
September 30 2021,Sacramento,CA,Passenger,2,0,2,192,194,1.03
October 31 2021,Erie,NY,Passenger,1,0,1,25,26,3.85
October 31 2021,Bryan,GA,Passenger,1,0,1,50,51,1.96
September 30 2021,Ventura,CA,Passenger,1,2,3,238,241,1.24
November 30 2021,Multnomah,OR,Passenger,2,5,7,488,495,1.41
October 31 2021,Fairfax,VA,Passenger,4,5,9,609,618,1.46
October 31 2021,Liberty,GA,Passenger,1,0,1,97,98,1.02
October 31 2021,Caddo,LA,Passenger,1,0,1,7,8,12.50
November 30 2021,Okanogan,,Passenger,54,38,92,20801,20893,0.44
October 31 2021,Chelan,WA,Truck,8,0,8,23112,23120,0.03
October 31 2021,,,Truck,2,0,2,256,258,0.78
October 31 2021,,WA,Passenger,0,0,0,1,1,0.00
September 30 2021,Snohomish,WA,Passenger,6614,2248,8862,541878,550740,1.61
October 31 2021,Adams,WA,Truck,0,0,0,5447,5447,0.00
October 31 2021,Walla Walla,WA,Passenger,133,86,219,36485,36704,0.60
October 31 2021,Chesapeake City,VA,Passenger,1,3,4,343,347,1.15
October 31 2021,Albemarle,VA,Passenger,1,0,1,21,22,4.55
September 30 2021,Spartanburg,SC,Passenger,0,1,1,30,31,3.23
October 31 2021,Grant,WA,Passenger,137,101,238,67127,67365,0.35
October 31 2021,Champaign,IL,Passenger,1,0,1,7,8,12.50
September 30 2021,Stafford,VA,Passenger,2,0,2,86,88,2.27
October 31 2021,Clackamas,OR,Passenger,1,0,1,115,116,0.86
October 31 2021,Grays Harbor,WA,Passenger,201,159,360,49586,49946,0.72
October 31 2021,Chaves,NM,Passenger,1,0,1,5,6,16.67
October 31 2021,Alexandria City,VA,Passenger,5,0,5,120,125,4.00
October 31 2021,Clark,WA,Passenger,3357,1550,4907,322039,326946,1.50
September 30 2021,Stevens,WA,Passenger,55,42,97,30546,30643,0.32
October 31 2021,Cook,IL,Passenger,1,0,1,141,142,0.70
October 31 2021,Williamson,TX,Passenger,1,0,1,68,69,1.45
October 31 2021,Bartow,GA,Passenger,0,1,1,2,3,33.33
October 31 2021,Hennepin,MN,Passenger,1,0,1,51,52,1.92
October 31 2021,Monterey,CA,Passenger,1,0,1,138,139,0.72
October 31 2021,Benton,WA,Passenger,601,431,1032,136608,137640,0.75
September 30 2021,Travis,TX,Passenger,1,1,2,102,104,1.92
October 31 2021,Denton,TX,Passenger,1,0,1,46,47,2.13
November 30 2021,Riverside,CA,Passenger,5,0,5,423,428,1.17
October 31 2021,Hillsborough,FL,Passenger,0,1,1,119,120,0.83
October 31 2021,Howard,IN,Passenger,0,1,1,6,7,14.29
November 30 2021,Asotin,WA,Truck,2,0,2,6768,6770,0.03
October 31 2021,Duval,FL,Passenger,0,1,1,261,262,0.38
October 31 2021,Island,WA,Truck,9,0,9,21634,21643,0.04
September 30 2021,Wahkiakum,WA,Passenger,15,9,24,3097,3121,0.77
November 30 2021,Saint Marys,MD,Truck,1,0,1,41,42,2.38
November 30 2021,Bay,FL,Passenger,1,0,1,25,26,3.85
November 30 2021,San Bernardino,CA,Passenger,0,2,2,325,327,0.61
October 31 2021,Okanogan,,Truck,2,0,2,12880,12882,0.02
October 31 2021,Ferry,WA,Passenger,11,3,14,4465,4479,0.31
November 30 2021,Bexar,TX,Passenger,2,3,5,406,411,1.22
October 31 2021,Ferry,WA,Truck,0,0,0,3607,3607,0.00
October 31 2021,Jefferson,WA,Truck,1,0,1,9673,9674,0.01
October 31 2021,Otero,NM,Passenger,0,1,1,31,32,3.12
September 30 2021,Yakima,WA,Truck,5,0,5,62331,62336,0.01
October 31 2021,Franklin,WA,Truck,7,0,7,20882,20889,0.03
October 31 2021,Juneau,AK,Passenger,0,1,1,18,19,5.26
October 31 2021,Carroll,MD,Passenger,0,1,1,9,10,10.00
October 31 2021,Ozaukee,WI,Passenger,0,1,1,3,4,25.00
November 30 2021,Caddo,LA,Passenger,1,0,1,7,8,12.50
October 31 2021,Palm Beach,FL,Passenger,1,0,1,39,40,2.50
October 31 2021,Garfield,WA,Passenger,0,3,3,1351,1354,0.22
November 30 2021,Santa Cruz,CA,Passenger,1,0,1,19,20,5.00
October 31 2021,Pend Oreille,WA,Passenger,18,7,25,9272,9297,0.27
October 31 2021,Klickitat,WA,Truck,1,0,1,8343,8344,0.01
October 31 2021,Anchorage,AK,Passenger,1,0,1,115,116,0.86
October 31 2021,Clallam,WA,Passenger,375,239,614,50769,51383,1.19
October 31 2021,Fresno,CA,Passenger,1,0,1,138,139,0.72
November 30 2021,Chaves,NM,Passenger,1,0,1,5,6,16.67
October 31 2021,Plaquemines,LA,Passenger,0,1,1,18,19,5.26
October 31 2021,Harrison,MS,Passenger,2,0,2,48,50,4.00
November 30 2021,Skagit,WA,Truck,18,0,18,32807,32825,0.05
November 30 2021,Chelan,WA,Passenger,402,113,515,54752,55267,0.93
October 31 2021,Garfield,WA,Truck,0,0,0,1008,1008,0.00
November 30 2021,Stafford,VA,Passenger,2,0,2,84,86,2.33
October 31 2021,Goochland,VA,Passenger,2,0,2,116,118,1.69
October 31 2021,Los Angeles,CA,Passenger,6,6,12,692,704,1.70
November 30 2021,Cook,IL,Passenger,1,0,1,139,140,0.71
October 31 2021,Boulder,CO,Passenger,1,1,2,20,22,9.09
November 30 2021,Coryell,TX,Passenger,1,0,1,93,94,1.06
October 31 2021,Charles,MD,Truck,1,0,1,9,10,10.00
October 31 2021,Jefferson,WA,Passenger,372,201,573,24872,25445,2.25
October 31 2021,Saint Louis City,MO,Passenger,1,0,1,19,20,5.00
November 30 2021,Denton,TX,Passenger,1,0,1,46,47,2.13
November 30 2021,Washoe,NV,Passenger,1,0,1,49,50,2.00
October 31 2021,Kern,CA,Passenger,1,1,2,176,178,1.12
October 31 2021,Montgomery,MD,Passenger,3,6,9,188,197,4.57
October 31 2021,Sarpy,NE,Passenger,1,0,1,46,47,2.13
November 30 2021,Wichita,TX,Passenger,1,0,1,36,37,2.70
November 30 2021,Douglas,WA,Truck,4,0,4,12699,12703,0.03
October 31 2021,Greene,MO,Passenger,0,1,1,15,16,6.25
October 31 2021,Sevier,AR,Passenger,0,1,1,0,1,100.00
November 30 2021,Williams,ND,Passenger,0,1,1,8,9,11.11
November 30 2021,Duval,FL,Passenger,0,1,1,256,257,0.39
October 31 2021,Kitsap,WA,Passenger,2123,938,3061,181636,184697,1.66
October 31 2021,Columbia,WA,Passenger,7,2,9,2453,2462,0.37
October 31 2021,Skamania,WA,Passenger,60,41,101,8394,8495,1.19
October 31 2021,Pacific,WA,Truck,0,0,0,7997,7997,0.00
November 30 2021,Ferry,WA,Truck,0,0,0,3595,3595,0.00
October 31 2018,Gallatin,MT,Passenger,0,1,1,58,59,1.69
October 31 2018,Chelan,WA,Passenger,127,60,187,55192,55379,0.34
October 31 2018,Camden,GA,Passenger,0,1,1,158,159,0.63
October 31 2018,Umatilla,WA,Truck,0,0,0,2,2,0.00
September 30 2018,King,WA,Passenger,14649,6355,21004,1394114,1415118,1.48
November 30 2018,Honolulu,HI,Passenger,2,1,3,503,506,0.59
October 31 2018,Clark,WA,Passenger,1258,852,2110,316188,318298,0.66
October 31 2018,Fulton,GA,Passenger,1,2,3,95,98,3.06
October 31 2018,Larimer,CO,Passenger,0,1,1,53,54,1.85
October 31 2018,Garfield,WA,Passenger,1,1,2,1365,1367,0.15
October 31 2018,Clark,WA,Truck,0,0,0,81936,81936,0.00
October 31 2018,Volusia,FL,Passenger,0,1,1,32,33,3.03
November 30 2018,Island,WA,Passenger,281,233,514,64277,64791,0.79
October 31 2018,Lewis,WA,Passenger,94,78,172,59314,59486,0.29
October 31 2018,Clay,FL,Passenger,0,1,1,90,91,1.10
October 31 2018,Lincoln,WA,Passenger,4,7,11,7967,7978,0.14
October 31 2018,Grant,WA,Truck,0,0,0,27147,27147,0.00
October 31 2018,Grays Harbor,WA,Truck,0,0,0,20909,20909,0.00
September 30 2018,Lewis,WA,Passenger,90,74,164,59221,59385,0.28
November 30 2018,King,WA,Passenger,16252,6674,22926,1397601,1420527,1.61
October 31 2018,Columbia,WA,Passenger,2,2,4,2489,2493,0.16
October 31 2018,Cowlitz,WA,Passenger,82,98,180,73545,73725,0.24
October 31 2018,Mason,WA,Truck,0,0,0,20860,20860,0.00
October 31 2018,Dekalb,GA,Passenger,1,0,1,75,76,1.32
October 31 2018,Douglas,WA,Passenger,48,32,80,28481,28561,0.28
November 30 2018,Lincoln,WA,Truck,0,0,0,4777,4777,0.00
October 31 2018,Douglas,WA,Truck,0,0,0,12442,12442,0.00
October 31 2018,Douglas,NE,Passenger,0,1,1,67,68,1.47
October 31 2018,Fairfax,VA,Passenger,2,3,5,798,803,0.62
October 31 2018,Douglas,OR,Passenger,1,0,1,48,49,2.04
October 31 2018,Dupage,IL,Passenger,1,0,1,53,54,1.85
September 30 2018,Los Angeles,CA,Passenger,8,4,12,1122,1134,1.06
October 31 2018,Oklahoma,OK,Passenger,0,1,1,114,115,0.87
October 31 2018,Orange,CA,Passenger,4,1,5,568,573,0.87
November 30 2018,Benton,WA,Passenger,225,234,459,135350,135809,0.34
September 30 2018,Manassas City,VA,Passenger,0,1,1,8,9,11.11
October 31 2018,Lane,OR,Passenger,0,1,1,175,176,0.57
October 31 2018,Grant,WA,Passenger,35,55,90,65735,65825,0.14
October 31 2018,Pend Oreille,WA,Passenger,7,5,12,9946,9958,0.12
October 31 2018,Hamilton,IN,Passenger,1,0,1,42,43,2.33
October 31 2018,Liberty,GA,Passenger,1,0,1,149,150,0.67
November 30 2018,Norfolk City,VA,Passenger,3,2,5,360,365,1.37
October 31 2018,Guadalupe,TX,Passenger,1,0,1,68,69,1.45
November 30 2018,Clark,WA,Passenger,1299,867,2166,316878,319044,0.68
November 30 2018,Okanogan,WA,Truck,0,0,0,4284,4284,0.00
October 31 2018,Gwinnett,GA,Passenger,0,1,1,80,81,1.23
October 31 2018,Madison,ID,Passenger,1,0,1,36,37,2.70
October 31 2018,Island,WA,Passenger,259,224,483,64210,64693,0.75
October 31 2018,Island,WA,Truck,0,0,0,21701,21701,0.00
October 31 2018,Maricopa,AZ,Passenger,4,1,5,1410,1415,0.35
September 30 2018,Oldham,KY,Passenger,0,1,1,4,5,20.00
October 31 2018,Hennepin,MN,Passenger,2,0,2,105,107,1.87
October 31 2018,Riley,KS,Passenger,1,0,1,82,83,1.20
September 30 2018,Pacific,WA,Passenger,29,23,52,16007,16059,0.32
October 31 2018,Marion,IN,Passenger,1,0,1,122,123,0.81
October 31 2018,Santa Rosa,FL,Passenger,1,0,1,84,85,1.18
October 31 2018,Orange,FL,Passenger,2,1,3,167,170,1.76
October 31 2018,King,WA,Passenger,15499,6498,21997,1396607,1418604,1.55
October 31 2018,Jackson,OK,Passenger,1,0,1,44,45,2.22
September 30 2018,Pierce,WA,Passenger,1534,1356,2890,546084,548974,0.53
October 31 2018,Mason,WA,Passenger,122,109,231,47372,47603,0.49
September 30 2018,Pima,AZ,Passenger,0,1,1,394,395,0.25
October 31 2018,Kittitas,WA,Passenger,61,34,95,29981,30076,0.32
October 31 2018,Jefferson,WA,Passenger,174,107,281,25235,25516,1.10
October 31 2018,Klickitat,WA,Passenger,28,34,62,15746,15808,0.39
September 30 2018,Polk,FL,Passenger,1,0,1,61,62,1.61
October 31 2018,Jefferson,WA,Truck,0,0,0,9857,9857,0.00
October 31 2018,Miami-Dade,FL,Passenger,0,1,1,116,117,0.85
November 30 2018,Ferry,WA,Truck,0,0,0,3772,3772,0.00
October 31 2018,Juneau,AK,Passenger,0,1,1,41,42,2.38
November 30 2018,San Diego,CA,Passenger,6,4,10,2616,2626,0.38
October 31 2018,Lincoln,WA,Truck,0,0,0,4761,4761,0.00
November 30 2018,Garfield,OK,Passenger,1,0,1,14,15,6.67
October 31 2018,Kent,DE,Passenger,0,1,1,74,75,1.33
November 30 2018,San Francisco,CA,Passenger,2,1,3,109,112,2.68
October 31 2018,Saint Lucie,FL,Passenger,1,0,1,27,28,3.57
October 31 2018,Thurston,WA,Truck,0,0,0,56265,56265,0.00
October 31 2018,Monterey,CA,Passenger,0,1,1,199,200,0.50
October 31 2018,Kitsap,WA,Truck,1,0,1,55007,55008,0.00
October 31 2018,Klamath,OR,Passenger,1,0,1,26,27,3.70
October 31 2018,San Juan,WA,Truck,0,0,0,5990,5990,0.00
September 30 2018,Saint Lucie,FL,Passenger,1,0,1,28,29,3.45
November 30 2018,Hamilton,IN,Passenger,1,0,1,42,43,2.33
October 31 2018,Ventura,CA,Passenger,0,2,2,318,320,0.62
October 31 2018,Sangamon,IL,Passenger,1,0,1,10,11,9.09
October 31 2018,Moore,NC,Passenger,0,1,1,196,197,0.51
October 31 2018,Kootenai,ID,Passenger,1,1,2,201,203,0.99
November 30 2018,Skamania,WA,Truck,0,0,0,4188,4188,0.00
October 31 2018,Wahkiakum,WA,Passenger,2,2,4,3029,3033,0.13
October 31 2018,New Castle,DE,Passenger,1,0,1,27,28,3.57
September 30 2018,Sangamon,IL,Passenger,1,0,1,10,11,9.09
October 31 2018,Norfolk City,VA,Passenger,3,2,5,356,361,1.39
November 30 2018,Spokane,WA,Passenger,445,389,834,313966,314800,0.26
October 31 2018,Snohomish,WA,Passenger,2788,1476,4264,535098,539362,0.79
October 31 2018,Spokane,WA,Truck,1,0,1,96752,96753,0.00
September 30 2018,Skamania,WA,Truck,0,0,0,4153,4153,0.00
September 30 2018,Spokane,WA,Truck,1,0,1,96501,96502,0.00
October 31 2018,Pacific,WA,Truck,0,0,0,7841,7841,0.00
October 31 2018,Los Angeles,CA,Passenger,8,4,12,1123,1135,1.06
October 31 2018,Stevens,WA,Passenger,16,31,47,32737,32784,0.14
November 30 2018,Anne Arundel,MD,Passenger,0,3,3,459,462,0.65
October 31 2018,Pend Oreille,WA,Truck,0,0,0,6020,6020,0.00
October 31 2018,Pinal,AZ,Passenger,2,0,2,175,177,1.13
November 30 2018,Umatilla,WA,Passenger,0,0,0,2,2,0.00
September 30 2018,Thurston,WA,Passenger,705,563,1268,197914,199182,0.64
October 31 2018,Thurston,WA,Passenger,748,586,1334,198374,199708,0.67
October 31 2018,Pima,AZ,Passenger,0,1,1,389,390,0.26
September 30 2018,Twin Falls,ID,Passenger,0,1,1,21,22,4.55
November 30 2018,Wahkiakum,WA,Truck,0,0,0,1753,1753,0.00
October 31 2018,Polk,FL,Passenger,1,0,1,60,61,1.64
November 30 2018,Kent,MI,Passenger,0,1,1,21,22,4.55
September 30 2018,Walla Walla,WA,Truck,0,0,0,13987,13987,0.00
October 31 2018,Prince William,VA,Passenger,0,4,4,262,266,1.50
October 31 2018,Tuolumne,CA,Passenger,0,1,1,12,13,7.69
November 30 2018,Klickitat,WA,Passenger,27,34,61,15788,15849,0.38
November 30 2018,Washtenaw,MI,Passenger,1,0,1,31,32,3.12
November 30 2018,Whatcom,WA,Truck,2,0,2,43843,43845,0.00
October 31 2018,Maui,HI,Passenger,1,0,1,51,52,1.92
September 30 2018,Whatcom,WA,Truck,2,0,2,43627,43629,0.00
October 31 2018,Mecklenburg,NC,Passenger,1,0,1,77,78,1.28
October 31 2018,Russell,AL,Passenger,1,0,1,44,45,2.22
December 31 2018,,,Passenger,8,6,14,2205,2219,0.63
October 31 2018,San Diego,CA,Passenger,6,4,10,2613,2623,0.38
November 30 2018,Camden,GA,Passenger,0,1,1,159,160,0.62
December 31 2018,Adams,WA,Passenger,5,6,11,13137,13148,0.08
October 31 2018,Montgomery,MD,Passenger,1,3,4,287,291,1.37
October 31 2018,San Francisco,CA,Passenger,1,1,2,104,106,1.89
October 31 2018,,,Passenger,7,5,12,2226,2238,0.54
November 30 2018,Adams,WA,Truck,0,0,0,5402,5402,0.00
November 30 2018,Monroe,IL,Passenger,1,0,1,3,4,25.00
October 31 2018,Anne Arundel,MD,Passenger,0,2,2,460,462,0.43
October 31 2018,Okanogan,,Passenger,14,16,30,20582,20612,0.15
October 31 2018,Skamania,WA,Passenger,20,12,32,8981,9013,0.36
October 31 2018,Shelby,TN,Passenger,0,1,1,110,111,0.90
October 31 2018,Asotin,WA,Passenger,13,10,23,12998,13021,0.18
October 31 2018,Skamania,WA,Truck,0,0,0,4171,4171,0.00
October 31 2018,Pacific,WA,Passenger,31,24,55,16051,16106,0.34
November 30 2018,Columbia,WA,Passenger,2,2,4,2495,2499,0.16
October 31 2018,Spokane,WA,Passenger,419,386,805,313151,313956,0.26
October 31 2018,Palm Beach,FL,Passenger,0,1,1,81,82,1.22
November 30 2018,Asotin,WA,Truck,0,0,0,6842,6842,0.00
November 30 2018,Nueces,TX,Passenger,1,1,2,100,102,1.96
October 31 2018,Tarrant,TX,Passenger,1,0,1,191,192,0.52
November 30 2018,Okanogan,,Passenger,14,16,30,20633,20663,0.15
November 30 2018,Douglas,NE,Passenger,0,1,1,65,66,1.52
November 30 2018,Douglas,OR,Passenger,1,0,1,48,49,2.04
November 30 2018,Dupage,IL,Passenger,1,0,1,53,54,1.85
November 30 2018,Bexar,TX,Passenger,3,4,7,702,709,0.99
October 31 2018,Umatilla,WA,Passenger,0,0,0,1,1,0.00
October 31 2018,Ramsey,MN,Passenger,1,0,1,39,40,2.50
October 31 2018,Valencia,NM,Passenger,1,0,1,7,8,12.50
December 31 2018,Camden,GA,Passenger,0,1,1,161,162,0.62
October 31 2018,Wahkiakum,WA,Truck,0,0,0,1752,1752,0.00
November 30 2018,Broward,FL,Passenger,1,1,2,128,130,1.54
October 31 2018,Walla Walla,WA,Passenger,37,50,87,36717,36804,0.24
October 31 2018,Walla Walla,WA,Truck,0,0,0,13996,13996,0.00
November 30 2018,Ferry,WA,Passenger,3,2,5,4575,4580,0.11
November 30 2018,Caddo,LA,Passenger,1,1,2,23,25,8.00
October 31 2018,Washtenaw,MI,Passenger,1,0,1,31,32,3.12
November 30 2018,Prince William,VA,Passenger,0,4,4,261,265,1.51
October 31 2018,Santa Cruz,CA,Passenger,1,0,1,38,39,2.56
December 31 2018,Clark,NV,Passenger,2,1,3,689,692,0.43
November 30 2018,Ramsey,MN,Passenger,1,0,1,39,40,2.50
November 30 2018,Ada,ID,Passenger,0,2,2,299,301,0.66
October 31 2018,Whatcom,WA,Passenger,750,357,1107,151375,152482,0.73
October 31 2018,Whatcom,WA,Truck,2,0,2,43751,43753,0.00
October 31 2018,Skagit,WA,Passenger,273,196,469,92866,93335,0.50
November 30 2018,Alameda,CA,Passenger,0,2,2,319,321,0.62
December 31 2018,Columbia,GA,Passenger,1,1,2,161,163,1.23
October 31 2018,Skagit,WA,Truck,1,0,1,33300,33301,0.00
November 30 2018,Guadalupe,TX,Passenger,1,0,1,68,69,1.45
October 31 2018,Whitman,WA,Truck,0,0,0,8800,8800,0.00
October 31 2018,Snohomish,WA,Truck,1,0,1,125806,125807,0.00
November 30 2018,Gwinnett,GA,Passenger,0,1,1,78,79,1.27
November 30 2018,Russell,AL,Passenger,1,0,1,43,44,2.27
November 30 2018,Chelan,WA,Passenger,136,61,197,55330,55527,0.35
November 30 2018,Arlington,VA,Passenger,1,1,2,159,161,1.24
October 31 2018,Stevens,WA,Truck,0,0,0,19532,19532,0.00
November 30 2018,Clay,FL,Passenger,0,1,1,87,88,1.14
November 30 2018,Hennepin,MN,Passenger,2,0,2,102,104,1.92
November 30 2018,,CA,Passenger,1,1,2,268,270,0.74
December 31 2018,Dale,AL,Passenger,0,1,1,65,66,1.52
November 30 2018,San Mateo,CA,Passenger,2,1,3,130,133,2.26
November 30 2018,Santa Barbara,CA,Passenger,1,0,1,100,101,0.99
November 30 2018,Allegheny,PA,Passenger,1,0,1,75,76,1.32
December 31 2018,Dekalb,IN,Passenger,1,0,1,1,2,50.00
October 31 2018,Twin Falls,ID,Passenger,0,1,1,20,21,4.76
November 30 2018,Skagit,WA,Truck,1,0,1,33310,33311,0.00
November 30 2018,Cook,IL,Passenger,1,0,1,240,241,0.41
December 31 2018,District Of Columbia,DC,Passenger,1,4,5,202,207,2.42
October 31 2018,El Paso,CO,Passenger,1,1,2,744,746,0.27
November 30 2018,Snohomish,WA,Truck,1,0,1,125897,125898,0.00
December 31 2018,Douglas,NE,Passenger,0,1,1,66,67,1.49
October 31 2018,Virginia Beach City,VA,Passenger,1,1,2,684,686,0.29
November 30 2018,Tarrant,TX,Passenger,1,0,1,192,193,0.52
November 30 2018,Dekalb,GA,Passenger,1,0,1,74,75,1.33
October 31 2018,Washington,OR,Passenger,0,1,1,451,452,0.22
November 30 2018,Jefferson,WA,Truck,0,0,0,9859,9859,0.00
December 31 2018,Flathead,MT,Passenger,1,0,1,51,52,1.92
October 31 2018,Fresno,CA,Passenger,1,0,1,182,183,0.55
October 31 2018,Washoe,NV,Passenger,1,0,1,94,95,1.05
November 30 2018,Bryan,GA,Passenger,1,0,1,58,59,1.69
November 30 2018,Douglas,WA,Truck,0,0,0,12480,12480,0.00
November 30 2018,Juneau,AK,Passenger,0,1,1,41,42,2.38
November 30 2018,Clark,NV,Passenger,2,1,3,695,698,0.43
November 30 2018,Umatilla,WA,Truck,0,0,0,2,2,0.00
October 31 2018,Garfield,OK,Passenger,1,0,1,15,16,6.25
November 30 2018,Carson City,NV,Passenger,1,0,1,11,12,8.33
October 31 2018,Whitman,WA,Passenger,20,35,55,23246,23301,0.24
November 30 2018,Klamath,OR,Passenger,1,0,1,27,28,3.57
November 30 2018,Columbia,GA,Passenger,1,1,2,161,163,1.23
October 31 2018,Guilford,NC,Passenger,1,0,1,27,28,3.57
November 30 2018,Washoe,NV,Passenger,1,0,1,93,94,1.06
December 31 2018,Guadalupe,TX,Passenger,1,0,1,67,68,1.47
December 31 2018,Gwinnett,GA,Passenger,0,1,1,79,80,1.25
November 30 2018,Franklin,WA,Truck,0,0,0,19674,19674,0.00
November 30 2018,Cowlitz,WA,Truck,0,0,0,29572,29572,0.00
November 30 2018,,WA,Truck,0,0,0,1,1,0.00
November 30 2018,Frederick,MD,Passenger,0,1,1,88,89,1.12
November 30 2018,Whitman,WA,Truck,0,0,0,8807,8807,0.00
November 30 2018,Lane,OR,Passenger,0,1,1,174,175,0.57
November 30 2018,Fulton,GA,Passenger,1,2,3,95,98,3.06
November 30 2018,Albemarle,VA,Passenger,1,0,1,31,32,3.12
November 30 2018,Gallatin,MT,Passenger,0,1,1,57,58,1.72
November 30 2018,Dale,AL,Passenger,0,1,1,66,67,1.49
October 31 2018,Honolulu,HI,Passenger,2,1,3,501,504,0.60
November 30 2018,Clackamas,OR,Passenger,0,1,1,205,206,0.49
November 30 2018,Dallas,TX,Passenger,0,1,1,183,184,0.54
November 30 2018,Dekalb,IN,Passenger,1,0,1,1,2,50.00
November 30 2018,Yakima,WA,Passenger,88,106,194,169279,169473,0.11
November 30 2018,Garfield,WA,Passenger,1,1,2,1361,1363,0.15
November 30 2018,Benton,WA,Truck,0,0,0,42743,42743,0.00
December 31 2018,,CA,Passenger,1,2,3,263,266,1.13
December 31 2018,Adams,WA,Truck,0,0,0,5399,5399,0.00
November 30 2018,El Paso,TX,Passenger,1,0,1,510,511,0.20
November 30 2018,Brevard,FL,Passenger,0,1,1,86,87,1.15
December 31 2018,Honolulu,HI,Passenger,2,1,3,499,502,0.60
November 30 2018,Lumpkin,GA,Passenger,1,0,1,9,10,10.00
December 31 2018,Allegheny,PA,Passenger,1,0,1,72,73,1.37
November 30 2018,Bucks,PA,Passenger,1,0,1,17,18,5.56
November 30 2018,Cumberland,NC,Passenger,0,1,1,548,549,0.18
November 30 2018,Maricopa,AZ,Passenger,4,2,6,1389,1395,0.43
December 31 2018,Arlington,VA,Passenger,1,1,2,158,160,1.25
November 30 2018,Island,WA,Truck,0,0,0,21747,21747,0.00
December 31 2018,Benton,WA,Truck,0,0,0,42852,42852,0.00
November 30 2018,District Of Columbia,DC,Passenger,1,4,5,200,205,2.44
November 30 2018,Jackson,OK,Passenger,1,0,1,43,44,2.27
November 30 2018,Charles,MD,Passenger,0,1,1,80,81,1.23
November 30 2018,Grant,WA,Truck,0,0,0,27236,27236,0.00
November 30 2018,Grays Harbor,WA,Passenger,72,73,145,48321,48466,0.30
December 31 2018,Kitsap,WA,Truck,1,0,1,55032,55033,0.00
November 30 2018,Duval,FL,Passenger,1,1,2,375,377,0.53
November 30 2018,Grays Harbor,WA,Truck,0,0,0,20951,20951,0.00
December 31 2018,Klamath,OR,Passenger,1,0,1,28,29,3.45
November 30 2018,Montgomery,MD,Passenger,1,3,4,282,286,1.40
November 30 2018,Clallam,WA,Passenger,156,128,284,51259,51543,0.55
November 30 2018,Clallam,WA,Truck,0,0,0,22201,22201,0.00
November 30 2018,Flathead,MT,Passenger,1,0,1,50,51,1.96
November 30 2018,Hardin,KY,Passenger,0,1,1,112,113,0.88
November 30 2018,Kootenai,ID,Passenger,1,1,2,201,203,0.99
November 30 2018,Garfield,WA,Truck,0,0,0,995,995,0.00
October 31 2018,Monroe,IL,Passenger,1,0,1,3,4,25.00
November 30 2018,Goochland,VA,Passenger,0,1,1,201,202,0.50
December 31 2018,Charles,MD,Passenger,0,1,1,78,79,1.27
November 30 2018,Dakota,MN,Passenger,0,1,1,30,31,3.23
November 30 2018,Pacific,WA,Passenger,32,24,56,16091,16147,0.35
December 31 2018,Manatee,FL,Passenger,1,0,1,31,32,3.12
December 31 2018,Marion,IN,Passenger,1,0,1,122,123,0.81
December 31 2018,Clallam,WA,Truck,0,0,0,22228,22228,0.00
October 31 2018,Nueces,TX,Passenger,1,1,2,97,99,2.02
November 30 2018,Los Angeles,CA,Passenger,9,4,13,1111,1124,1.16
December 31 2018,Maui,HI,Passenger,1,0,1,49,50,2.00
October 31 2018,Okanogan,WA,Truck,0,0,0,4286,4286,0.00
November 30 2018,Douglas,WA,Passenger,51,33,84,28560,28644,0.29
November 30 2018,Madison,ID,Passenger,1,0,1,36,37,2.70
November 30 2018,Klickitat,WA,Truck,0,0,0,8460,8460,0.00
December 31 2018,Dallas,TX,Passenger,0,1,1,188,189,0.53
November 30 2018,Mason,WA,Passenger,124,111,235,47462,47697,0.49
December 31 2018,Dekalb,GA,Passenger,1,0,1,74,75,1.33
December 31 2018,Okanogan,WA,Truck,0,0,0,4269,4269,0.00
November 30 2018,Jefferson,WA,Passenger,181,112,293,25250,25543,1.15
December 31 2018,Orange,FL,Passenger,2,0,2,168,170,1.18
November 30 2018,Miami-Dade,FL,Passenger,0,1,1,115,116,0.86
November 30 2018,Larimer,CO,Passenger,0,1,1,52,53,1.89
November 30 2018,Glacier,MT,Passenger,0,1,1,4,5,20.00
November 30 2018,Kent,DE,Passenger,0,1,1,74,75,1.33
November 30 2018,Kitsap,WA,Passenger,990,542,1532,183536,185068,0.83
November 30 2018,Liberty,GA,Passenger,1,0,1,150,151,0.66
November 30 2018,Kitsap,WA,Truck,1,0,1,55049,55050,0.00
November 30 2018,Monterey,CA,Passenger,0,1,1,202,203,0.49
November 30 2018,Santa Fe,NM,Passenger,0,1,1,39,40,2.50
December 31 2018,Pierce,WA,Truck,0,0,0,143521,143521,0.00
November 30 2018,Kittitas,WA,Truck,0,0,0,14671,14671,0.00
November 30 2018,Moore,NC,Passenger,0,1,1,196,197,0.51
October 31 2018,Saint Marys,MD,Passenger,1,0,1,210,211,0.47
December 31 2018,Franklin,WA,Truck,0,0,0,19733,19733,0.00
December 31 2018,Frederick,MD,Passenger,0,1,1,85,86,1.16
November 30 2018,Jefferson,CO,Passenger,0,2,2,68,70,2.86
November 30 2018,Skagit,WA,Passenger,282,200,482,93054,93536,0.52
December 31 2018,Gallatin,MT,Passenger,0,1,1,57,58,1.72
November 30 2018,Marion,IN,Passenger,1,0,1,122,123,0.81
October 31 2018,San Juan,WA,Passenger,171,72,243,14553,14796,1.64
October 31 2018,San Mateo,CA,Passenger,1,1,2,130,132,1.52
November 30 2018,Jefferson,NY,Passenger,0,1,1,250,251,0.40
November 30 2018,Pacific,WA,Truck,0,0,0,7826,7826,0.00
November 30 2018,Palm Beach,FL,Passenger,0,1,1,81,82,1.22
October 31 2018,Santa Fe,NM,Passenger,0,1,1,39,40,2.50
December 31 2018,Saint Marys,MD,Passenger,1,0,1,203,204,0.49
December 31 2018,San Diego,CA,Passenger,6,4,10,2622,2632,0.38
November 30 2018,Kittitas,WA,Passenger,65,33,98,30014,30112,0.33
November 30 2018,Pima,AZ,Passenger,0,1,1,383,384,0.26
November 30 2018,Twin Falls,ID,Passenger,0,1,1,21,22,4.55
November 30 2018,Maui,HI,Passenger,1,0,1,49,50,2.00
December 31 2018,San Juan,WA,Truck,0,0,0,6012,6012,0.00
December 31 2018,Santa Clara,CA,Passenger,8,1,9,363,372,2.42
November 30 2018,Pinal,AZ,Passenger,2,0,2,171,173,1.16
November 30 2018,Mecklenburg,NC,Passenger,1,0,1,76,77,1.30
November 30 2018,Lincoln,WA,Passenger,4,7,11,7993,8004,0.14
November 30 2018,New Castle,DE,Passenger,1,0,1,25,26,3.85
November 30 2018,Polk,FL,Passenger,1,0,1,61,62,1.61
December 31 2018,Shasta,CA,Passenger,1,0,1,45,46,2.17
November 30 2018,Virginia Beach City,VA,Passenger,1,1,2,685,687,0.29
December 31 2018,Shelby,TN,Passenger,0,1,1,105,106,0.94
November 30 2018,Oklahoma,OK,Passenger,0,1,1,115,116,0.86
December 31 2018,Jefferson,NY,Passenger,0,1,1,247,248,0.40
December 31 2018,Skagit,WA,Passenger,292,203,495,93086,93581,0.53
November 30 2018,Marion,OR,Passenger,1,0,1,109,110,0.91
December 31 2018,Snohomish,WA,Passenger,3072,1536,4608,536495,541103,0.85
October 31 2018,Tulsa,OK,Passenger,0,1,1,43,44,2.27
November 30 2018,Orange,FL,Passenger,2,1,3,167,170,1.76
November 30 2018,Mason,WA,Truck,0,0,0,20870,20870,0.00
November 30 2018,Ozaukee,WI,Passenger,0,1,1,4,5,20.00
October 31 2018,Utah,UT,Passenger,0,1,1,130,131,0.76
December 31 2018,Kent,DE,Passenger,0,1,1,76,77,1.30
November 30 2018,Whitman,WA,Passenger,21,37,58,23293,23351,0.25
December 31 2018,Kittitas,WA,Truck,0,0,0,14711,14711,0.00
December 31 2018,Kootenai,ID,Passenger,1,1,2,198,200,1.00
November 30 2018,Santa Cruz,CA,Passenger,1,0,1,38,39,2.56
December 31 2018,Tulsa,OK,Passenger,0,1,1,44,45,2.22
December 31 2018,Alameda,CA,Passenger,0,2,2,314,316,0.63
November 30 2018,Nassau,NY,Passenger,2,0,2,32,34,5.88
December 31 2018,Virginia Beach City,VA,Passenger,1,1,2,683,685,0.29
December 31 2018,Anne Arundel,MD,Passenger,0,3,3,460,463,0.65
December 31 2018,Asotin,WA,Passenger,13,10,23,13012,13035,0.18
December 31 2018,Liberty,GA,Passenger,1,0,1,150,151,0.66
November 30 2018,Orange,CA,Passenger,4,2,6,566,572,1.05
October 31 2018,Yakima,WA,Passenger,81,104,185,169002,169187,0.11
November 30 2018,Saint Lucie,FL,Passenger,1,0,1,27,28,3.57
December 31 2018,Beaufort,SC,Passenger,1,0,1,29,30,3.33
December 31 2018,Whitman,WA,Passenger,25,40,65,23319,23384,0.28
November 30 2018,San Juan,WA,Truck,0,0,0,5999,5999,0.00
December 31 2018,Madison,ID,Passenger,1,0,1,35,36,2.78
November 30 2018,Adams,WA,Passenger,5,5,10,13147,13157,0.08
November 30 2018,Pend Oreille,WA,Passenger,6,5,11,9920,9931,0.11
November 30 2018,Sangamon,IL,Passenger,1,0,1,8,9,11.11
November 30 2018,Pend Oreille,WA,Truck,0,0,0,6000,6000,0.00
November 30 2018,Asotin,WA,Passenger,13,10,23,13007,13030,0.18
January 31 2019,Ada,ID,Passenger,0,2,2,293,295,0.68
January 31 2019,Alameda,CA,Passenger,0,2,2,307,309,0.65
November 30 2018,Shelby,TN,Passenger,0,1,1,109,110,0.91
December 31 2018,Bucks,PA,Passenger,1,0,1,17,18,5.56
November 30 2018,Valencia,NM,Passenger,1,0,1,7,8,12.50
November 30 2018,Shasta,CA,Passenger,1,0,1,45,46,2.17
November 30 2018,Spokane,WA,Truck,1,0,1,97003,97004,0.00
November 30 2018,Walla Walla,WA,Truck,0,0,0,13998,13998,0.00
January 31 2019,Bexar,TX,Passenger,3,4,7,685,692,1.01
November 30 2018,Snohomish,WA,Passenger,2943,1514,4457,535996,540453,0.82
November 30 2018,Riley,KS,Passenger,1,0,1,79,80,1.25
November 30 2018,Stevens,WA,Passenger,18,30,48,32721,32769,0.15
November 30 2018,Thurston,WA,Passenger,793,601,1394,198779,200173,0.70
November 30 2018,Stevens,WA,Truck,0,0,0,19537,19537,0.00
November 30 2018,Ventura,CA,Passenger,0,2,2,323,325,0.62
November 30 2018,Santa Rosa,FL,Passenger,1,0,1,82,83,1.20
November 30 2018,Sumter,FL,Passenger,0,1,1,9,10,10.00
November 30 2018,Chelan,WA,Truck,0,0,0,22761,22761,0.00
November 30 2018,Travis,TX,Passenger,0,1,1,184,185,0.54
November 30 2018,Skamania,WA,Passenger,20,14,34,8986,9020,0.38
December 31 2018,Cowlitz,WA,Truck,0,0,0,29586,29586,0.00
November 30 2018,Tuolumne,CA,Passenger,0,1,1,12,13,7.69
November 30 2018,Cochise,AZ,Passenger,0,1,1,126,127,0.79
November 30 2018,Columbia,WA,Truck,0,0,0,1587,1587,0.00
January 31 2019,Cowlitz,WA,Truck,0,0,0,29583,29583,0.00
December 31 2018,Ozaukee,WI,Passenger,0,1,1,3,4,25.00
December 31 2018,Douglas,WA,Passenger,51,33,84,28604,28688,0.29
December 31 2018,Pacific,WA,Truck,0,0,0,7829,7829,0.00
December 31 2018,Palm Beach,FL,Passenger,0,1,1,82,83,1.20
November 30 2018,Washington,OR,Passenger,0,1,1,444,445,0.22
December 31 2018,Pinal,AZ,Passenger,2,0,2,170,172,1.16
December 31 2018,Alexandria City,VA,Passenger,2,0,2,162,164,1.22
December 31 2018,Bryan,GA,Passenger,1,0,1,57,58,1.72
December 31 2018,Fairfax,VA,Passenger,4,3,7,797,804,0.87
November 30 2018,Wahkiakum,WA,Passenger,2,2,4,3032,3036,0.13
January 31 2019,District Of Columbia,DC,Passenger,1,4,5,205,210,2.38
November 30 2018,Walla Walla,WA,Passenger,39,53,92,36814,36906,0.25
November 30 2018,Denver,CO,Passenger,1,0,1,121,122,0.82
January 31 2019,Duval,FL,Passenger,1,1,2,375,377,0.53
November 30 2018,Yakima,WA,Truck,0,0,0,61215,61215,0.00
December 31 2018,Benton,WA,Passenger,242,244,486,135493,135979,0.36
November 30 2018,Deschutes,OR,Passenger,2,0,2,152,154,1.30
December 31 2018,Ferry,WA,Passenger,3,2,5,4579,4584,0.11
November 30 2018,Whatcom,WA,Passenger,782,372,1154,151688,152842,0.76
January 31 2019,El Paso,TX,Passenger,2,0,2,512,514,0.39
December 31 2018,Brevard,FL,Passenger,0,1,1,85,86,1.16
December 31 2018,Ada,ID,Passenger,0,2,2,296,298,0.67
December 31 2018,Franklin,WA,Passenger,52,68,120,60425,60545,0.20
January 31 2019,Flathead,MT,Passenger,1,0,1,52,53,1.89
November 30 2018,El Paso,CO,Passenger,1,1,2,750,752,0.27
December 31 2018,Grant,WA,Truck,0,0,0,27336,27336,0.00
December 31 2018,Grays Harbor,WA,Truck,0,0,0,20976,20976,0.00
January 31 2019,Franklin,WA,Passenger,56,69,125,60629,60754,0.21
December 31 2018,Clackamas,OR,Passenger,0,1,1,202,203,0.49
December 31 2018,Clark,WA,Passenger,1352,880,2232,317342,319574,0.70
December 31 2018,Clallam,WA,Passenger,159,131,290,51298,51588,0.56
December 31 2018,Bexar,TX,Passenger,3,4,7,691,698,1.00
January 31 2019,Fulton,GA,Passenger,1,2,3,97,100,3.00
November 30 2018,Franklin,WA,Passenger,45,66,111,60239,60350,0.18
January 31 2019,Garfield,WA,Passenger,1,1,2,1362,1364,0.15
December 31 2018,Cochise,AZ,Passenger,0,1,1,125,126,0.79
November 30 2018,Fresno,CA,Passenger,1,0,1,186,187,0.53
December 31 2018,Skamania,WA,Passenger,18,13,31,8991,9022,0.34
January 31 2019,Grant,WA,Truck,0,0,0,27399,27399,0.00
December 31 2018,Island,WA,Passenger,291,236,527,64339,64866,0.81
January 31 2019,Grays Harbor,WA,Truck,0,0,0,20933,20933,0.00
December 31 2018,Sumter,FL,Passenger,0,1,1,9,10,10.00
December 31 2018,Dakota,MN,Passenger,0,1,1,30,31,3.23
December 31 2018,Chelan,WA,Passenger,141,62,203,55423,55626,0.36
December 31 2018,Travis,TX,Passenger,1,1,2,182,184,1.09
December 31 2018,El Paso,CO,Passenger,1,1,2,750,752,0.27
December 31 2018,Chelan,WA,Truck,0,0,0,22730,22730,0.00
December 31 2018,Valencia,NM,Passenger,1,0,1,7,8,12.50
December 31 2018,King,WA,Truck,7,1,8,187794,187802,0.00
December 31 2018,Kittitas,WA,Passenger,70,36,106,30070,30176,0.35
December 31 2018,Wahkiakum,WA,Passenger,2,2,4,3028,3032,0.13
December 31 2018,Duval,FL,Passenger,1,1,2,374,376,0.53
December 31 2018,Clark,WA,Truck,0,0,0,82209,82209,0.00
December 31 2018,Columbia,WA,Passenger,2,2,4,2483,2487,0.16
December 31 2018,Lane,OR,Passenger,0,1,1,170,171,0.58
December 31 2018,Clay,FL,Passenger,0,1,1,86,87,1.15
December 31 2018,Fresno,CA,Passenger,1,0,1,187,188,0.53
December 31 2018,Columbia,WA,Truck,0,0,0,1588,1588,0.00
December 31 2018,Lewis,WA,Truck,0,0,0,26516,26516,0.00
December 31 2018,Garfield,OK,Passenger,1,0,1,14,15,6.67
December 31 2018,Lincoln,WA,Truck,0,0,0,4783,4783,0.00
December 31 2018,Garfield,WA,Truck,0,0,0,995,995,0.00
January 31 2019,Kent,MI,Passenger,0,1,1,21,22,4.55
December 31 2018,Ferry,WA,Truck,0,0,0,3774,3774,0.00
December 31 2018,Whatcom,WA,Passenger,811,388,1199,151986,153185,0.78
January 31 2019,King,WA,Truck,7,1,8,187524,187532,0.00
December 31 2018,Deschutes,OR,Passenger,2,0,2,154,156,1.28
November 30 2018,King,WA,Truck,7,1,8,187843,187851,0.00
December 31 2018,Goochland,VA,Passenger,0,1,1,199,200,0.50
December 31 2018,Douglas,OR,Passenger,1,0,1,49,50,2.00
December 31 2018,Cowlitz,WA,Passenger,85,108,193,73805,73998,0.26
December 31 2018,Maricopa,AZ,Passenger,4,2,6,1385,1391,0.43
December 31 2018,Dupage,IL,Passenger,1,0,1,55,56,1.79
January 31 2019,Lewis,WA,Truck,0,0,0,26563,26563,0.00
December 31 2018,Marion,OR,Passenger,1,0,1,107,108,0.93
December 31 2018,Denver,CO,Passenger,1,0,1,119,120,0.83
December 31 2018,Jefferson,WA,Passenger,181,115,296,25296,25592,1.16
November 30 2018,Lewis,WA,Passenger,96,78,174,59486,59660,0.29
January 31 2019,Brevard,FL,Passenger,0,1,1,81,82,1.22
December 31 2018,Douglas,WA,Truck,0,0,0,12512,12512,0.00
December 31 2018,Montgomery,PA,Passenger,2,0,2,24,26,7.69
November 30 2018,Lewis,WA,Truck,0,0,0,26509,26509,0.00
December 31 2018,El Paso,TX,Passenger,1,0,1,509,510,0.20
December 31 2018,Nassau,NY,Passenger,2,0,2,31,33,6.06
January 31 2019,Maui,HI,Passenger,1,0,1,49,50,2.00
January 31 2019,Bryan,GA,Passenger,1,0,1,58,59,1.69
December 31 2018,New Castle,DE,Passenger,1,0,1,24,25,4.00
December 31 2018,Klickitat,WA,Passenger,32,33,65,15807,15872,0.41
December 31 2018,Jefferson,CO,Passenger,0,2,2,66,68,2.94
December 31 2018,Hennepin,MN,Passenger,2,0,2,98,100,2.00
December 31 2018,Fulton,GA,Passenger,1,2,3,97,100,3.00
November 30 2018,Manassas City,VA,Passenger,0,1,1,8,9,11.11
January 31 2019,Montgomery,PA,Passenger,2,0,2,24,26,7.69
November 30 2018,Manatee,FL,Passenger,1,0,1,33,34,2.94
January 31 2019,Montgomery,TX,Passenger,1,0,1,49,50,2.00
January 31 2019,Chelan,WA,Truck,0,0,0,22793,22793,0.00
December 31 2018,Pend Oreille,WA,Truck,0,0,0,5996,5996,0.00
December 31 2018,Lincoln,WA,Passenger,4,6,10,8010,8020,0.12
December 31 2018,Jackson,OK,Passenger,1,0,1,43,44,2.27
December 31 2018,Grant,WA,Passenger,35,57,92,65989,66081,0.14
December 31 2018,Kitsap,WA,Passenger,1023,565,1588,183061,184649,0.86
January 31 2019,Clackamas,OR,Passenger,0,1,1,199,200,0.50
December 31 2018,Grays Harbor,WA,Passenger,73,77,150,48415,48565,0.31
December 31 2018,Jefferson,WA,Truck,0,0,0,9853,9853,0.00
January 31 2019,Cochise,AZ,Passenger,0,1,1,124,125,0.80
December 31 2018,Mecklenburg,NC,Passenger,1,0,1,77,78,1.28
November 30 2018,Montgomery,PA,Passenger,2,0,2,24,26,7.69
November 30 2018,Montgomery,TX,Passenger,1,0,1,51,52,1.92
December 31 2018,Juneau,AK,Passenger,0,1,1,41,42,2.38
November 30 2018,Multnomah,OR,Passenger,3,5,8,747,755,1.06
December 31 2018,Hardin,KY,Passenger,0,1,1,108,109,0.92
December 31 2018,Lumpkin,GA,Passenger,1,0,1,9,10,10.00
November 30 2018,Okanogan,WA,Passenger,2,6,8,6340,6348,0.13
November 30 2018,Oldham,KY,Passenger,0,1,1,4,5,20.00
December 31 2018,Okanogan,WA,Passenger,2,6,8,6312,6320,0.13
January 31 2019,Denver,CO,Passenger,1,0,1,119,120,0.83
January 31 2019,Deschutes,OR,Passenger,2,0,2,152,154,1.30
December 31 2018,Mason,WA,Truck,0,0,0,20870,20870,0.00
January 31 2019,Saint Clair,IL,Passenger,0,1,1,166,167,0.60
December 31 2018,Island,WA,Truck,0,0,0,21762,21762,0.00
January 31 2019,Sangamon,IL,Passenger,1,0,1,8,9,11.11
December 31 2018,Kent,MI,Passenger,0,1,1,21,22,4.55
January 31 2019,Santa Barbara,CA,Passenger,1,0,1,98,99,1.01
November 30 2018,Pierce,WA,Passenger,1683,1435,3118,549089,552207,0.56
December 31 2018,King,WA,Passenger,16771,6810,23581,1398723,1422304,1.66
November 30 2018,Pierce,WA,Truck,0,0,0,143389,143389,0.00
December 31 2018,Monroe,IL,Passenger,1,0,1,3,4,25.00
December 31 2018,Klickitat,WA,Truck,0,0,0,8487,8487,0.00
December 31 2018,Umatilla,WA,Passenger,0,0,0,2,2,0.00
December 31 2018,Riley,KS,Passenger,1,0,1,76,77,1.30
January 31 2019,Shasta,CA,Passenger,1,0,1,45,46,2.17
January 31 2019,Garfield,WA,Truck,0,0,0,992,992,0.00
December 31 2018,Los Angeles,CA,Passenger,9,4,13,1088,1101,1.18
December 31 2018,Larimer,CO,Passenger,0,1,1,51,52,1.92
December 31 2018,Russell,AL,Passenger,1,0,1,43,44,2.27
December 31 2018,Wahkiakum,WA,Truck,0,0,0,1771,1771,0.00
January 31 2019,Snohomish,WA,Passenger,3232,1589,4821,537597,542418,0.89
January 31 2019,Goochland,VA,Passenger,0,1,1,200,201,0.50
December 31 2018,Walla Walla,WA,Passenger,42,53,95,36826,36921,0.26
December 31 2018,Manassas City,VA,Passenger,0,1,1,8,9,11.11
January 31 2019,Spokane,WA,Truck,1,0,1,97348,97349,0.00
December 31 2018,Lewis,WA,Passenger,100,85,185,59585,59770,0.31
November 30 2018,Riverside,CA,Passenger,1,2,3,672,675,0.44
December 31 2018,Norfolk City,VA,Passenger,3,2,5,359,364,1.37
January 31 2019,Stevens,WA,Passenger,20,31,51,32739,32790,0.16
December 31 2018,Washtenaw,MI,Passenger,1,0,1,31,32,3.12
December 31 2018,San Juan,WA,Passenger,186,72,258,14571,14829,1.74
November 30 2018,Saint Clair,IL,Passenger,0,1,1,165,166,0.60
December 31 2018,Nueces,TX,Passenger,1,1,2,99,101,1.98
December 31 2018,San Mateo,CA,Passenger,2,1,3,131,134,2.24
December 31 2018,Orange,CA,Passenger,5,2,7,561,568,1.23
January 31 2019,Thurston,WA,Passenger,860,627,1487,199363,200850,0.74
November 30 2018,Saint Marys,MD,Passenger,1,0,1,208,209,0.48
November 30 2018,San Juan,WA,Passenger,178,71,249,14551,14800,1.68
December 31 2018,Montgomery,MD,Passenger,1,3,4,281,285,1.40
December 31 2018,Snohomish,WA,Truck,1,0,1,125931,125932,0.00
January 31 2019,Adams,WA,Passenger,5,6,11,13139,13150,0.08
December 31 2018,Multnomah,OR,Passenger,3,5,8,748,756,1.06
January 31 2019,Tuolumne,CA,Passenger,0,1,1,11,12,8.33
November 30 2018,Santa Clara,CA,Passenger,8,1,9,364,373,2.41
January 31 2019,Albemarle,VA,Passenger,1,0,1,28,29,3.45
December 31 2018,Stevens,WA,Truck,0,0,0,19563,19563,0.00
January 31 2019,Kern,CA,Passenger,0,1,1,239,240,0.42
December 31 2018,Okanogan,,Passenger,15,16,31,20603,20634,0.15
December 31 2018,Montgomery,TX,Passenger,1,0,1,50,51,1.96
December 31 2018,Oldham,KY,Passenger,0,1,1,4,5,20.00
January 31 2019,Kitsap,WA,Passenger,1061,578,1639,183189,184828,0.89
December 31 2018,Thurston,WA,Truck,0,0,0,56316,56316,0.00
December 31 2018,Pacific,WA,Passenger,33,26,59,16117,16176,0.36
January 31 2019,Benton,WA,Passenger,248,252,500,135794,136294,0.37
December 31 2018,Oklahoma,OK,Passenger,0,1,1,117,118,0.85
November 30 2018,Thurston,WA,Truck,0,0,0,56347,56347,0.00
November 30 2018,Tulsa,OK,Passenger,0,1,1,43,44,2.27
January 31 2019,Lewis,WA,Passenger,102,89,191,59647,59838,0.32
January 31 2019,Bucks,PA,Passenger,1,0,1,17,18,5.56
January 31 2019,Lincoln,WA,Passenger,4,6,10,7992,8002,0.12
December 31 2018,Pierce,WA,Passenger,1723,1472,3195,549651,552846,0.58
December 31 2018,Pima,AZ,Passenger,0,1,1,382,383,0.26
November 30 2018,Volusia,FL,Passenger,0,1,1,31,32,3.12
December 31 2018,Washington,OR,Passenger,0,1,1,443,444,0.23
December 31 2018,Polk,FL,Passenger,1,0,1,62,63,1.59
December 31 2018,Santa Barbara,CA,Passenger,1,0,1,99,100,1.00
December 31 2018,Whitman,WA,Truck,0,0,0,8817,8817,0.00
December 31 2018,Santa Rosa,FL,Passenger,1,0,1,83,84,1.19
January 31 2019,Lumpkin,GA,Passenger,1,0,1,8,9,11.11
February 28 2019,Benton,WA,Truck,0,0,0,42874,42874,0.00
December 31 2018,Prince William,VA,Passenger,0,4,4,258,262,1.53
December 31 2018,Ramsey,MN,Passenger,1,0,1,38,39,2.56
January 31 2019,Manassas City,VA,Passenger,0,1,1,8,9,11.11
January 31 2019,,CA,Passenger,1,2,3,261,264,1.14
January 31 2019,Clallam,WA,Passenger,161,135,296,51356,51652,0.57
December 31 2018,Riverside,CA,Passenger,1,2,3,665,668,0.45
January 31 2019,Mason,WA,Truck,0,0,0,20904,20904,0.00
January 31 2019,Clark,NV,Passenger,2,1,3,688,691,0.43
February 28 2019,Caddo,LA,Passenger,1,1,2,22,24,8.33
December 31 2018,Albemarle,VA,Passenger,1,0,1,29,30,3.33
January 31 2019,Columbia,WA,Truck,0,0,0,1602,1602,0.00
December 31 2018,Saint Clair,IL,Passenger,0,1,1,164,165,0.61
January 31 2019,Arlington,VA,Passenger,1,2,3,154,157,1.91
December 31 2018,Saint Lucie,FL,Passenger,1,0,1,26,27,3.70
December 31 2018,San Francisco,CA,Passenger,2,1,3,106,109,2.75
December 31 2018,Asotin,WA,Truck,0,0,0,6859,6859,0.00
January 31 2019,Benton,WA,Truck,0,0,0,42912,42912,0.00
December 31 2018,Sangamon,IL,Passenger,1,0,1,9,10,10.00
January 31 2019,Dakota,MN,Passenger,0,1,1,29,30,3.33
February 28 2019,Cascade,MT,Passenger,0,1,1,56,57,1.75
January 31 2019,Dale,AL,Passenger,0,1,1,65,66,1.52
December 31 2018,Santa Cruz,CA,Passenger,1,0,1,39,40,2.50
January 31 2019,Dekalb,IN,Passenger,1,0,1,1,2,50.00
January 31 2019,Okanogan,WA,Passenger,3,7,10,6276,6286,0.16
February 28 2019,Charles,MD,Passenger,0,1,1,76,77,1.30
December 31 2018,Skamania,WA,Truck,0,0,0,4193,4193,0.00
January 31 2019,Oldham,KY,Passenger,0,1,1,4,5,20.00
December 31 2018,Broward,FL,Passenger,1,1,2,125,127,1.57
February 28 2019,Chaves,NM,Passenger,1,0,1,7,8,12.50
December 31 2018,Spokane,WA,Passenger,477,402,879,314389,315268,0.28
January 31 2019,Orange,CA,Passenger,4,2,6,560,566,1.06
December 31 2018,Skagit,WA,Truck,1,0,1,33299,33300,0.00
December 31 2018,Spokane,WA,Truck,1,0,1,97134,97135,0.00
December 31 2018,Caddo,LA,Passenger,1,1,2,21,23,8.70
December 31 2018,Carson City,NV,Passenger,1,0,1,11,12,8.33
January 31 2019,Carson City,NV,Passenger,1,0,1,10,11,9.09
February 28 2019,Clallam,WA,Truck,0,0,0,22172,22172,0.00
January 31 2019,Pierce,WA,Passenger,1802,1523,3325,550602,553927,0.60
February 28 2019,Clark,WA,Passenger,1446,907,2353,317868,320221,0.73
December 31 2018,Twin Falls,ID,Passenger,0,1,1,21,22,4.55
December 31 2018,Yakima,WA,Passenger,92,108,200,169403,169603,0.12
December 31 2018,Tarrant,TX,Passenger,1,0,1,188,189,0.53
January 31 2019,Charles,MD,Passenger,0,1,1,77,78,1.28
December 31 2018,Thurston,WA,Passenger,828,608,1436,198929,200365,0.72
January 31 2019,Allegheny,PA,Passenger,1,0,1,76,77,1.30
December 31 2018,Volusia,FL,Passenger,0,1,1,32,33,3.03
January 31 2019,Clallam,WA,Truck,0,0,0,22232,22232,0.00
December 31 2018,Umatilla,WA,Truck,0,0,0,2,2,0.00
December 31 2018,Cook,IL,Passenger,1,0,1,237,238,0.42
December 31 2018,Ventura,CA,Passenger,0,2,2,325,327,0.61
December 31 2018,Cumberland,NC,Passenger,0,1,1,548,549,0.18
December 31 2018,Walla Walla,WA,Truck,0,0,0,14004,14004,0.00
January 31 2019,Howard,MD,Passenger,0,1,1,98,99,1.01
December 31 2018,Washoe,NV,Passenger,2,0,2,96,98,2.04
January 31 2019,Riley,KS,Passenger,1,0,1,76,77,1.30
January 31 2019,Cumberland,NC,Passenger,0,2,2,545,547,0.37
February 28 2019,Douglas,WA,Truck,0,0,0,12522,12522,0.00
January 31 2019,Jefferson,CO,Passenger,0,2,2,66,68,2.94
December 31 2018,Whatcom,WA,Truck,2,0,2,43855,43857,0.00
January 31 2019,Calvert,MD,Passenger,0,1,1,95,96,1.04
February 28 2019,Franklin,WA,Truck,0,0,0,19799,19799,0.00
January 31 2019,,,Passenger,9,6,15,2178,2193,0.68
January 31 2019,Santa Rosa,FL,Passenger,1,0,1,85,86,1.16
January 31 2019,Adams,WA,Truck,0,0,0,5387,5387,0.00
February 28 2019,Fresno,CA,Passenger,1,0,1,183,184,0.54
February 28 2019,Gallatin,MT,Passenger,0,1,1,54,55,1.82
January 31 2019,Alexandria City,VA,Passenger,4,0,4,162,166,2.41
January 31 2019,Anne Arundel,MD,Passenger,0,3,3,457,460,0.65
January 31 2019,Chelan,WA,Passenger,141,65,206,55502,55708,0.37
January 31 2019,Asotin,WA,Passenger,13,10,23,13021,13044,0.18
January 31 2019,Asotin,WA,Truck,0,0,0,6872,6872,0.00
December 31 2018,Garfield,WA,Passenger,1,1,2,1358,1360,0.15
January 31 2019,Glacier,MT,Passenger,0,1,1,3,4,25.00
January 31 2019,Clark,WA,Truck,0,0,0,82327,82327,0.00
January 31 2019,Clay,FL,Passenger,0,1,1,85,86,1.16
December 31 2018,Glacier,MT,Passenger,0,1,1,3,4,25.00
January 31 2019,Grays Harbor,WA,Passenger,78,81,159,48405,48564,0.33
January 31 2019,Thurston,WA,Truck,0,0,0,56382,56382,0.00
December 31 2018,Guilford,NC,Passenger,1,0,1,24,25,4.00
January 31 2019,Marion,OR,Passenger,1,0,1,108,109,0.92
January 31 2019,Cowlitz,WA,Passenger,91,111,202,73923,74125,0.27
February 28 2019,Jefferson,NY,Passenger,0,2,2,241,243,0.82
January 31 2019,Broward,FL,Passenger,1,1,2,125,127,1.57
January 31 2019,Hardin,KY,Passenger,0,1,1,105,106,0.94
February 28 2019,Klickitat,WA,Passenger,34,33,67,15826,15893,0.42
January 31 2019,Caddo,LA,Passenger,1,1,2,21,23,8.70
January 31 2019,Dekalb,GA,Passenger,1,0,1,74,75,1.33
January 31 2019,Douglas,WA,Passenger,52,34,86,28609,28695,0.30
January 31 2019,Multnomah,OR,Passenger,3,5,8,751,759,1.05
January 31 2019,Douglas,WA,Truck,0,0,0,12530,12530,0.00
January 31 2019,Dupage,IL,Passenger,1,0,1,55,56,1.79
January 31 2019,Nassau,NY,Passenger,2,0,2,31,33,6.06
January 31 2019,Jefferson,NY,Passenger,0,1,1,248,249,0.40
January 31 2019,Columbia,GA,Passenger,1,1,2,156,158,1.27
January 31 2019,Contra Costa,CA,Passenger,1,0,1,208,209,0.48
January 31 2019,Fairfax,VA,Passenger,4,3,7,792,799,0.88
January 31 2019,Kittitas,WA,Truck,0,0,0,14761,14761,0.00
January 31 2019,Klickitat,WA,Truck,0,0,0,8506,8506,0.00
January 31 2019,Cook,IL,Passenger,1,0,1,233,234,0.43
February 28 2019,Beaufort,SC,Passenger,1,0,1,31,32,3.12
January 31 2019,Larimer,CO,Passenger,0,1,1,50,51,1.96
January 31 2019,Pierce,WA,Truck,0,0,0,143573,143573,0.00
December 31 2018,Mason,WA,Passenger,129,112,241,47509,47750,0.50
February 28 2019,Moore,NC,Passenger,0,1,1,185,186,0.54
January 31 2019,Grant,WA,Passenger,36,58,94,66157,66251,0.14
January 31 2019,Gwinnett,GA,Passenger,0,1,1,76,77,1.30
January 31 2019,El Paso,CO,Passenger,1,1,2,747,749,0.27
January 31 2019,Riverside,CA,Passenger,1,2,3,656,659,0.46
December 31 2018,Miami-Dade,FL,Passenger,0,1,1,117,118,0.85
January 31 2019,Hennepin,MN,Passenger,2,0,2,100,102,1.96
February 28 2019,Bucks,PA,Passenger,1,0,1,18,19,5.26
February 28 2019,Pacific,WA,Truck,0,0,0,7847,7847,0.00
December 31 2018,Montgomery,AL,Passenger,0,1,1,45,46,2.17
January 31 2019,Ferry,WA,Passenger,3,2,5,4581,4586,0.11
February 28 2019,Pima,AZ,Passenger,0,1,1,384,385,0.26
January 31 2019,Ferry,WA,Truck,0,0,0,3775,3775,0.00
January 31 2019,Frederick,MD,Passenger,0,1,1,87,88,1.14
December 31 2018,Moore,NC,Passenger,0,1,1,194,195,0.51
January 31 2019,Saint Lucie,FL,Passenger,1,0,1,26,27,3.70
February 28 2019,Polk,FL,Passenger,1,0,1,64,65,1.54
January 31 2019,Island,WA,Passenger,302,241,543,64415,64958,0.84
January 31 2019,Island,WA,Truck,0,0,0,21795,21795,0.00
January 31 2019,Franklin,WA,Truck,0,0,0,19803,19803,0.00
January 31 2019,San Juan,WA,Truck,0,0,0,5995,5995,0.00
January 31 2019,Garfield,OK,Passenger,1,0,1,14,15,6.67
January 31 2019,Fresno,CA,Passenger,1,0,1,184,185,0.54
January 31 2019,Jackson,OK,Passenger,1,0,1,42,43,2.33
February 28 2019,Camden,GA,Passenger,0,1,1,160,161,0.62
January 31 2019,Gallatin,MT,Passenger,0,1,1,55,56,1.79
January 31 2019,Santa Clara,CA,Passenger,8,1,9,358,367,2.45
February 28 2019,Russell,AL,Passenger,1,0,1,40,41,2.44
January 31 2019,Jefferson,WA,Truck,0,0,0,9863,9863,0.00
January 31 2019,Guilford,NC,Passenger,1,0,1,24,25,4.00
January 31 2019,Oklahoma,OK,Passenger,0,1,1,117,118,0.85
January 31 2019,Juneau,AK,Passenger,0,1,1,37,38,2.63
January 31 2019,Harris,TX,Passenger,0,1,1,238,239,0.42
January 31 2019,Ozaukee,WI,Passenger,0,1,1,3,4,25.00
December 31 2018,Pend Oreille,WA,Passenger,6,5,11,9886,9897,0.11
February 28 2019,San Juan,WA,Passenger,197,72,269,14625,14894,1.81
February 28 2019,San Mateo,CA,Passenger,2,1,3,126,129,2.33
January 31 2019,Kent,DE,Passenger,0,1,1,74,75,1.33
January 31 2019,Pend Oreille,WA,Passenger,6,5,11,9888,9899,0.11
January 31 2019,Honolulu,HI,Passenger,2,1,3,497,500,0.60
January 31 2019,Kitsap,WA,Truck,1,0,1,55140,55141,0.00
February 28 2019,Columbia,GA,Passenger,1,1,2,156,158,1.27
February 28 2019,Skamania,WA,Passenger,22,15,37,8988,9025,0.41
February 28 2019,Columbia,WA,Passenger,2,2,4,2489,2493,0.16
January 31 2019,Volusia,FL,Passenger,0,1,1,32,33,3.03
January 31 2019,Kootenai,ID,Passenger,1,1,2,196,198,1.01
February 28 2019,Dekalb,IN,Passenger,1,0,1,1,2,50.00
January 31 2019,Williamson,TX,Passenger,1,0,1,128,129,0.78
December 31 2018,Santa Fe,NM,Passenger,0,1,1,37,38,2.63
February 28 2019,District Of Columbia,DC,Passenger,1,2,3,208,211,1.42
February 28 2019,Thurston,WA,Truck,0,0,0,56377,56377,0.00
February 28 2019,Adams,WA,Truck,0,0,0,5358,5358,0.00
January 31 2019,Lincoln,WA,Truck,0,0,0,4811,4811,0.00
February 28 2019,Douglas,NE,Passenger,0,1,1,65,66,1.52
February 28 2019,Allegheny,PA,Passenger,1,0,1,76,77,1.30
January 31 2019,Los Angeles,CA,Passenger,9,4,13,1079,1092,1.19
February 28 2019,Valencia,NM,Passenger,1,0,1,7,8,12.50
February 28 2019,Arlington,VA,Passenger,1,2,3,154,157,1.91
February 28 2019,Ferry,WA,Passenger,3,2,5,4575,4580,0.11
February 28 2019,Wahkiakum,WA,Passenger,2,2,4,3072,3076,0.13
December 31 2018,Stevens,WA,Passenger,18,30,48,32706,32754,0.15
January 31 2019,Liberty,GA,Passenger,1,0,1,150,151,0.66
January 31 2019,Sumter,FL,Passenger,0,1,1,9,10,10.00
December 31 2018,Tuolumne,CA,Passenger,0,1,1,12,13,7.69
February 28 2019,Whatcom,WA,Passenger,841,399,1240,152257,153497,0.81
January 31 2019,Madison,ID,Passenger,1,0,1,35,36,2.78
February 28 2019,Whitman,WA,Truck,0,0,0,8768,8768,0.00
February 28 2019,Grays Harbor,WA,Truck,0,0,0,20922,20922,0.00
January 31 2019,Maricopa,AZ,Passenger,5,2,7,1385,1392,0.50
January 31 2019,Montgomery,MD,Passenger,1,3,4,281,285,1.40
February 28 2019,Guadalupe,TX,Passenger,2,0,2,65,67,2.99
January 31 2019,Marion,IN,Passenger,1,0,1,120,121,0.83
February 28 2019,Yakima,WA,Passenger,96,110,206,169137,169343,0.12
January 31 2019,Travis,TX,Passenger,1,1,2,186,188,1.06
January 31 2019,Mason,WA,Passenger,131,117,248,47695,47943,0.52
January 31 2019,Ventura,CA,Passenger,0,2,2,323,325,0.62
January 31 2019,Wahkiakum,WA,Passenger,2,2,4,3058,3062,0.13
January 31 2019,Miami-Dade,FL,Passenger,0,1,1,117,118,0.85
January 31 2019,Pacific,WA,Truck,0,0,0,7827,7827,0.00
December 31 2018,Yakima,WA,Truck,0,0,0,61316,61316,0.00
January 31 2019,Palm Beach,FL,Passenger,0,1,1,79,80,1.25
March 31 2019,Arlington,VA,Passenger,1,2,3,154,157,1.91
January 31 2019,Monroe,IL,Passenger,1,0,1,3,4,25.00
January 31 2019,Pima,AZ,Passenger,0,1,1,386,387,0.26
March 31 2019,Benton,WA,Truck,0,0,0,42839,42839,0.00
January 31 2019,Moore,NC,Passenger,0,1,1,189,190,0.53
January 31 2019,Polk,FL,Passenger,1,0,1,65,66,1.52
February 28 2019,Cochise,AZ,Passenger,0,1,1,123,124,0.81
January 31 2019,New Castle,DE,Passenger,1,0,1,23,24,4.17
January 31 2019,Yakima,WA,Truck,0,0,0,61390,61390,0.00
January 31 2019,Nueces,TX,Passenger,1,1,2,93,95,2.11
March 31 2019,Brevard,FL,Passenger,0,1,1,77,78,1.28
February 28 2019,,,Passenger,8,6,14,2167,2181,0.64
January 31 2019,Montgomery,AL,Passenger,0,1,1,44,45,2.22
January 31 2019,Beaufort,SC,Passenger,1,0,1,31,32,3.12
February 28 2019,Dekalb,GA,Passenger,1,0,1,74,75,1.33
February 28 2019,Adams,WA,Passenger,4,6,10,13073,13083,0.08
March 31 2019,Charles,MD,Passenger,0,1,1,77,78,1.28
February 28 2019,Anne Arundel,MD,Passenger,0,3,3,451,454,0.66
February 28 2019,Kittitas,WA,Passenger,77,37,114,30189,30303,0.38
February 28 2019,Asotin,WA,Passenger,13,10,23,12980,13003,0.18
February 28 2019,Klamath,OR,Passenger,1,0,1,27,28,3.57
February 28 2019,El Paso,CO,Passenger,1,2,3,743,746,0.40
January 31 2019,Norfolk City,VA,Passenger,3,2,5,360,365,1.37
January 31 2019,San Francisco,CA,Passenger,2,1,3,104,107,2.80
March 31 2019,Clallam,WA,Truck,0,0,0,22196,22196,0.00
January 31 2019,Santa Cruz,CA,Passenger,1,0,1,39,40,2.50
January 31 2019,Okanogan,WA,Truck,0,0,0,4256,4256,0.00
March 31 2019,Cochise,AZ,Passenger,0,1,1,119,120,0.83
January 31 2019,Camden,GA,Passenger,0,1,1,161,162,0.62
January 31 2019,Skamania,WA,Passenger,20,15,35,9006,9041,0.39
February 28 2019,Frederick,MD,Passenger,1,1,2,87,89,2.25
February 28 2019,Maricopa,AZ,Passenger,6,2,8,1377,1385,0.58
January 31 2019,Spokane,WA,Passenger,510,411,921,314933,315854,0.29
February 28 2019,Marion,IN,Passenger,1,0,1,116,117,0.85
January 31 2019,Pinal,AZ,Passenger,2,0,2,173,175,1.14
January 31 2019,San Juan,WA,Passenger,193,71,264,14602,14866,1.78
February 28 2019,Calvert,MD,Passenger,0,1,1,94,95,1.05
January 31 2019,San Mateo,CA,Passenger,2,1,3,128,131,2.29
March 31 2019,Deschutes,OR,Passenger,2,0,2,143,145,1.38
February 28 2019,Maui,HI,Passenger,1,0,1,49,50,2.00
January 31 2019,Santa Fe,NM,Passenger,0,1,1,37,38,2.63
January 31 2019,Clark,WA,Passenger,1426,907,2333,318038,320371,0.73
February 28 2019,Hidalgo,TX,Passenger,0,1,1,89,90,1.11
January 31 2019,Walla Walla,WA,Passenger,43,55,98,36875,36973,0.27
January 31 2019,Columbia,WA,Passenger,2,2,4,2486,2490,0.16
January 31 2019,Walla Walla,WA,Truck,0,0,0,14016,14016,0.00
February 28 2019,Jackson,OK,Passenger,1,0,1,41,42,2.38
February 28 2019,New Castle,DE,Passenger,1,0,1,23,24,4.17
February 28 2019,Jefferson,WA,Passenger,191,122,313,25319,25632,1.22
February 28 2019,Contra Costa,CA,Passenger,1,0,1,203,204,0.49
March 31 2019,Glacier,MT,Passenger,0,1,1,4,5,20.00
January 31 2019,Saint Marys,MD,Passenger,1,0,1,202,203,0.49
February 28 2019,Norfolk City,VA,Passenger,3,2,5,364,369,1.36
January 31 2019,San Diego,CA,Passenger,7,4,11,2633,2644,0.42
January 31 2019,Douglas,NE,Passenger,0,1,1,66,67,1.49
February 28 2019,Kent,DE,Passenger,0,1,1,73,74,1.35
January 31 2019,Whatcom,WA,Passenger,834,393,1227,152280,153507,0.80
January 31 2019,Douglas,OR,Passenger,1,0,1,49,50,2.00
March 31 2019,Hidalgo,TX,Passenger,0,1,1,90,91,1.10
February 28 2019,Kittitas,WA,Truck,0,0,0,14780,14780,0.00
January 31 2019,Whitman,WA,Passenger,25,42,67,23350,23417,0.29
February 28 2019,Douglas,WA,Passenger,53,34,87,28557,28644,0.30
January 31 2019,Valencia,NM,Passenger,1,0,1,7,8,12.50
February 28 2019,Kootenai,ID,Passenger,1,1,2,191,193,1.04
January 31 2019,Shelby,TN,Passenger,0,1,1,102,103,0.97
February 28 2019,Dupage,IL,Passenger,1,0,1,55,56,1.79
February 28 2019,Pacific,WA,Passenger,34,28,62,16142,16204,0.38
March 31 2019,Jefferson,NY,Passenger,0,2,2,242,244,0.82
February 28 2019,Pend Oreille,WA,Truck,0,0,0,6003,6003,0.00
February 28 2019,Fairfax,VA,Passenger,4,3,7,789,796,0.88
February 28 2019,,CA,Passenger,1,2,3,255,258,1.16
January 31 2019,Spartanburg,SC,Passenger,0,1,1,26,27,3.70
February 28 2019,Liberty,GA,Passenger,1,0,1,144,145,0.69
January 31 2019,Yakima,WA,Passenger,94,109,203,169566,169769,0.12
February 28 2019,Franklin,WA,Passenger,57,71,128,60609,60737,0.21
January 31 2019,Guadalupe,TX,Passenger,2,0,2,65,67,2.99
February 28 2019,Benton,WA,Passenger,248,254,502,135618,136120,0.37
January 31 2019,Tulsa,OK,Passenger,0,1,1,45,46,2.17
February 28 2019,Los Angeles,CA,Passenger,7,4,11,1070,1081,1.02
February 28 2019,Ada,ID,Passenger,0,2,2,287,289,0.69
February 28 2019,Guilford,NC,Passenger,1,0,1,26,27,3.70
February 28 2019,San Diego,CA,Passenger,6,4,10,2671,2681,0.37
February 28 2019,Alameda,CA,Passenger,1,2,3,309,312,0.96
March 31 2019,Liberty,GA,Passenger,1,0,1,142,143,0.70
February 28 2019,Gwinnett,GA,Passenger,0,1,1,76,77,1.30
February 28 2019,San Juan,WA,Truck,0,0,0,5993,5993,0.00
March 31 2019,Lincoln,WA,Passenger,5,7,12,7983,7995,0.15
February 28 2019,Carson City,NV,Passenger,1,0,1,9,10,10.00
February 28 2019,Shelby,TN,Passenger,0,1,1,102,103,0.97
February 28 2019,Harris,TX,Passenger,0,1,1,237,238,0.42
February 28 2019,Mason,WA,Passenger,133,121,254,47705,47959,0.53
January 31 2019,Jefferson,WA,Passenger,188,121,309,25305,25614,1.21
February 28 2019,Mecklenburg,NC,Passenger,1,0,1,78,79,1.27
February 28 2019,Skagit,WA,Passenger,311,202,513,93142,93655,0.55
February 28 2019,Clallam,WA,Passenger,163,134,297,51302,51599,0.58
March 31 2019,Manassas City,VA,Passenger,0,1,1,8,9,11.11
February 28 2019,Honolulu,HI,Passenger,2,1,3,486,489,0.61
February 28 2019,Bexar,TX,Passenger,3,4,7,668,675,1.04
February 28 2019,Howard,MD,Passenger,0,1,1,97,98,1.02
March 31 2019,Mason,WA,Truck,0,0,0,20961,20961,0.00
January 31 2019,King,WA,Passenger,17651,6961,24612,1401659,1426271,1.73
February 28 2019,Island,WA,Passenger,309,245,554,64348,64902,0.85
February 28 2019,Umatilla,WA,Passenger,0,0,0,2,2,0.00
January 31 2019,Kittitas,WA,Passenger,73,36,109,30197,30306,0.36
January 31 2019,Klamath,OR,Passenger,1,0,1,27,28,3.57
February 28 2019,Virginia Beach City,VA,Passenger,0,1,1,684,685,0.15
January 31 2019,Klickitat,WA,Passenger,33,33,66,15858,15924,0.41
February 28 2019,Cumberland,NC,Passenger,0,2,2,535,537,0.37
February 28 2019,Wahkiakum,WA,Truck,0,0,0,1773,1773,0.00
February 28 2019,Juneau,AK,Passenger,0,1,1,36,37,2.70
February 28 2019,Dakota,MN,Passenger,0,1,1,29,30,3.33
February 28 2019,Ozaukee,WI,Passenger,0,1,1,3,4,25.00
February 28 2019,Chelan,WA,Passenger,146,69,215,55459,55674,0.39
February 28 2019,Palm Beach,FL,Passenger,0,1,1,80,81,1.23
February 28 2019,Chelan,WA,Truck,0,0,0,22783,22783,0.00
February 28 2019,Washtenaw,MI,Passenger,1,0,1,29,30,3.33
February 28 2019,Kitsap,WA,Truck,1,0,1,55120,55121,0.00
February 28 2019,Clark,WA,Truck,0,0,0,82341,82341,0.00
February 28 2019,Pinal,AZ,Passenger,2,0,2,173,175,1.14
February 28 2019,Clay,FL,Passenger,0,1,1,83,84,1.19
March 31 2019,Okanogan,WA,Passenger,3,7,10,6225,6235,0.16
March 31 2019,Oldham,KY,Passenger,0,1,1,4,5,20.00
March 31 2019,Orange,CA,Passenger,4,1,5,546,551,0.91
February 28 2019,Duval,FL,Passenger,1,1,2,374,376,0.53
February 28 2019,Lewis,WA,Truck,0,0,0,26588,26588,0.00
January 31 2019,Mecklenburg,NC,Passenger,1,0,1,78,79,1.27
March 31 2019,Adams,WA,Passenger,4,6,10,13038,13048,0.08
March 31 2019,Ozaukee,WI,Passenger,0,1,1,3,4,25.00
February 28 2019,Clark,NV,Passenger,2,1,3,678,681,0.44
February 28 2019,Lincoln,WA,Truck,0,0,0,4811,4811,0.00
March 31 2019,Pend Oreille,WA,Passenger,6,5,11,9836,9847,0.11
February 28 2019,Cowlitz,WA,Passenger,94,115,209,73837,74046,0.28
February 28 2019,Cowlitz,WA,Truck,0,0,0,29576,29576,0.00
February 28 2019,Columbia,WA,Truck,0,0,0,1597,1597,0.00
February 28 2019,Ferry,WA,Truck,0,0,0,3778,3778,0.00
March 31 2019,Pierce,WA,Passenger,1857,1559,3416,550363,553779,0.62
February 28 2019,Flathead,MT,Passenger,1,0,1,51,52,1.92
February 28 2019,Denver,CO,Passenger,1,0,1,119,120,0.83
February 28 2019,Dale,AL,Passenger,0,1,1,66,67,1.49
January 31 2019,Okanogan,,Passenger,16,14,30,20620,20650,0.15
February 28 2019,Glacier,MT,Passenger,0,1,1,3,4,25.00
March 31 2019,Calvert,MD,Passenger,0,1,1,94,95,1.05
February 28 2019,Marion,OR,Passenger,1,0,1,105,106,0.94
January 31 2019,Pacific,WA,Passenger,34,27,61,16156,16217,0.38
February 28 2019,Deschutes,OR,Passenger,2,0,2,151,153,1.31
January 31 2019,Pend Oreille,WA,Truck,0,0,0,6005,6005,0.00
February 28 2019,Snohomish,WA,Truck,1,0,1,125907,125908,0.00
February 28 2019,El Paso,TX,Passenger,2,0,2,509,511,0.39
February 28 2019,Douglas,OR,Passenger,1,0,1,49,50,2.00
February 28 2019,Montgomery,PA,Passenger,2,0,2,25,27,7.41
March 31 2019,Clallam,WA,Passenger,165,136,301,51266,51567,0.58
March 31 2019,Riley,KS,Passenger,1,0,1,74,75,1.33
February 28 2019,Stevens,WA,Truck,0,0,0,19564,19564,0.00
February 28 2019,Nassau,NY,Passenger,2,0,2,32,34,5.88
February 28 2019,Sumter,FL,Passenger,0,1,1,9,10,10.00
January 31 2019,Prince William,VA,Passenger,0,4,4,260,264,1.52
March 31 2019,Columbia,WA,Truck,0,0,0,1598,1598,0.00
January 31 2019,Ramsey,MN,Passenger,1,0,1,37,38,2.63
March 31 2019,Contra Costa,CA,Passenger,1,0,1,209,210,0.48
February 28 2019,Fulton,GA,Passenger,1,2,3,99,102,2.94
February 28 2019,Okanogan,WA,Truck,0,0,0,4262,4262,0.00
February 28 2019,Travis,TX,Passenger,1,1,2,184,186,1.08
March 31 2019,Santa Rosa,FL,Passenger,1,0,1,84,85,1.18
January 31 2019,Russell,AL,Passenger,1,0,1,43,44,2.27
February 28 2019,Jefferson,CO,Passenger,0,2,2,65,67,2.99
February 28 2019,Grant,WA,Passenger,36,60,96,66115,66211,0.14
February 28 2019,Pierce,WA,Truck,0,0,0,143429,143429,0.00
March 31 2019,Dakota,MN,Passenger,0,1,1,30,31,3.23
March 31 2019,Skamania,WA,Passenger,23,15,38,8980,9018,0.42
February 28 2019,Grant,WA,Truck,0,0,0,27395,27395,0.00
February 28 2019,Washington,OR,Passenger,0,1,1,439,440,0.23
February 28 2019,Hennepin,MN,Passenger,2,0,2,100,102,1.96
February 28 2019,Grays Harbor,WA,Passenger,77,83,160,48412,48572,0.33
January 31 2019,Skagit,WA,Passenger,303,201,504,93244,93748,0.54
February 28 2019,Washoe,NV,Passenger,2,0,2,91,93,2.15
January 31 2019,Skagit,WA,Truck,1,0,1,33322,33323,0.00
March 31 2019,Douglas,WA,Passenger,54,34,88,28510,28598,0.31
January 31 2019,Skamania,WA,Truck,0,0,0,4192,4192,0.00
March 31 2019,Duval,FL,Passenger,1,1,2,373,375,0.53
January 31 2019,Snohomish,WA,Truck,1,0,1,126020,126021,0.00
March 31 2019,,CA,Passenger,1,2,3,253,256,1.17
March 31 2019,Allegheny,PA,Passenger,1,0,1,77,78,1.28
January 31 2019,Stevens,WA,Truck,0,0,0,19571,19571,0.00
February 28 2019,Hardin,KY,Passenger,0,1,1,105,106,0.94
March 31 2019,Flathead,MT,Passenger,1,0,1,52,53,1.89
February 28 2019,Saint Marys,MD,Passenger,1,0,1,200,201,0.50
February 28 2019,Jefferson,WA,Truck,0,0,0,9864,9864,0.00
January 31 2019,Tarrant,TX,Passenger,1,0,1,187,188,0.53
March 31 2019,Wahkiakum,WA,Passenger,2,2,4,3061,3065,0.13
March 31 2019,Franklin,WA,Passenger,59,71,130,60708,60838,0.21
February 28 2019,Santa Clara,CA,Passenger,8,1,9,355,364,2.47
February 28 2019,Island,WA,Truck,0,0,0,21761,21761,0.00
January 31 2019,Twin Falls,ID,Passenger,0,1,1,17,18,5.56
January 31 2019,Umatilla,WA,Passenger,0,0,0,2,2,0.00
February 28 2019,Shasta,CA,Passenger,1,0,1,47,48,2.08
January 31 2019,Umatilla,WA,Truck,0,0,0,2,2,0.00
February 28 2019,Monroe,IL,Passenger,1,0,1,3,4,25.00
January 31 2019,Virginia Beach City,VA,Passenger,0,1,1,685,686,0.15
January 31 2019,Wahkiakum,WA,Truck,0,0,0,1762,1762,0.00
February 28 2019,Kent,MI,Passenger,0,1,1,20,21,4.76
February 28 2019,Kern,CA,Passenger,1,1,2,241,243,0.82
March 31 2019,Howard,MD,Passenger,0,1,1,93,94,1.06
January 31 2019,Washington,OR,Passenger,0,1,1,444,445,0.22
March 31 2019,Bryan,GA,Passenger,1,0,1,57,58,1.72
February 28 2019,King,WA,Passenger,18014,7044,25058,1400630,1425688,1.76
February 28 2019,King,WA,Truck,7,1,8,187144,187152,0.00
January 31 2019,Washoe,NV,Passenger,2,0,2,93,95,2.11
February 28 2019,Klickitat,WA,Truck,0,0,0,8494,8494,0.00
February 28 2019,Tulsa,OK,Passenger,0,1,1,45,46,2.17
March 31 2019,Jefferson,CO,Passenger,0,2,2,63,65,3.08
January 31 2019,Washtenaw,MI,Passenger,1,0,1,30,31,3.23
February 28 2019,Nueces,TX,Passenger,1,1,2,92,94,2.13
March 31 2019,Carson City,NV,Passenger,1,0,1,9,10,10.00
February 28 2019,Larimer,CO,Passenger,0,1,1,49,50,2.00
February 28 2019,Walla Walla,WA,Passenger,44,55,99,36814,36913,0.27
January 31 2019,Whatcom,WA,Truck,2,0,2,43940,43942,0.00
January 31 2019,Whitman,WA,Truck,0,0,0,8781,8781,0.00
March 31 2019,King,WA,Truck,7,1,8,186854,186862,0.00
February 28 2019,Manassas City,VA,Passenger,0,1,1,8,9,11.11
February 28 2019,Lewis,WA,Passenger,103,90,193,59614,59807,0.32
March 31 2019,Chelan,WA,Truck,0,0,0,22811,22811,0.00
February 28 2019,Whitman,WA,Passenger,26,43,69,23261,23330,0.30
March 31 2019,Kitsap,WA,Truck,1,0,1,55122,55123,0.00
March 31 2019,Clackamas,OR,Passenger,0,1,1,190,191,0.52
February 28 2019,Williamson,TX,Passenger,1,0,1,130,131,0.76
February 28 2019,Albemarle,VA,Passenger,1,0,1,28,29,3.45
February 28 2019,Alexandria City,VA,Passenger,4,0,4,158,162,2.47
February 28 2019,Pend Oreille,WA,Passenger,6,5,11,9846,9857,0.11
February 28 2019,Asotin,WA,Truck,0,0,0,6867,6867,0.00
February 28 2019,Montgomery,MD,Passenger,1,3,4,281,285,1.40
March 31 2019,Ada,ID,Passenger,0,2,2,286,288,0.69
March 31 2019,Lewis,WA,Truck,0,0,0,26602,26602,0.00
March 31 2019,Alameda,CA,Passenger,3,2,5,309,314,1.59
February 28 2019,Multnomah,OR,Passenger,4,5,9,744,753,1.20
March 31 2019,Albemarle,VA,Passenger,1,0,1,27,28,3.57
April 30 2019,Clark,WA,Truck,0,0,0,82458,82458,0.00
February 28 2019,Brevard,FL,Passenger,0,1,1,80,81,1.23
February 28 2019,Okanogan,,Passenger,17,14,31,20578,20609,0.15
March 31 2019,Cumberland,NC,Passenger,0,2,2,529,531,0.38
February 28 2019,Broward,FL,Passenger,1,1,2,122,124,1.61
February 28 2019,Okanogan,WA,Passenger,3,7,10,6240,6250,0.16
February 28 2019,Oldham,KY,Passenger,0,1,1,4,5,20.00
February 28 2019,Montgomery,TX,Passenger,1,0,1,50,51,1.96
April 30 2019,Cowlitz,WA,Passenger,101,117,218,74139,74357,0.29
February 28 2019,Bryan,GA,Passenger,1,0,1,58,59,1.69
March 31 2019,Marion,OR,Passenger,1,0,1,106,107,0.93
March 31 2019,Bexar,TX,Passenger,3,4,7,655,662,1.06
February 28 2019,Santa Barbara,CA,Passenger,1,0,1,97,98,1.02
February 28 2019,Santa Fe,NM,Passenger,0,1,1,37,38,2.63
March 31 2019,Denver,CO,Passenger,1,0,1,121,122,0.82
February 28 2019,Oklahoma,OK,Passenger,0,1,1,117,118,0.85
March 31 2019,Bucks,PA,Passenger,1,0,1,18,19,5.26
February 28 2019,Pierce,WA,Passenger,1832,1531,3363,549889,553252,0.61
April 30 2019,Fairfax,VA,Passenger,4,3,7,772,779,0.90
March 31 2019,Montgomery,PA,Passenger,2,0,2,25,27,7.41
April 30 2019,Ferry,WA,Passenger,4,2,6,4565,4571,0.13
February 28 2019,Spartanburg,SC,Passenger,0,1,1,26,27,3.70
February 28 2019,Clackamas,OR,Passenger,0,1,1,197,198,0.51
March 31 2019,Montgomery,TX,Passenger,1,0,1,50,51,1.96
March 31 2019,Multnomah,OR,Passenger,4,5,9,729,738,1.22
February 28 2019,Ramsey,MN,Passenger,1,0,1,37,38,2.63
February 28 2019,Cook,IL,Passenger,1,0,1,228,229,0.44
March 31 2019,Fresno,CA,Passenger,1,0,1,184,185,0.54
March 31 2019,Nassau,NY,Passenger,2,0,2,34,36,5.56
April 30 2019,Grant,WA,Passenger,38,64,102,66175,66277,0.15
February 28 2019,Prince William,VA,Passenger,0,4,4,259,263,1.52
February 28 2019,Riverside,CA,Passenger,1,2,3,643,646,0.46
March 31 2019,Garfield,WA,Truck,0,0,0,983,983,0.00
April 30 2019,Grays Harbor,WA,Passenger,82,88,170,48605,48775,0.35
October 31 2021,Harris,TX,Passenger,1,0,1,136,137,0.73
October 31 2021,Pima,AZ,Passenger,0,1,1,193,194,0.52
October 31 2021,Leavenworth,KS,Passenger,0,1,1,97,98,1.02
December 31 2021,Allegheny,PA,Passenger,1,1,2,39,41,4.88
October 31 2021,Pinellas,FL,Passenger,0,1,1,61,62,1.61
October 31 2021,Douglas,NE,Passenger,1,1,2,36,38,5.26
October 31 2021,Lewis,WA,Passenger,204,165,369,59752,60121,0.61
October 31 2021,Honolulu,HI,Passenger,4,1,5,284,289,1.73
November 30 2021,Franklin,WA,Truck,8,0,8,20836,20844,0.04
October 31 2021,Maricopa,AZ,Passenger,3,0,3,740,743,0.40
October 31 2021,Polk,FL,Passenger,1,0,1,43,44,2.27
October 31 2021,Lincoln,WA,Passenger,9,16,25,7746,7771,0.32
October 31 2021,Travis,TX,Passenger,1,1,2,99,101,1.98
October 31 2021,Douglas,OR,Passenger,1,0,1,23,24,4.17
October 31 2021,Powhatan,VA,Passenger,1,0,1,1,2,50.00
December 31 2021,Asotin,WA,Truck,2,0,2,6750,6752,0.03
November 30 2021,Garfield,WA,Passenger,0,3,3,1347,1350,0.22
October 31 2021,Wahkiakum,WA,Passenger,16,9,25,3084,3109,0.80
December 31 2021,Baltimore,MD,Passenger,1,0,1,35,36,2.78
October 31 2021,Milwaukee,WI,Passenger,1,0,1,31,32,3.12
October 31 2021,Manassas City,VA,Passenger,0,1,1,4,5,20.00
November 30 2021,Hamilton,IN,Passenger,2,0,2,21,23,8.70
October 31 2021,Wake,NC,Passenger,1,0,1,91,92,1.09
December 31 2021,Boone,MO,Passenger,0,1,1,7,8,12.50
October 31 2021,Mecklenburg,NC,Passenger,1,0,1,65,66,1.52
October 31 2021,Guadalupe,TX,Passenger,1,0,1,28,29,3.45
October 31 2021,Missoula,MT,Passenger,1,0,1,35,36,2.78
October 31 2021,Hamilton,IN,Passenger,2,0,2,21,23,8.70
October 31 2021,Kings,NY,Passenger,1,0,1,50,51,1.96
December 31 2021,Caddo,LA,Passenger,1,0,1,7,8,12.50
November 30 2021,Island,WA,Truck,11,0,11,21563,21574,0.05
October 31 2021,Moore,NC,Passenger,0,1,1,116,117,0.85
October 31 2021,San Bernardino,CA,Passenger,0,1,1,330,331,0.30
October 31 2021,San Francisco,CA,Passenger,0,1,1,63,64,1.56
October 31 2021,Whatcom,WA,Passenger,1636,665,2301,151007,153308,1.50
October 31 2021,Nueces,TX,Passenger,1,0,1,59,60,1.67
December 31 2021,Chaves,NM,Passenger,1,0,1,5,6,16.67
October 31 2021,Santa Cruz,CA,Passenger,1,0,1,22,23,4.35
October 31 2021,Yakima,WA,Truck,5,0,5,62106,62111,0.01
October 31 2021,Okanogan,WA,Passenger,13,6,19,5873,5892,0.32
November 30 2021,Klickitat,WA,Passenger,91,51,142,15367,15509,0.92
October 31 2021,Mason,WA,Passenger,265,162,427,47989,48416,0.88
October 31 2021,Mason,WA,Truck,7,0,7,21322,21329,0.03
December 31 2021,Davidson,TN,Passenger,1,0,1,31,32,3.12
October 31 2021,Spokane,WA,Passenger,1256,759,2015,327668,329683,0.61
October 31 2021,King,WA,Passenger,34162,10045,44207,1366663,1410870,3.13
December 31 2021,Dekalb,GA,Passenger,1,0,1,39,40,2.50
October 31 2021,Placer,CA,Passenger,1,0,1,57,58,1.72
October 31 2021,Klickitat,WA,Passenger,90,50,140,15436,15576,0.90
December 31 2021,Denton,TX,Passenger,1,0,1,45,46,2.17
October 31 2021,Riley,KS,Passenger,1,0,1,43,44,2.27
November 30 2021,Carson City,NV,Passenger,1,0,1,7,8,12.50
October 31 2021,Ventura,CA,Passenger,1,1,2,231,233,0.86
October 31 2021,Queens,NY,Passenger,1,0,1,41,42,2.38
October 31 2021,Vigo,IN,Passenger,1,0,1,4,5,20.00
October 31 2021,Norfolk City,VA,Passenger,1,1,2,304,306,0.65
October 31 2021,Walla Walla,WA,Truck,3,0,3,14137,14140,0.02
October 31 2021,Saginaw,MI,Passenger,1,0,1,5,6,16.67
December 31 2021,Franklin,WA,Truck,8,0,8,20858,20866,0.04
October 31 2021,Salt Lake,UT,Passenger,0,1,1,130,131,0.76
November 30 2021,Montgomery,TX,Passenger,0,1,1,16,17,5.88
December 31 2021,Fresno,CA,Passenger,1,0,1,134,135,0.74
November 30 2021,Clark,WA,Truck,47,0,47,84083,84130,0.06
November 30 2021,Moore,NC,Passenger,0,1,1,114,115,0.87
October 31 2021,San Juan,WA,Passenger,469,144,613,14258,14871,4.12
October 31 2021,Whitman,WA,Passenger,65,60,125,21961,22086,0.57
October 31 2021,Orange,CA,Passenger,4,1,5,381,386,1.30
October 31 2021,Wichita,TX,Passenger,1,0,1,37,38,2.63
November 30 2021,Nueces,TX,Passenger,1,0,1,58,59,1.69
October 31 2021,Sarasota,FL,Passenger,1,0,1,23,24,4.17
October 31 2021,Shelby,OH,Passenger,0,1,1,1,2,50.00
November 30 2021,Cowlitz,WA,Passenger,275,167,442,71955,72397,0.61
October 31 2021,Montgomery,OH,Passenger,0,1,1,58,59,1.69
November 30 2021,,CA,Passenger,1,4,5,198,203,2.46
October 31 2021,Montgomery,TX,Passenger,0,1,1,17,18,5.56
November 30 2021,Cumberland,NC,Passenger,0,2,2,362,364,0.55
October 31 2021,Stevens,WA,Truck,2,0,2,18995,18997,0.01
November 30 2021,Allegheny,PA,Passenger,1,1,2,42,44,4.55
November 30 2021,Pima,AZ,Passenger,0,1,1,187,188,0.53
December 31 2021,Jefferson,WA,Passenger,387,202,589,24722,25311,2.33
November 30 2021,Polk,FL,Passenger,1,0,1,44,45,2.22
October 31 2021,Okanogan,,Passenger,53,39,92,20846,20938,0.44
October 31 2021,Thurston,WA,Truck,36,0,36,56276,56312,0.06
October 31 2021,Suffolk City,VA,Passenger,1,0,1,103,104,0.96
October 31 2021,Oldham,KY,Passenger,0,1,1,4,5,20.00
December 31 2021,Kent,DE,Passenger,0,1,1,46,47,2.13
November 30 2021,Prince William,VA,Passenger,1,1,2,194,196,1.02
November 30 2021,Dupage,IL,Passenger,1,0,1,33,34,2.94
October 31 2021,Tipton,TN,Passenger,1,0,1,9,10,10.00
November 30 2021,Bell,TX,Passenger,0,1,1,282,283,0.35
October 31 2021,Saint Marys,MD,Truck,1,0,1,41,42,2.38
October 31 2021,Pacific,WA,Passenger,56,62,118,16159,16277,0.72
November 30 2021,Benton,WA,Truck,23,0,23,43738,43761,0.05
November 30 2021,Saginaw,MI,Passenger,1,0,1,5,6,16.67
October 31 2021,San Diego,CA,Passenger,14,11,25,2298,2323,1.08
November 30 2021,Saint Clair,IL,Passenger,2,0,2,111,113,1.77
October 31 2021,Philadelphia,PA,Passenger,1,0,1,38,39,2.56
November 30 2021,Boone,MO,Passenger,0,1,1,7,8,12.50
November 30 2021,Glacier,MT,Passenger,0,1,1,4,5,20.00
November 30 2021,Bradley,TN,Passenger,0,1,1,0,1,100.00
October 31 2021,Pierce,WA,Passenger,4196,2169,6365,559624,565989,1.12
October 31 2021,Whitman,WA,Truck,2,0,2,8587,8589,0.02
November 30 2021,Grant,WA,Passenger,134,103,237,67088,67325,0.35
December 31 2021,Los Angeles,CA,Passenger,4,4,8,666,674,1.19
November 30 2021,Calvert,MD,Passenger,0,2,2,81,83,2.41
October 31 2021,Wilson,NC,Passenger,1,0,1,0,1,100.00
November 30 2021,Spokane,WA,Truck,45,0,45,102809,102854,0.04
November 30 2021,Grays Harbor,WA,Passenger,204,160,364,49501,49865,0.73
October 31 2021,Prince William,VA,Passenger,1,1,2,197,199,1.01
October 31 2021,Yakima,WA,Passenger,287,174,461,169900,170361,0.27
December 31 2021,Marin,CA,Passenger,0,1,1,26,27,3.70
November 30 2021,Stevens,WA,Passenger,58,43,101,30378,30479,0.33
October 31 2021,Yamhill,OR,Passenger,1,0,1,26,27,3.70
October 31 2021,Spartanburg,SC,Passenger,0,1,1,29,30,3.33
November 30 2021,Alexandria City,VA,Passenger,5,0,5,117,122,4.10
November 30 2021,Charles,MD,Passenger,1,1,2,57,59,3.39
December 31 2021,Mecklenburg,NC,Passenger,1,0,1,59,60,1.67
October 31 2021,Stafford,VA,Passenger,2,0,2,85,87,2.30
October 31 2021,Saint Clair,IL,Passenger,2,0,2,114,116,1.72
November 30 2021,Anchorage,AK,Passenger,1,0,1,110,111,0.90
November 30 2021,,,Passenger,6,7,13,1389,1402,0.93
November 30 2021,Harnett,NC,Passenger,0,1,1,131,132,0.76
November 30 2021,Thurston,WA,Passenger,1914,981,2895,197415,200310,1.45
November 30 2021,Adams,WA,Passenger,16,16,32,13054,13086,0.24
November 30 2021,Bartow,GA,Passenger,0,1,1,2,3,33.33
November 30 2021,Clallam,WA,Truck,3,0,3,22167,22170,0.01
November 30 2021,Adams,WA,Truck,0,0,0,5450,5450,0.00
December 31 2021,Monterey,CA,Passenger,1,0,1,130,131,0.76
November 30 2021,Hennepin,MN,Passenger,1,0,1,47,48,2.08
October 31 2021,Skagit,WA,Truck,11,0,11,32943,32954,0.03
November 30 2021,Hillsborough,FL,Passenger,0,1,1,113,114,0.88
October 31 2021,Skamania,WA,Truck,0,0,0,4053,4053,0.00
December 31 2021,Moore,NC,Passenger,0,1,1,114,115,0.87
November 30 2021,Arlington,VA,Passenger,0,1,1,106,107,0.93
November 30 2021,Howard,IN,Passenger,0,1,1,6,7,14.29
November 30 2021,Boulder,CO,Passenger,1,1,2,20,22,9.09
November 30 2021,Walla Walla,WA,Truck,7,0,7,14116,14123,0.05
October 31 2021,Snohomish,WA,Truck,74,0,74,126307,126381,0.06
December 31 2021,Nueces,TX,Passenger,1,0,1,58,59,1.69
November 30 2021,Davidson,TN,Passenger,1,0,1,33,34,2.94
December 31 2021,Okanogan,,Passenger,56,39,95,20747,20842,0.46
October 31 2021,Williams,ND,Passenger,0,1,1,8,9,11.11
November 30 2021,Jefferson,WA,Truck,2,0,2,9655,9657,0.02
November 30 2021,Juneau,AK,Passenger,0,1,1,18,19,5.26
November 30 2021,Bernalillo,NM,Passenger,1,0,1,85,86,1.16
December 31 2021,Palm Beach,FL,Passenger,1,0,1,35,36,2.78
November 30 2021,Douglas,WA,Passenger,107,54,161,28618,28779,0.56
November 30 2021,Yakima,WA,Passenger,288,176,464,169325,169789,0.27
November 30 2021,Champaign,IL,Passenger,1,0,1,6,7,14.29
November 30 2021,Charles,MD,Truck,1,0,1,9,10,10.00
November 30 2021,Kings,NY,Passenger,1,0,1,47,48,2.08
November 30 2021,Erie,NY,Passenger,1,0,1,24,25,4.00
October 31 2021,Umatilla,WA,Passenger,0,0,0,2,2,0.00
November 30 2021,Alameda,CA,Passenger,2,0,2,180,182,1.10
November 30 2021,Chelan,WA,Truck,9,0,9,23069,23078,0.04
November 30 2021,Klickitat,WA,Truck,1,0,1,8347,8348,0.01
October 31 2021,Virginia Beach City,VA,Passenger,2,0,2,508,510,0.39
December 31 2021,,,Truck,2,0,2,246,248,0.81
November 30 2021,Clackamas,OR,Passenger,1,0,1,110,111,0.90
November 30 2021,Fairfax,VA,Passenger,3,5,8,603,611,1.31
November 30 2021,Anne Arundel,MD,Passenger,3,4,7,326,333,2.10
December 31 2021,Adams,WA,Truck,0,0,0,5426,5426,0.00
November 30 2021,Flathead,MT,Passenger,1,0,1,29,30,3.33
October 31 2021,Wahkiakum,WA,Truck,0,0,0,1837,1837,0.00
November 30 2021,Asotin,WA,Passenger,22,17,39,12732,12771,0.31
November 30 2021,Carroll,MD,Passenger,0,1,1,9,10,10.00
December 31 2021,Saint Louis City,MO,Passenger,1,0,1,18,19,5.26
November 30 2021,Columbia,WA,Passenger,6,2,8,2464,2472,0.32
December 31 2021,San Bernardino,CA,Passenger,1,2,3,319,322,0.93
December 31 2021,Bay,FL,Passenger,1,0,1,26,27,3.70
November 30 2021,Clark,NV,Passenger,4,1,5,470,475,1.05
October 31 2021,Washoe,NV,Passenger,1,0,1,50,51,1.96
December 31 2021,San Juan,WA,Passenger,475,147,622,14165,14787,4.21
November 30 2021,Douglas,OR,Passenger,1,0,1,24,25,4.00
December 31 2021,Santa Cruz,CA,Passenger,1,0,1,19,20,5.00
November 30 2021,Montgomery,MD,Passenger,3,6,9,184,193,4.66
November 30 2021,Columbia,GA,Passenger,1,0,1,99,100,1.00
November 30 2021,Howard,MD,Passenger,0,1,1,60,61,1.64
October 31 2021,Whatcom,WA,Truck,22,0,22,43961,43983,0.05
December 31 2021,Skagit,WA,Truck,22,0,22,32611,32633,0.07
December 31 2021,Snohomish,WA,Truck,94,0,94,125243,125337,0.07
November 30 2021,Contra Costa,CA,Passenger,1,0,1,134,135,0.74
November 30 2021,Island,WA,Passenger,712,354,1066,63157,64223,1.66
December 31 2021,Carroll,MD,Passenger,0,1,1,9,10,10.00
December 31 2021,Stevens,WA,Truck,2,0,2,18943,18945,0.01
November 30 2021,Jefferson,NY,Passenger,0,1,1,183,184,0.54
December 31 2021,Charles,MD,Passenger,1,1,2,57,59,3.39
November 30 2021,Goochland,VA,Passenger,2,0,2,108,110,1.82
December 31 2021,Chelan,WA,Passenger,407,114,521,54548,55069,0.95
December 31 2021,Thurston,WA,Truck,44,0,44,55922,55966,0.08
November 30 2021,Kent,DE,Passenger,0,1,1,48,49,2.04
November 30 2021,Guadalupe,TX,Passenger,1,0,1,28,29,3.45
December 31 2021,Chesapeake City,VA,Passenger,1,3,4,332,336,1.19
November 30 2021,Kitsap,WA,Truck,34,0,34,54512,54546,0.06
November 30 2021,Pend Oreille,WA,Passenger,18,7,25,9201,9226,0.27
November 30 2021,Kittitas,WA,Truck,4,0,4,14793,14797,0.03
December 31 2021,Clallam,WA,Truck,4,0,4,22107,22111,0.02
November 30 2021,Cowlitz,WA,Truck,9,1,10,29088,29098,0.03
November 30 2021,Pinellas,FL,Passenger,0,1,1,59,60,1.67
November 30 2021,Bryan,GA,Passenger,1,0,1,50,51,1.96
December 31 2021,Clark,WA,Passenger,3545,1595,5140,319669,324809,1.58
November 30 2021,Plaquemines,LA,Passenger,0,1,1,18,19,5.26
December 31 2021,Washoe,NV,Passenger,1,0,1,46,47,2.13
November 30 2021,Powhatan,VA,Passenger,1,0,1,1,2,50.00
November 30 2021,Camden,GA,Passenger,1,0,1,111,112,0.89
November 30 2021,Lincoln,WA,Truck,0,0,0,4814,4814,0.00
November 30 2021,El Paso,TX,Passenger,2,0,2,318,320,0.62
November 30 2021,Frederick,MD,Passenger,2,1,3,67,70,4.29
December 31 2021,Wichita,TX,Passenger,1,0,1,36,37,2.70
November 30 2021,Fairbanks North Star,AK,Passenger,0,1,1,68,69,1.45
December 31 2021,Yakima,WA,Passenger,301,182,483,169039,169522,0.28
December 31 2021,Yamhill,OR,Passenger,1,0,1,25,26,3.85
November 30 2021,King,WA,Passenger,34944,10187,45131,1363017,1408148,3.20
November 30 2021,Chesapeake City,VA,Passenger,1,3,4,336,340,1.18
November 30 2021,Ferry,WA,Passenger,13,3,16,4470,4486,0.36
November 30 2021,Kitsap,WA,Passenger,2161,961,3122,181280,184402,1.69
November 30 2021,Harris,TX,Passenger,1,0,1,133,134,0.75
November 30 2021,San Francisco,CA,Passenger,0,1,1,61,62,1.61
November 30 2021,Clark,WA,Passenger,3452,1570,5022,321028,326050,1.54
December 31 2021,Douglas,WA,Truck,4,0,4,12680,12684,0.03
November 30 2021,Franklin,WA,Passenger,159,108,267,62429,62696,0.43
November 30 2021,Hidalgo,TX,Passenger,0,1,1,51,52,1.92
November 30 2021,Fresno,CA,Passenger,1,0,1,136,137,0.73
January 31 2022,Benton,WA,Truck,33,0,33,43409,43442,0.08
November 30 2021,Honolulu,HI,Passenger,3,1,4,272,276,1.45
December 31 2021,Erie,NY,Passenger,1,0,1,24,25,4.00
November 30 2021,Leavenworth,KS,Passenger,0,1,1,97,98,1.02
November 30 2021,Lewis,WA,Passenger,209,170,379,59622,60001,0.63
December 31 2021,Frederick,MD,Passenger,2,1,3,66,69,4.35
November 30 2021,Grant,WA,Truck,7,0,7,28147,28154,0.02
November 30 2021,Spartanburg,SC,Passenger,0,1,1,28,29,3.45
November 30 2021,Otero,NM,Passenger,0,1,1,31,32,3.12
November 30 2021,Cumberland,NC,Truck,1,0,1,84,85,1.18
November 30 2021,Grays Harbor,WA,Truck,10,0,10,21410,21420,0.05
November 30 2021,Danville City,VA,Passenger,1,0,1,0,1,100.00
November 30 2021,Spokane,WA,Passenger,1296,779,2075,327443,329518,0.63
November 30 2021,Pacific,WA,Truck,1,0,1,7999,8000,0.01
November 30 2021,Palm Beach,FL,Passenger,1,0,1,38,39,2.56
November 30 2021,District Of Columbia,DC,Passenger,4,2,6,178,184,3.26
December 31 2021,Greene,MO,Passenger,0,1,1,13,14,7.14
November 30 2021,Platte,MO,Passenger,1,0,1,12,13,7.69
November 30 2021,Harrison,MS,Passenger,2,0,2,46,48,4.17
January 31 2022,Charles,MD,Passenger,1,1,2,55,57,3.51
December 31 2021,Hamilton,IN,Passenger,2,0,2,18,20,10.00
January 31 2022,Chelan,WA,Truck,12,0,12,22873,22885,0.05
November 30 2021,Maricopa,AZ,Passenger,3,0,3,714,717,0.42
November 30 2021,Douglas,NE,Passenger,1,1,2,34,36,5.56
November 30 2021,Lake,IL,Passenger,1,0,1,152,153,0.65
November 30 2021,Ventura,CA,Passenger,1,1,2,226,228,0.88
November 30 2021,Mason,WA,Truck,9,0,9,21262,21271,0.04
December 31 2021,Island,WA,Truck,12,0,12,21484,21496,0.06
January 31 2022,Chesapeake City,VA,Passenger,1,3,4,325,329,1.22
November 30 2021,Liberty,GA,Passenger,1,0,1,94,95,1.05
November 30 2021,Kern,CA,Passenger,1,1,2,174,176,1.14
November 30 2021,Garfield,WA,Truck,0,0,0,999,999,0.00
January 31 2022,Clallam,WA,Truck,5,0,5,22053,22058,0.02
November 30 2021,Milwaukee,WI,Passenger,1,0,1,31,32,3.12
November 30 2021,Saint Louis City,MO,Passenger,1,0,1,19,20,5.00
December 31 2021,Jefferson,NY,Passenger,0,1,1,181,182,0.55
January 31 2022,Clark,WA,Passenger,3589,1603,5192,317590,322782,1.61
November 30 2021,King,WA,Truck,185,1,186,183295,183481,0.10
November 30 2021,Whitman,WA,Passenger,68,60,128,21929,22057,0.58
November 30 2021,Manassas City,VA,Passenger,0,1,1,4,5,20.00
November 30 2021,Sevier,AR,Passenger,0,1,1,0,1,100.00
November 30 2021,Yakima,WA,Truck,5,0,5,61993,61998,0.01
December 31 2021,Klickitat,WA,Passenger,92,52,144,15325,15469,0.93
November 30 2021,Skamania,WA,Passenger,59,42,101,8367,8468,1.19
November 30 2021,Jefferson,WA,Passenger,381,203,584,24823,25407,2.30
November 30 2021,Lewis,WA,Truck,6,0,6,26762,26768,0.02
November 30 2021,Norfolk City,VA,Passenger,1,1,2,299,301,0.66
December 31 2021,Alexandria City,VA,Passenger,5,0,5,114,119,4.20
November 30 2021,Kittitas,WA,Passenger,202,74,276,29850,30126,0.92
December 31 2021,Anchorage,AK,Passenger,1,0,1,106,107,0.93
November 30 2021,Oldham,KY,Passenger,0,1,1,4,5,20.00
November 30 2021,Klamath,OR,Passenger,1,0,1,17,18,5.56
November 30 2021,Orange,CA,Passenger,4,1,5,374,379,1.32
December 31 2021,Bartow,GA,Passenger,0,1,1,2,3,33.33
November 30 2021,Travis,TX,Passenger,1,1,2,97,99,2.02
December 31 2021,Liberty,GA,Passenger,1,0,1,94,95,1.05
November 30 2021,Okanogan,,Truck,2,0,2,12862,12864,0.02
November 30 2021,Vigo,IN,Passenger,1,0,1,4,5,20.00
November 30 2021,Lincoln,WA,Passenger,9,16,25,7717,7742,0.32
November 30 2021,Okanogan,WA,Passenger,13,6,19,5866,5885,0.32
November 30 2021,Pacific,WA,Passenger,57,67,124,16093,16217,0.76
November 30 2021,Wahkiakum,WA,Passenger,16,11,27,3101,3128,0.86
November 30 2021,Okanogan,WA,Truck,0,0,0,3857,3857,0.00
November 30 2021,Wake,NC,Passenger,1,0,1,86,87,1.15
January 31 2022,Fresno,CA,Passenger,1,0,1,130,131,0.76
November 30 2021,Walla Walla,WA,Passenger,138,89,227,36429,36656,0.62
November 30 2021,Orange,FL,Passenger,1,0,1,79,80,1.25
November 30 2021,Ozaukee,WI,Passenger,0,1,1,2,3,33.33
November 30 2021,Philadelphia,PA,Passenger,1,0,1,35,36,2.78
December 31 2021,Mason,WA,Passenger,280,163,443,47625,48068,0.92
November 30 2021,Monterey,CA,Passenger,1,0,1,132,133,0.75
January 31 2022,Glacier,MT,Passenger,0,1,1,4,5,20.00
November 30 2021,Pierce,WA,Passenger,4312,2184,6496,557993,564489,1.15
November 30 2021,Mecklenburg,NC,Passenger,1,0,1,64,65,1.54
November 30 2021,Montgomery,PA,Passenger,2,0,2,13,15,13.33
November 30 2021,Whatcom,WA,Passenger,1660,681,2341,150435,152776,1.53
November 30 2021,Placer,CA,Passenger,1,0,1,55,56,1.79
December 31 2021,Camden,GA,Passenger,1,0,1,109,110,0.91
November 30 2021,New Castle,DE,Passenger,1,0,1,14,15,6.67
November 30 2021,Pierce,WA,Truck,65,0,65,145258,145323,0.04
November 30 2021,Williamson,TX,Passenger,1,0,1,64,65,1.54
December 31 2021,Charles,MD,Truck,1,0,1,9,10,10.00
November 30 2021,Queens,NY,Passenger,1,0,1,41,42,2.38
December 31 2021,Alameda,CA,Passenger,2,0,2,178,180,1.11
December 31 2021,Otero,NM,Passenger,0,1,1,30,31,3.23
January 31 2022,Jefferson,NY,Passenger,0,1,1,177,178,0.56
December 31 2021,Ozaukee,WI,Passenger,0,1,1,2,3,33.33
December 31 2021,Columbia,GA,Passenger,1,0,1,97,98,1.02
November 30 2021,Salt Lake,UT,Passenger,0,1,1,127,128,0.78
November 30 2021,Pend Oreille,WA,Truck,0,0,0,5699,5699,0.00
December 31 2021,Pacific,WA,Truck,2,0,2,7991,7993,0.03
November 30 2021,Pennington,SD,Passenger,1,0,1,23,24,4.17
November 30 2021,Saint Marys,MD,Passenger,1,0,1,158,159,0.63
January 31 2022,Kern,CA,Passenger,1,1,2,165,167,1.20
December 31 2021,Columbia,WA,Passenger,6,2,8,2448,2456,0.33
November 30 2021,Sarasota,FL,Passenger,1,0,1,22,23,4.35
November 30 2021,San Juan,WA,Passenger,472,145,617,14221,14838,4.16
December 31 2021,Cumberland,NC,Truck,1,0,1,79,80,1.25
December 31 2021,Bexar,TX,Passenger,2,3,5,399,404,1.24
November 30 2021,San Diego,CA,Passenger,14,11,25,2245,2270,1.10
November 30 2021,San Juan,WA,Truck,0,0,0,6006,6006,0.00
December 31 2021,Danville City,VA,Passenger,1,0,1,0,1,100.00
November 30 2021,Santa Clara,CA,Passenger,4,0,4,177,181,2.21
November 30 2021,Riley,KS,Passenger,1,0,1,43,44,2.27
December 31 2021,Pima,AZ,Passenger,0,1,1,183,184,0.54
November 30 2021,Skamania,WA,Truck,0,0,0,4022,4022,0.00
January 31 2022,Leavenworth,KS,Passenger,0,1,1,94,95,1.05
December 31 2021,Boulder,CO,Passenger,1,1,2,19,21,9.52
November 30 2021,Sarpy,NE,Passenger,1,0,1,46,47,2.13
January 31 2022,Lincoln,WA,Passenger,8,17,25,7719,7744,0.32
November 30 2021,Sacramento,CA,Passenger,2,0,2,187,189,1.06
November 30 2021,Suffolk City,VA,Passenger,1,0,1,101,102,0.98
December 31 2021,Douglas,NE,Passenger,1,2,3,33,36,8.33
December 31 2021,Douglas,OR,Passenger,1,0,1,23,24,4.17
December 31 2021,Chelan,WA,Truck,11,0,11,23006,23017,0.05
November 30 2021,Thurston,WA,Truck,41,0,41,56136,56177,0.07
November 30 2021,Tipton,TN,Passenger,1,0,1,9,10,10.00
December 31 2021,Fairbanks North Star,AK,Passenger,0,1,1,68,69,1.45
November 30 2021,Wahkiakum,WA,Truck,0,0,0,1821,1821,0.00
December 31 2021,Ferry,WA,Passenger,14,3,17,4440,4457,0.38
November 30 2021,Shelby,OH,Passenger,0,1,1,1,2,50.00
December 31 2021,Clark,NV,Passenger,4,1,5,465,470,1.06
December 31 2021,Saint Marys,MD,Truck,1,0,1,41,42,2.38
November 30 2021,Skagit,WA,Passenger,694,318,1012,91445,92457,1.09
January 31 2022,Monterey,CA,Passenger,1,0,1,126,127,0.79
November 30 2021,Whatcom,WA,Truck,25,0,25,43771,43796,0.06
December 31 2021,Sarpy,NE,Passenger,1,0,1,45,46,2.17
November 30 2021,Snohomish,WA,Passenger,6964,2304,9268,538745,548013,1.69
December 31 2021,Grays Harbor,WA,Truck,11,0,11,21326,21337,0.05
November 30 2021,Snohomish,WA,Truck,84,0,84,125870,125954,0.07
December 31 2021,,,Passenger,5,7,12,1350,1362,0.88
November 30 2021,Wilson,NC,Passenger,1,0,1,0,1,100.00
December 31 2021,Guadalupe,TX,Passenger,1,0,1,28,29,3.45
November 30 2021,Stevens,WA,Truck,2,0,2,18974,18976,0.01
December 31 2021,Shelby,OH,Passenger,0,1,1,1,2,50.00
December 31 2021,Cowlitz,WA,Truck,10,1,11,28988,28999,0.04
December 31 2021,Anne Arundel,MD,Passenger,3,4,7,321,328,2.13
December 31 2021,Asotin,WA,Passenger,21,17,38,12678,12716,0.30
December 31 2021,,CA,Passenger,1,4,5,198,203,2.46
November 30 2021,Yamhill,OR,Passenger,1,0,1,26,27,3.70
December 31 2021,Harrison,MS,Passenger,2,0,2,44,46,4.35
January 31 2022,Otero,NM,Passenger,0,1,1,30,31,3.23
January 31 2022,Pacific,WA,Truck,2,0,2,7971,7973,0.03
December 31 2021,Skamania,WA,Passenger,62,44,106,8319,8425,1.26
November 30 2021,Umatilla,WA,Passenger,0,0,0,2,2,0.00
December 31 2021,Bell,TX,Passenger,0,1,1,275,276,0.36
December 31 2021,,WA,Passenger,0,0,0,1,1,0.00
January 31 2022,Pend Oreille,WA,Passenger,17,9,26,9096,9122,0.29
January 31 2022,Plaquemines,LA,Passenger,0,1,1,18,19,5.26
November 30 2021,Virginia Beach City,VA,Passenger,2,0,2,498,500,0.40
December 31 2021,Bradley,TN,Passenger,0,1,1,0,1,100.00
December 31 2021,Albemarle,VA,Passenger,2,0,2,20,22,9.09
December 31 2021,Tipton,TN,Passenger,1,0,1,10,11,9.09
December 31 2021,Calvert,MD,Passenger,0,2,2,78,80,2.50
January 31 2022,Prince William,VA,Truck,1,0,1,22,23,4.35
December 31 2021,Vigo,IN,Passenger,1,0,1,4,5,20.00
December 31 2021,El Paso,TX,Passenger,1,0,1,309,310,0.32
November 30 2021,Whitman,WA,Truck,5,0,5,8565,8570,0.06
December 31 2021,Wake,NC,Passenger,1,0,1,84,85,1.18
December 31 2021,Benton,WA,Passenger,637,450,1087,136093,137180,0.79
December 31 2021,Bryan,GA,Passenger,1,0,1,48,49,2.04
December 31 2021,Walla Walla,WA,Truck,7,0,7,14094,14101,0.05
December 31 2021,Benton,WA,Truck,28,0,28,43675,43703,0.06
December 31 2021,Carson City,NV,Passenger,1,0,1,7,8,12.50
January 31 2022,Riley,KS,Passenger,1,0,1,39,40,2.50
December 31 2021,Kittitas,WA,Passenger,213,74,287,29755,30042,0.96
December 31 2021,Whatcom,WA,Passenger,1683,688,2371,149797,152168,1.56
December 31 2021,Adams,WA,Passenger,17,16,33,13044,13077,0.25
December 31 2021,Klamath,OR,Passenger,1,0,1,17,18,5.56
December 31 2021,Champaign,IL,Passenger,1,0,1,6,7,14.29
December 31 2021,Whitman,WA,Truck,5,0,5,8545,8550,0.06
December 31 2021,Grant,WA,Truck,7,0,7,28014,28021,0.02
December 31 2021,Wilson,NC,Passenger,1,0,1,0,1,100.00
December 31 2021,Clackamas,OR,Passenger,1,0,1,107,108,0.93
January 31 2022,San Juan,WA,Passenger,477,148,625,14078,14703,4.25
January 31 2022,,CA,Passenger,1,5,6,196,202,2.97
December 31 2021,Contra Costa,CA,Passenger,1,0,1,132,133,0.75
December 31 2021,Cook,IL,Passenger,1,0,1,137,138,0.72
January 31 2022,Shelby,OH,Passenger,0,1,1,1,2,50.00
December 31 2021,Coryell,TX,Passenger,1,0,1,91,92,1.09
January 31 2022,Allegheny,PA,Passenger,1,1,2,38,40,5.00
December 31 2021,Clallam,WA,Passenger,391,240,631,50455,51086,1.24
January 31 2022,Skamania,WA,Passenger,62,45,107,8269,8376,1.28
December 31 2021,Cumberland,NC,Passenger,0,2,2,356,358,0.56
December 31 2021,Douglas,WA,Passenger,115,57,172,28549,28721,0.60
December 31 2021,Maricopa,AZ,Passenger,3,0,3,685,688,0.44
December 31 2021,Dupage,IL,Passenger,1,0,1,31,32,3.12
January 31 2022,Bell,TX,Passenger,0,1,1,267,268,0.37
December 31 2021,Clark,WA,Truck,58,0,58,83743,83801,0.07
December 31 2021,District Of Columbia,DC,Passenger,4,2,6,175,181,3.31
December 31 2021,Kern,CA,Passenger,1,1,2,168,170,1.18
January 31 2022,Thurston,WA,Truck,47,0,47,55609,55656,0.08
December 31 2021,Fairfax,VA,Passenger,3,5,8,585,593,1.35
December 31 2021,Columbia,WA,Truck,2,0,2,1555,1557,0.13
December 31 2021,King,WA,Passenger,35602,10282,45884,1356333,1402217,3.27
January 31 2022,Bradley,TN,Passenger,0,1,1,0,1,100.00
December 31 2021,Cowlitz,WA,Passenger,283,169,452,71610,72062,0.63
December 31 2021,Duval,FL,Passenger,0,1,1,248,249,0.40
January 31 2022,Bryan,GA,Passenger,1,0,1,47,48,2.08
January 31 2022,Wahkiakum,WA,Passenger,16,12,28,3062,3090,0.91
December 31 2021,Leavenworth,KS,Passenger,0,1,1,97,98,1.02
January 31 2022,Wake,NC,Passenger,1,0,1,81,82,1.22
December 31 2021,New Castle,DE,Passenger,1,0,1,14,15,6.67
December 31 2021,Ferry,WA,Truck,0,0,0,3578,3578,0.00
December 31 2021,Flathead,MT,Passenger,1,0,1,28,29,3.45
January 31 2022,Carson City,NV,Passenger,1,0,1,6,7,14.29
December 31 2021,Norfolk City,VA,Passenger,1,1,2,295,297,0.67
December 31 2021,Lewis,WA,Passenger,216,172,388,59460,59848,0.65
December 31 2021,Glacier,MT,Passenger,0,1,1,4,5,20.00
December 31 2021,Garfield,WA,Passenger,0,3,3,1343,1346,0.22
December 31 2021,Garfield,WA,Truck,0,0,0,1003,1003,0.00
December 31 2021,Harris,TX,Passenger,1,0,1,124,125,0.80
January 31 2022,Whatcom,WA,Passenger,1705,685,2390,148792,151182,1.58
December 31 2021,Orange,FL,Passenger,1,0,1,77,78,1.28
December 31 2021,Hillsborough,FL,Passenger,0,1,1,108,109,0.92
January 31 2022,Whitman,WA,Truck,5,0,5,8530,8535,0.06
January 31 2022,Clackamas,OR,Passenger,1,0,1,105,106,0.94
December 31 2021,Goochland,VA,Passenger,2,0,2,99,101,1.98
December 31 2021,Honolulu,HI,Passenger,3,1,4,260,264,1.52
December 31 2021,Franklin,WA,Passenger,167,109,276,62281,62557,0.44
January 31 2022,Yamhill,OR,Passenger,1,0,1,24,25,4.00
December 31 2021,Manassas City,VA,Passenger,0,1,1,4,5,20.00
December 31 2021,Pacific,WA,Passenger,57,67,124,16055,16179,0.77
December 31 2021,Howard,IN,Passenger,0,1,1,6,7,14.29
December 31 2021,Pend Oreille,WA,Truck,1,0,1,5684,5685,0.02
December 31 2021,Island,WA,Passenger,721,353,1074,62815,63889,1.68
February 28 2022,,,Passenger,5,7,12,1285,1297,0.93
December 31 2021,Pennington,SD,Passenger,1,0,1,23,24,4.17
December 31 2021,Howard,MD,Passenger,0,1,1,60,61,1.64
December 31 2021,Grant,WA,Passenger,139,103,242,66916,67158,0.36
December 31 2021,Harnett,NC,Passenger,0,1,1,130,131,0.76
February 28 2022,Alexandria City,VA,Passenger,4,0,4,112,116,3.45
December 31 2021,Grays Harbor,WA,Passenger,204,163,367,49332,49699,0.74
December 31 2021,Philadelphia,PA,Passenger,1,0,1,33,34,2.94
December 31 2021,Jefferson,WA,Truck,3,0,3,9625,9628,0.03
December 31 2021,Placer,CA,Passenger,1,0,1,56,57,1.75
February 28 2022,Bartow,GA,Passenger,0,1,1,2,3,33.33
December 31 2021,Juneau,AK,Passenger,0,1,1,18,19,5.26
January 31 2022,Davidson,TN,Passenger,1,0,1,30,31,3.23
December 31 2021,Queens,NY,Passenger,1,0,1,41,42,2.38
December 31 2021,Okanogan,WA,Passenger,13,6,19,5838,5857,0.32
December 31 2021,Kings,CA,Passenger,1,0,1,301,302,0.33
December 31 2021,Hennepin,MN,Passenger,1,0,1,46,47,2.13
December 31 2021,Kings,NY,Passenger,1,0,1,46,47,2.13
December 31 2021,Kitsap,WA,Truck,41,0,41,54333,54374,0.08
December 31 2021,Oldham,KY,Passenger,0,1,1,4,5,20.00
December 31 2021,Hidalgo,TX,Passenger,0,1,1,50,51,1.96
December 31 2021,Salt Lake,UT,Passenger,1,1,2,121,123,1.63
February 28 2022,Calvert,MD,Passenger,0,2,2,76,78,2.56
December 31 2021,Lincoln,WA,Passenger,9,16,25,7726,7751,0.32
December 31 2021,San Diego,CA,Passenger,13,11,24,2196,2220,1.08
December 31 2021,Kitsap,WA,Passenger,2202,979,3181,180584,183765,1.73
December 31 2021,Sarasota,FL,Passenger,1,0,1,22,23,4.35
December 31 2021,Kittitas,WA,Truck,4,0,4,14742,14746,0.03
February 28 2022,Charles,MD,Truck,1,0,1,9,10,10.00
December 31 2021,Pierce,WA,Passenger,4404,2196,6600,555291,561891,1.17
December 31 2021,Lewis,WA,Truck,7,0,7,26656,26663,0.03
December 31 2021,Lincoln,WA,Truck,0,0,0,4818,4818,0.00
December 31 2021,King,WA,Truck,204,1,205,182491,182696,0.11
December 31 2021,Klickitat,WA,Truck,2,0,2,8318,8320,0.02
December 31 2021,Mason,WA,Truck,10,0,10,21161,21171,0.05
January 31 2022,Frederick,MD,Passenger,2,1,3,65,68,4.41
February 28 2022,Clark,WA,Truck,75,0,75,82797,82872,0.09
December 31 2021,Skagit,WA,Passenger,717,320,1037,91053,92090,1.13
December 31 2021,Lake,IL,Passenger,1,0,1,148,149,0.67
December 31 2021,Skamania,WA,Truck,0,0,0,4007,4007,0.00
January 31 2022,Garfield,WA,Truck,0,0,0,996,996,0.00
February 28 2022,Columbia,GA,Passenger,1,0,1,91,92,1.09
January 31 2022,Goochland,VA,Passenger,2,0,2,91,93,2.15
December 31 2021,Umatilla,WA,Passenger,0,0,0,1,1,0.00
February 28 2022,Cowlitz,WA,Passenger,288,173,461,70702,71163,0.65
December 31 2021,San Juan,WA,Truck,0,0,0,5992,5992,0.00
December 31 2021,Montgomery,MD,Passenger,3,6,9,184,193,4.66
January 31 2022,Harnett,NC,Passenger,0,1,1,124,125,0.80
December 31 2021,Virginia Beach City,VA,Passenger,2,0,2,486,488,0.41
January 31 2022,Hidalgo,TX,Passenger,0,1,1,50,51,1.96
December 31 2021,Wahkiakum,WA,Truck,0,0,0,1820,1820,0.00
February 28 2022,Douglas,WA,Passenger,119,56,175,28345,28520,0.61
December 31 2021,Orange,CA,Passenger,4,1,5,360,365,1.37
December 31 2021,Okanogan,WA,Truck,0,0,0,3846,3846,0.00
December 31 2021,Spokane,WA,Truck,51,0,51,102641,102692,0.05
December 31 2021,Powhatan,VA,Passenger,1,0,1,1,2,50.00
January 31 2022,Jefferson,WA,Passenger,391,205,596,24570,25166,2.37
February 28 2022,Fairfax,VA,Passenger,3,4,7,564,571,1.23
December 31 2021,Thurston,WA,Passenger,1932,996,2928,196684,199612,1.47
December 31 2021,Whatcom,WA,Truck,28,0,28,43616,43644,0.06
December 31 2021,Pend Oreille,WA,Passenger,18,9,27,9143,9170,0.29
January 31 2022,Kent,DE,Passenger,0,1,1,44,45,2.22
January 31 2022,Kitsap,WA,Passenger,2260,986,3246,179741,182987,1.77
December 31 2021,Montgomery,PA,Passenger,2,0,2,13,15,13.33
December 31 2021,Plaquemines,LA,Passenger,0,1,1,18,19,5.26
January 31 2022,,,Passenger,5,7,12,1319,1331,0.90
January 31 2022,Kittitas,WA,Truck,6,0,6,14664,14670,0.04
December 31 2021,Montgomery,TX,Passenger,0,1,1,15,16,6.25
February 28 2022,Grant,WA,Passenger,143,101,244,66181,66425,0.37
December 31 2021,Platte,MO,Passenger,1,0,1,12,13,7.69
December 31 2021,Multnomah,OR,Passenger,2,4,6,472,478,1.26
January 31 2022,Adams,WA,Passenger,17,16,33,12963,12996,0.25
January 31 2022,Anne Arundel,MD,Passenger,4,4,8,319,327,2.45
December 31 2021,Riley,KS,Passenger,1,0,1,41,42,2.38
February 28 2022,Harris,TX,Passenger,1,0,1,116,117,0.85
January 31 2022,Asotin,WA,Passenger,22,17,39,12591,12630,0.31
December 31 2021,Okanogan,,Truck,2,0,2,12836,12838,0.02
December 31 2021,Saint Marys,MD,Passenger,1,0,1,155,156,0.64
January 31 2022,Liberty,GA,Passenger,1,0,1,94,95,1.05
December 31 2021,San Francisco,CA,Passenger,0,1,1,61,62,1.61
February 28 2022,Hillsborough,FL,Passenger,0,1,1,103,104,0.96
December 31 2021,Sacramento,CA,Passenger,1,0,1,176,177,0.56
January 31 2022,,WA,Passenger,0,0,0,1,1,0.00
February 28 2022,Honolulu,HI,Passenger,3,1,4,242,246,1.63
December 31 2021,Santa Clara,CA,Passenger,3,0,3,171,174,1.72
February 28 2022,Howard,IN,Passenger,0,1,1,6,7,14.29
February 28 2022,Island,WA,Passenger,745,358,1103,62047,63150,1.75
December 31 2021,Pierce,WA,Truck,76,0,76,144587,144663,0.05
January 31 2022,Manassas City,VA,Passenger,0,1,1,4,5,20.00
January 31 2022,Benton,WA,Passenger,650,457,1107,135439,136546,0.81
December 31 2021,Pinellas,FL,Passenger,0,1,1,57,58,1.72
January 31 2022,Calvert,MD,Passenger,0,2,2,77,79,2.53
December 31 2021,Spokane,WA,Passenger,1342,788,2130,327015,329145,0.65
December 31 2021,Spartanburg,SC,Passenger,0,1,1,27,28,3.57
December 31 2021,Prince William,VA,Passenger,1,1,2,190,192,1.04
February 28 2022,King,WA,Passenger,37151,10475,47626,1343081,1390707,3.42
January 31 2022,Mecklenburg,NC,Passenger,1,0,1,54,55,1.82
December 31 2021,Snohomish,WA,Passenger,7131,2302,9433,536676,546109,1.73
December 31 2021,Stafford,VA,Passenger,2,0,2,81,83,2.41
February 28 2022,Kings,NY,Passenger,1,0,1,45,46,2.17
January 31 2022,Carroll,MD,Passenger,0,1,1,9,10,10.00
December 31 2021,Riverside,CA,Passenger,5,0,5,412,417,1.20
January 31 2022,Contra Costa,CA,Passenger,1,0,1,127,128,0.78
December 31 2021,Stevens,WA,Passenger,59,42,101,30273,30374,0.33
January 31 2022,Chaves,NM,Passenger,1,0,1,4,5,20.00
December 31 2021,Suffolk City,VA,Passenger,1,0,1,100,101,0.99
December 31 2021,Saint Clair,IL,Passenger,2,0,2,110,112,1.79
February 28 2022,Kittitas,WA,Passenger,221,69,290,29445,29735,0.98
January 31 2022,Clallam,WA,Passenger,398,242,640,50126,50766,1.26
December 31 2021,Walla Walla,WA,Passenger,141,91,232,36336,36568,0.63
January 31 2022,Okanogan,,Truck,2,0,2,12794,12796,0.02
January 31 2022,Douglas,WA,Passenger,116,57,173,28449,28622,0.60
January 31 2022,Okanogan,WA,Passenger,14,6,20,5778,5798,0.34
February 28 2022,Lincoln,WA,Truck,0,0,0,4816,4816,0.00
January 31 2022,Cumberland,NC,Passenger,0,2,2,345,347,0.58
December 31 2021,Wahkiakum,WA,Passenger,16,11,27,3078,3105,0.87
January 31 2022,Ozaukee,WI,Passenger,0,1,1,2,3,33.33
December 31 2021,Whitman,WA,Passenger,69,61,130,21890,22020,0.59
January 31 2022,Palm Beach,FL,Passenger,1,0,1,33,34,2.94
December 31 2021,Williams,ND,Passenger,0,1,1,8,9,11.11
January 31 2022,Flathead,MT,Passenger,1,0,1,26,27,3.70
January 31 2022,Denton,TX,Passenger,1,0,1,41,42,2.38
December 31 2021,Williamson,TX,Passenger,1,0,1,62,63,1.59
December 31 2021,Ventura,CA,Passenger,1,1,2,221,223,0.90
January 31 2022,Franklin,WA,Passenger,175,107,282,61929,62211,0.45
January 31 2022,Duval,FL,Passenger,0,1,1,234,235,0.43
December 31 2021,Yakima,WA,Truck,6,0,6,61845,61851,0.01
January 31 2022,Anchorage,AK,Passenger,1,0,1,105,106,0.94
February 28 2022,Norfolk City,VA,Passenger,1,1,2,281,283,0.71
January 31 2022,Alameda,CA,Passenger,2,0,2,173,175,1.14
January 31 2022,Ferry,WA,Truck,0,0,0,3548,3548,0.00
January 31 2022,Harris,TX,Passenger,1,0,1,120,121,0.83
February 28 2022,Okanogan,WA,Truck,0,0,0,3827,3827,0.00
January 31 2022,Baltimore,MD,Passenger,1,0,1,33,34,2.94
January 31 2022,Greene,MO,Passenger,0,1,1,13,14,7.14
January 31 2022,Howard,MD,Passenger,0,1,1,59,60,1.67
January 31 2022,Saint Louis City,MO,Passenger,1,0,1,17,18,5.56
January 31 2022,Bay,FL,Passenger,1,0,1,25,26,3.85
January 31 2022,,,Truck,2,0,2,237,239,0.84
February 28 2022,Pend Oreille,WA,Truck,1,0,1,5645,5646,0.02
January 31 2022,Island,WA,Passenger,740,354,1094,62439,63533,1.72
January 31 2022,Adams,WA,Truck,1,0,1,5408,5409,0.02
February 28 2022,Philadelphia,PA,Passenger,1,0,1,32,33,3.03
January 31 2022,Bexar,TX,Passenger,2,3,5,387,392,1.28
January 31 2022,Albemarle,VA,Passenger,2,0,2,20,22,9.09
January 31 2022,Boone,MO,Passenger,0,1,1,7,8,12.50
January 31 2022,Alexandria City,VA,Passenger,5,0,5,112,117,4.27
February 28 2022,Powhatan,VA,Passenger,1,0,1,1,2,50.00
January 31 2022,Honolulu,HI,Passenger,3,1,4,251,255,1.57
January 31 2022,Boulder,CO,Passenger,1,1,2,16,18,11.11
January 31 2022,Sarpy,NE,Passenger,1,0,1,44,45,2.22
January 31 2022,Camden,GA,Passenger,1,0,1,108,109,0.92
January 31 2022,Snohomish,WA,Truck,104,0,104,124589,124693,0.08
January 31 2022,King,WA,Truck,225,1,226,181521,181747,0.12
January 31 2022,Kings,CA,Passenger,1,0,1,295,296,0.34
January 31 2022,Kitsap,WA,Truck,44,0,44,54134,54178,0.08
January 31 2022,Stevens,WA,Truck,2,0,2,18862,18864,0.01
February 28 2022,Saint Marys,MD,Passenger,1,0,1,150,151,0.66
January 31 2022,Charles,MD,Truck,1,0,1,9,10,10.00
January 31 2022,Asotin,WA,Truck,2,0,2,6706,6708,0.03
January 31 2022,Columbia,WA,Passenger,6,2,8,2439,2447,0.33
January 31 2022,Clark,NV,Passenger,4,1,5,459,464,1.08
January 31 2022,Tipton,TN,Passenger,1,0,1,10,11,9.09
January 31 2022,Lake,IL,Passenger,1,0,1,148,149,0.67
January 31 2022,Columbia,WA,Truck,2,0,2,1553,1555,0.13
January 31 2022,Bartow,GA,Passenger,0,1,1,2,3,33.33
February 28 2022,San Diego,CA,Passenger,13,11,24,2089,2113,1.14
January 31 2022,Kings,NY,Passenger,1,0,1,45,46,2.17
January 31 2022,Chelan,WA,Passenger,420,116,536,54251,54787,0.98
February 28 2022,San Francisco,CA,Passenger,0,1,1,55,56,1.79
January 31 2022,Dekalb,GA,Passenger,1,0,1,37,38,2.63
January 31 2022,Columbia,GA,Passenger,1,0,1,94,95,1.05
January 31 2022,Lewis,WA,Truck,9,0,9,26543,26552,0.03
January 31 2022,Cowlitz,WA,Truck,10,1,11,28812,28823,0.04
January 31 2022,Lincoln,WA,Truck,0,0,0,4815,4815,0.00
January 31 2022,Caddo,LA,Passenger,1,0,1,6,7,14.29
January 31 2022,Douglas,NE,Passenger,1,2,3,32,35,8.57
January 31 2022,Cumberland,NC,Truck,1,0,1,77,78,1.28
January 31 2022,Clark,WA,Truck,72,0,72,83303,83375,0.09
February 28 2022,Skamania,WA,Truck,0,0,0,3955,3955,0.00
January 31 2022,Douglas,OR,Passenger,1,0,1,23,24,4.17
January 31 2022,Wilson,NC,Passenger,1,0,1,0,1,100.00
January 31 2022,Dupage,IL,Passenger,1,0,1,31,32,3.12
February 28 2022,Spartanburg,SC,Passenger,0,1,1,24,25,4.00
January 31 2022,Danville City,VA,Passenger,1,0,1,0,1,100.00
February 28 2022,Spokane,WA,Passenger,1412,805,2217,323576,325793,0.68
January 31 2022,Champaign,IL,Passenger,1,0,1,6,7,14.29
January 31 2022,District Of Columbia,DC,Passenger,4,2,6,171,177,3.39
January 31 2022,Yakima,WA,Truck,6,0,6,61422,61428,0.01
January 31 2022,Cowlitz,WA,Passenger,283,169,452,71092,71544,0.63
January 31 2022,Guadalupe,TX,Passenger,1,0,1,28,29,3.45
January 31 2022,El Paso,TX,Passenger,1,0,1,303,304,0.33
February 28 2022,Umatilla,WA,Passenger,0,0,0,1,1,0.00
February 28 2022,Anchorage,AK,Passenger,1,0,1,103,104,0.96
February 28 2022,Anne Arundel,MD,Passenger,4,4,8,317,325,2.46
January 31 2022,Fairbanks North Star,AK,Passenger,0,1,1,67,68,1.47
February 28 2022,Wahkiakum,WA,Truck,0,0,0,1799,1799,0.00
February 28 2022,Asotin,WA,Passenger,21,18,39,12534,12573,0.31
January 31 2022,Nueces,TX,Passenger,1,0,1,55,56,1.79
January 31 2022,Montgomery,PA,Passenger,2,0,2,13,15,13.33
January 31 2022,Cook,IL,Passenger,1,0,1,135,136,0.74
January 31 2022,Douglas,WA,Truck,5,0,5,12613,12618,0.04
February 28 2022,Walla Walla,WA,Passenger,150,95,245,35887,36132,0.68
January 31 2022,Hennepin,MN,Passenger,1,0,1,45,46,2.17
January 31 2022,Coryell,TX,Passenger,1,0,1,86,87,1.15
January 31 2022,Erie,NY,Passenger,1,0,1,23,24,4.17
January 31 2022,Multnomah,OR,Passenger,1,3,4,450,454,0.88
January 31 2022,Fairfax,VA,Passenger,3,4,7,574,581,1.20
February 28 2022,Whatcom,WA,Truck,29,0,29,43192,43221,0.07
January 31 2022,Grant,WA,Truck,8,0,8,27872,27880,0.03
January 31 2022,Okanogan,WA,Truck,0,0,0,3837,3837,0.00
January 31 2022,Grays Harbor,WA,Truck,12,0,12,21219,21231,0.06
February 28 2022,Boulder,CO,Passenger,1,0,1,15,16,6.25
March 31 2022,,,Passenger,5,6,11,1244,1255,0.88
January 31 2022,Jefferson,WA,Truck,3,0,3,9568,9571,0.03
January 31 2022,Ferry,WA,Passenger,14,3,17,4422,4439,0.38
January 31 2022,Grant,WA,Passenger,140,103,243,66544,66787,0.36
January 31 2022,Pierce,WA,Truck,84,0,84,143675,143759,0.06
March 31 2022,Adams,WA,Passenger,16,13,29,12712,12741,0.23
February 28 2022,Camden,GA,Passenger,1,0,1,105,106,0.94
January 31 2022,Platte,MO,Passenger,1,0,1,12,13,7.69
January 31 2022,Grays Harbor,WA,Passenger,207,163,370,49059,49429,0.75
January 31 2022,Franklin,WA,Truck,8,0,8,20814,20822,0.04
January 31 2022,Juneau,AK,Passenger,0,1,1,19,20,5.00
February 28 2022,Champaign,IL,Passenger,1,0,1,6,7,14.29
January 31 2022,Garfield,WA,Passenger,0,3,3,1345,1348,0.22
January 31 2022,Hamilton,IN,Passenger,2,0,2,15,17,11.76
January 31 2022,Hillsborough,FL,Passenger,0,1,1,106,107,0.93
February 28 2022,Columbia,WA,Passenger,6,1,7,2434,2441,0.29
January 31 2022,Kittitas,WA,Passenger,220,70,290,29619,29909,0.97
January 31 2022,Howard,IN,Passenger,0,1,1,6,7,14.29
February 28 2022,Danville City,VA,Passenger,1,0,1,0,1,100.00
January 31 2022,Riverside,CA,Passenger,5,0,5,401,406,1.23
January 31 2022,Klamath,OR,Passenger,1,0,1,16,17,5.88
January 31 2022,Harrison,MS,Passenger,2,0,2,43,45,4.44
March 31 2022,Camden,GA,Passenger,1,0,1,103,104,0.96
January 31 2022,Spartanburg,SC,Passenger,0,1,1,27,28,3.57
January 31 2022,Island,WA,Truck,14,0,14,21370,21384,0.07
February 28 2022,Douglas,NE,Passenger,1,2,3,32,35,8.57
January 31 2022,Saint Marys,MD,Passenger,1,0,1,153,154,0.65
February 28 2022,Douglas,OR,Passenger,1,0,1,22,23,4.35
February 28 2022,Dupage,IL,Passenger,1,0,1,29,30,3.33
January 31 2022,Santa Clara,CA,Passenger,3,0,3,168,171,1.75
March 31 2022,Clark,NV,Passenger,4,1,5,432,437,1.14
January 31 2022,King,WA,Passenger,36385,10396,46781,1349490,1396271,3.35
February 28 2022,Fairbanks North Star,AK,Passenger,0,1,1,67,68,1.47
January 31 2022,Los Angeles,CA,Passenger,4,4,8,646,654,1.22
January 31 2022,Klickitat,WA,Passenger,93,53,146,15235,15381,0.95
January 31 2022,Klickitat,WA,Truck,2,0,2,8290,8292,0.02
February 28 2022,Ferry,WA,Passenger,15,3,18,4405,4423,0.41
March 31 2022,Columbia,GA,Passenger,1,0,1,88,89,1.12
January 31 2022,Marin,CA,Passenger,0,1,1,26,27,3.70
January 31 2022,Williams,ND,Passenger,0,1,1,8,9,11.11
January 31 2022,Lewis,WA,Passenger,222,170,392,59143,59535,0.66
January 31 2022,New Castle,DE,Passenger,1,0,1,16,17,5.88
March 31 2022,Cumberland,NC,Truck,1,0,1,70,71,1.41
January 31 2022,Yakima,WA,Passenger,308,186,494,168046,168540,0.29
February 28 2022,Guadalupe,TX,Passenger,1,0,1,27,28,3.57
January 31 2022,Orange,FL,Passenger,1,0,1,73,74,1.35
February 28 2022,Adams,WA,Passenger,17,16,33,12872,12905,0.26
January 31 2022,Montgomery,MD,Passenger,3,6,9,176,185,4.86
January 31 2022,Pend Oreille,WA,Truck,1,0,1,5684,5685,0.02
January 31 2022,Walla Walla,WA,Passenger,144,93,237,36120,36357,0.65
March 31 2022,Danville City,VA,Passenger,1,0,1,0,1,100.00
February 28 2022,Harrison,MS,Passenger,2,0,2,43,45,4.44
January 31 2022,Pennington,SD,Passenger,1,0,1,21,22,4.55
February 28 2022,Hennepin,MN,Passenger,1,0,1,45,46,2.17
March 31 2022,District Of Columbia,DC,Passenger,3,2,5,167,172,2.91
January 31 2022,Montgomery,TX,Passenger,0,1,1,12,13,7.69
January 31 2022,Okanogan,,Passenger,56,40,96,20647,20743,0.46
January 31 2022,Oldham,KY,Passenger,0,1,1,4,5,20.00
January 31 2022,Pacific,WA,Passenger,61,65,126,15991,16117,0.78
January 31 2022,Sacramento,CA,Passenger,1,0,1,169,170,0.59
March 31 2022,Flathead,MT,Passenger,1,0,1,20,21,4.76
January 31 2022,Maricopa,AZ,Passenger,2,0,2,661,663,0.30
February 28 2022,,WA,Passenger,0,0,0,1,1,0.00
January 31 2022,San Juan,WA,Truck,4,0,4,5985,5989,0.07
January 31 2022,Mason,WA,Passenger,286,161,447,47429,47876,0.93
January 31 2022,Mason,WA,Truck,12,0,12,21049,21061,0.06
January 31 2022,Pierce,WA,Passenger,4523,2213,6736,551929,558665,1.21
January 31 2022,Pinellas,FL,Passenger,0,1,1,56,57,1.75
January 31 2022,Philadelphia,PA,Passenger,1,0,1,32,33,3.03
January 31 2022,Pima,AZ,Passenger,0,1,1,177,178,0.56
February 28 2022,Jefferson,WA,Truck,4,0,4,9515,9519,0.04
February 28 2022,Chelan,WA,Truck,13,0,13,22788,22801,0.06
January 31 2022,Skagit,WA,Passenger,722,324,1046,90420,91466,1.14
February 28 2022,Juneau,AK,Passenger,0,1,1,19,20,5.00
January 31 2022,Snohomish,WA,Passenger,7306,2329,9635,534110,543745,1.77
January 31 2022,Powhatan,VA,Passenger,1,0,1,1,2,50.00
January 31 2022,Spokane,WA,Truck,56,0,56,102201,102257,0.05
March 31 2022,Harris,TX,Passenger,1,0,1,106,107,0.93
February 28 2022,Columbia,WA,Truck,1,0,1,1562,1563,0.06
January 31 2022,Prince William,VA,Passenger,1,1,2,188,190,1.05
January 31 2022,Stevens,WA,Passenger,62,44,106,30059,30165,0.35
February 28 2022,Kitsap,WA,Truck,46,0,46,53800,53846,0.09
January 31 2022,San Bernardino,CA,Passenger,1,2,3,309,312,0.96
January 31 2022,Moore,NC,Passenger,0,1,1,115,116,0.86
February 28 2022,Contra Costa,CA,Passenger,1,0,1,129,130,0.77
February 28 2022,Klamath,OR,Passenger,1,0,1,14,15,6.67
January 31 2022,Norfolk City,VA,Passenger,1,1,2,286,288,0.69
March 31 2022,Honolulu,HI,Passenger,3,1,4,231,235,1.70
February 28 2022,Carroll,MD,Passenger,0,1,1,9,10,10.00
January 31 2022,Santa Cruz,CA,Passenger,1,0,1,19,20,5.00
January 31 2022,Saint Clair,IL,Passenger,2,0,2,109,111,1.80
January 31 2022,San Francisco,CA,Passenger,0,1,1,57,58,1.72
January 31 2022,Orange,CA,Passenger,4,1,5,351,356,1.40
February 28 2022,Chaves,NM,Passenger,1,0,1,4,5,20.00
January 31 2022,Skagit,WA,Truck,23,0,23,32443,32466,0.07
January 31 2022,Skamania,WA,Truck,0,0,0,3982,3982,0.00
February 28 2022,Clark,WA,Passenger,3662,1620,5282,315754,321036,1.65
March 31 2022,Kitsap,WA,Truck,48,0,48,53248,53296,0.09
January 31 2022,Spokane,WA,Passenger,1376,790,2166,325275,327441,0.66
January 31 2022,Placer,CA,Passenger,1,0,1,53,54,1.85
March 31 2022,Lake,IL,Passenger,1,0,1,139,140,0.71
January 31 2022,Virginia Beach City,VA,Passenger,2,0,2,485,487,0.41
February 28 2022,Franklin,WA,Passenger,180,107,287,61580,61867,0.46
February 28 2022,,,Truck,2,0,2,227,229,0.87
February 28 2022,Adams,WA,Truck,1,0,1,5411,5412,0.02
January 31 2022,Queens,NY,Passenger,1,0,1,41,42,2.38
February 28 2022,Allegheny,PA,Passenger,1,1,2,36,38,5.26
February 28 2022,Maricopa,AZ,Passenger,2,0,2,623,625,0.32
February 28 2022,Denton,TX,Passenger,1,0,1,41,42,2.38
January 31 2022,Thurston,WA,Passenger,1980,1000,2980,195654,198634,1.50
January 31 2022,Washoe,NV,Passenger,1,0,1,46,47,2.13
January 31 2022,Umatilla,WA,Passenger,0,0,0,1,1,0.00
February 28 2022,El Paso,CO,Passenger,0,1,1,502,503,0.20
January 31 2022,Saint Marys,MD,Truck,1,0,1,41,42,2.38
January 31 2022,Ventura,CA,Passenger,1,1,2,215,217,0.92
February 28 2022,Asotin,WA,Truck,2,0,2,6676,6678,0.03
January 31 2022,Salt Lake,UT,Passenger,2,1,3,117,120,2.50
January 31 2022,Vigo,IN,Passenger,1,0,1,4,5,20.00
February 28 2022,Baltimore,MD,Passenger,1,0,1,32,33,3.03
January 31 2022,Wahkiakum,WA,Truck,0,0,0,1806,1806,0.00
January 31 2022,San Diego,CA,Passenger,13,11,24,2140,2164,1.11
February 28 2022,Ferry,WA,Truck,0,0,0,3518,3518,0.00
January 31 2022,Whitman,WA,Passenger,71,59,130,21805,21935,0.59
January 31 2022,Walla Walla,WA,Truck,7,0,7,14067,14074,0.05
January 31 2022,Wichita,TX,Passenger,1,0,1,35,36,2.78
February 28 2022,Montgomery,MD,Passenger,3,6,9,173,182,4.95
February 28 2022,Fresno,CA,Passenger,1,0,1,128,129,0.78
February 28 2022,Bay,FL,Passenger,1,0,1,24,25,4.00
February 28 2022,,CA,Passenger,1,5,6,196,202,2.97
January 31 2022,Sarasota,FL,Passenger,1,0,1,20,21,4.76
February 28 2022,New Castle,DE,Passenger,1,0,1,16,17,5.88
February 28 2022,Kern,CA,Passenger,1,1,2,162,164,1.22
March 31 2022,Multnomah,OR,Passenger,1,3,4,417,421,0.95
February 28 2022,Greene,MO,Passenger,0,1,1,13,14,7.14
February 28 2022,Boone,MO,Passenger,0,1,1,7,8,12.50
February 28 2022,King,WA,Truck,237,1,238,180516,180754,0.13
February 28 2022,Hamilton,IN,Passenger,2,0,2,15,17,11.76
February 28 2022,Bell,TX,Passenger,0,1,1,259,260,0.38
March 31 2022,Okanogan,WA,Truck,0,0,0,3789,3789,0.00
January 31 2022,Stafford,VA,Passenger,2,0,2,79,81,2.47
February 28 2022,Lake,IL,Passenger,1,0,1,144,145,0.69
February 28 2022,Caddo,LA,Passenger,1,0,1,6,7,14.29
February 28 2022,Pacific,WA,Passenger,64,67,131,15886,16017,0.82
January 31 2022,Suffolk City,VA,Passenger,1,0,1,96,97,1.03
February 28 2022,Pennington,SD,Passenger,1,0,1,20,21,4.76
March 31 2022,Orange,FL,Passenger,1,0,1,65,66,1.52
January 31 2022,Whatcom,WA,Truck,28,0,28,43376,43404,0.06
February 28 2022,Leavenworth,KS,Passenger,0,1,1,91,92,1.09
February 28 2022,Placer,CA,Passenger,1,0,1,52,53,1.89
February 28 2022,Bradley,TN,Passenger,0,1,1,0,1,100.00
February 28 2022,Lewis,WA,Passenger,229,169,398,58809,59207,0.67
February 28 2022,Jefferson,WA,Passenger,397,210,607,24486,25093,2.42
March 31 2022,Pennington,SD,Passenger,1,0,1,19,20,5.00
February 28 2022,Chelan,WA,Passenger,424,121,545,54012,54557,1.00
February 28 2022,Lewis,WA,Truck,9,0,9,26362,26371,0.03
February 28 2022,Queens,NY,Passenger,1,0,1,37,38,2.63
March 31 2022,Pierce,WA,Truck,99,0,99,140975,141074,0.07
February 28 2022,Albemarle,VA,Passenger,2,0,2,20,22,9.09
March 31 2022,Platte,MO,Passenger,1,0,1,13,14,7.14
February 28 2022,Bryan,GA,Passenger,1,0,1,46,47,2.13
February 28 2022,Klickitat,WA,Passenger,94,52,146,15155,15301,0.95
February 28 2022,Carson City,NV,Passenger,1,0,1,5,6,16.67
February 28 2022,Manassas City,VA,Passenger,0,1,1,4,5,20.00
February 28 2022,Cook,IL,Passenger,1,0,1,134,135,0.74
February 28 2022,Salt Lake,UT,Passenger,2,1,3,114,117,2.56
February 28 2022,Benton,WA,Passenger,660,455,1115,134739,135854,0.82
March 31 2022,Saint Marys,MD,Passenger,1,0,1,146,147,0.68
February 28 2022,Davidson,TN,Passenger,1,0,1,29,30,3.33
February 28 2022,Clackamas,OR,Passenger,1,0,1,105,106,0.94
February 28 2022,Sarasota,FL,Passenger,1,0,1,19,20,5.00
February 28 2022,Benton,WA,Truck,32,0,32,43257,43289,0.07
March 31 2022,San Diego,CA,Passenger,13,11,24,2037,2061,1.16
February 28 2022,Alameda,CA,Passenger,1,0,1,165,166,0.60
February 28 2022,Dekalb,GA,Passenger,1,0,1,34,35,2.86
March 31 2022,San Juan,WA,Truck,4,0,4,5873,5877,0.07
February 28 2022,Montgomery,PA,Passenger,2,0,2,13,15,13.33
February 28 2022,Coryell,TX,Passenger,1,0,1,84,85,1.18
March 31 2022,Santa Clara,CA,Passenger,3,0,3,160,163,1.84
February 28 2022,Skagit,WA,Passenger,738,332,1070,89797,90867,1.18
February 28 2022,Multnomah,OR,Passenger,1,3,4,435,439,0.91
February 28 2022,Cumberland,NC,Passenger,0,2,2,331,333,0.60
February 28 2022,Douglas,WA,Truck,5,0,5,12572,12577,0.04
February 28 2022,Cumberland,NC,Truck,1,0,1,74,75,1.33
February 28 2022,Bexar,TX,Passenger,2,3,5,381,386,1.30
February 28 2022,Suffolk City,VA,Passenger,1,0,1,96,97,1.03
February 28 2022,Nueces,TX,Passenger,1,0,1,54,55,1.82
February 28 2022,Erie,NY,Passenger,1,0,1,21,22,4.55
February 28 2022,Okanogan,WA,Passenger,14,6,20,5753,5773,0.35
February 28 2022,Okanogan,,Passenger,60,40,100,20520,20620,0.48
February 28 2022,Charles,MD,Passenger,1,1,2,51,53,3.77
February 28 2022,Oldham,KY,Passenger,0,1,1,4,5,20.00
February 28 2022,District Of Columbia,DC,Passenger,4,2,6,168,174,3.45
February 28 2022,Franklin,WA,Truck,8,0,8,20768,20776,0.04
March 31 2022,Skagit,WA,Passenger,749,340,1089,88925,90014,1.21
February 28 2022,Chesapeake City,VA,Passenger,1,3,4,315,319,1.25
February 28 2022,Virginia Beach City,VA,Passenger,2,0,2,476,478,0.42
February 28 2022,Frederick,MD,Passenger,2,1,3,64,67,4.48
February 28 2022,Duval,FL,Passenger,0,1,1,229,230,0.43
March 31 2022,Snohomish,WA,Passenger,7684,2384,10068,526941,537009,1.87
February 28 2022,Pierce,WA,Passenger,4628,2222,6850,548284,555134,1.23
February 28 2022,Clark,NV,Passenger,4,1,5,443,448,1.12
February 28 2022,Clallam,WA,Passenger,400,244,644,49829,50473,1.28
March 31 2022,Stevens,WA,Passenger,63,46,109,29585,29694,0.37
February 28 2022,Pierce,WA,Truck,92,0,92,142688,142780,0.06
February 28 2022,Prince Georges,MD,Passenger,1,0,1,113,114,0.88
February 28 2022,Clallam,WA,Truck,6,0,6,21929,21935,0.03
February 28 2022,Prince William,VA,Passenger,1,1,2,186,188,1.06
February 28 2022,Flathead,MT,Passenger,1,0,1,26,27,3.70
February 28 2022,Whitman,WA,Passenger,72,56,128,21777,21905,0.58
February 28 2022,Rock Island,IL,Passenger,0,1,1,16,17,5.88
February 28 2022,Cowlitz,WA,Truck,10,1,11,28662,28673,0.04
February 28 2022,Garfield,WA,Passenger,0,3,3,1339,1342,0.22
February 28 2022,Garfield,WA,Truck,0,0,0,999,999,0.00
March 31 2022,Virginia Beach City,VA,Passenger,2,0,2,459,461,0.43
February 28 2022,Riverside,CA,Passenger,5,0,5,388,393,1.27
February 28 2022,Goochland,VA,Passenger,2,0,2,86,88,2.27
March 31 2022,Alameda,CA,Passenger,1,0,1,160,161,0.62
February 28 2022,San Juan,WA,Passenger,478,148,626,14008,14634,4.28
February 28 2022,Saint Clair,IL,Passenger,2,0,2,109,111,1.80
February 28 2022,Island,WA,Truck,15,0,15,21313,21328,0.07
March 31 2022,Anne Arundel,MD,Passenger,4,4,8,304,312,2.56
February 28 2022,El Paso,TX,Passenger,1,0,1,299,300,0.33
March 31 2022,Asotin,WA,Passenger,21,18,39,12460,12499,0.31
February 28 2022,Skagit,WA,Truck,23,0,23,32257,32280,0.07
February 28 2022,Santa Clara,CA,Passenger,3,0,3,166,169,1.78
February 28 2022,Snohomish,WA,Truck,107,0,107,123832,123939,0.09
April 30 2022,,,Truck,2,0,2,216,218,0.92
February 28 2022,Glacier,MT,Passenger,0,1,1,4,5,20.00
April 30 2022,,WA,Passenger,0,0,0,1,1,0.00
February 28 2022,Stevens,WA,Truck,2,0,2,18805,18807,0.01
February 28 2022,Kent,DE,Passenger,0,1,1,42,43,2.33
April 30 2022,Albemarle,VA,Passenger,2,0,2,19,21,9.52
February 28 2022,Thurston,WA,Truck,48,0,48,55312,55360,0.09
February 28 2022,Howard,MD,Passenger,0,1,1,60,61,1.64
April 30 2022,Bay,FL,Passenger,1,0,1,22,23,4.35
February 28 2022,Kitsap,WA,Passenger,2300,993,3293,178674,181967,1.81
February 28 2022,Tipton,TN,Passenger,1,0,1,10,11,9.09
April 30 2022,Benton,WA,Passenger,707,446,1153,131712,132865,0.87
March 31 2022,Calvert,MD,Passenger,0,2,2,73,75,2.67
February 28 2022,Grant,WA,Truck,8,0,8,27749,27757,0.03
February 28 2022,Kittitas,WA,Truck,6,0,6,14583,14589,0.04
April 30 2022,Bexar,TX,Passenger,3,3,6,344,350,1.71
February 28 2022,Grays Harbor,WA,Passenger,211,161,372,48819,49191,0.76
February 28 2022,Jefferson,NY,Passenger,0,1,1,173,174,0.57
February 28 2022,Grays Harbor,WA,Truck,13,0,13,21112,21125,0.06
February 28 2022,Kings,CA,Passenger,1,0,1,289,290,0.34
February 28 2022,Liberty,GA,Passenger,1,0,1,91,92,1.09
February 28 2022,Washoe,NV,Passenger,1,0,1,44,45,2.22
February 28 2022,Lincoln,WA,Passenger,8,17,25,7650,7675,0.33
March 31 2022,,,Truck,2,0,2,223,225,0.89
March 31 2022,Cowlitz,WA,Truck,10,1,11,28321,28332,0.04
April 30 2022,Chelan,WA,Passenger,438,120,558,52929,53487,1.04
February 28 2022,Los Angeles,CA,Passenger,4,4,8,628,636,1.26
February 28 2022,Hidalgo,TX,Passenger,0,1,1,49,50,2.00
March 31 2022,Adams,WA,Truck,1,0,1,5377,5378,0.02
February 28 2022,Whitman,WA,Truck,5,0,5,8506,8511,0.06
March 31 2022,Albemarle,VA,Passenger,2,0,2,19,21,9.52
February 28 2022,Williams,ND,Passenger,0,1,1,7,8,12.50
April 30 2022,Clallam,WA,Passenger,406,237,643,48680,49323,1.30
February 28 2022,Wilson,NC,Passenger,1,0,1,0,1,100.00
March 31 2022,Douglas,WA,Passenger,122,57,179,28098,28277,0.63
February 28 2022,Mecklenburg,NC,Passenger,1,0,1,51,52,1.92
March 31 2022,Asotin,WA,Truck,2,0,2,6649,6651,0.03
February 28 2022,Yakima,WA,Passenger,316,187,503,167013,167516,0.30
March 31 2022,El Paso,TX,Passenger,1,0,1,299,300,0.33
February 28 2022,Mason,WA,Truck,12,0,12,20930,20942,0.06
February 28 2022,Yamhill,OR,Passenger,1,0,1,24,25,4.00
February 28 2022,Marin,CA,Passenger,0,1,1,26,27,3.70
March 31 2022,,CA,Passenger,1,4,5,187,192,2.60
March 31 2022,Fairbanks North Star,AK,Passenger,0,1,1,67,68,1.47
February 28 2022,Mason,WA,Passenger,288,166,454,47150,47604,0.95
April 30 2022,Cowlitz,WA,Truck,10,1,11,27767,27778,0.04
February 28 2022,Klickitat,WA,Truck,2,0,2,8246,8248,0.02
March 31 2022,Ferry,WA,Passenger,17,3,20,4363,4383,0.46
March 31 2022,Allegheny,PA,Passenger,0,1,1,34,35,2.86
March 31 2022,Caddo,LA,Passenger,1,0,1,6,7,14.29
March 31 2022,Franklin,WA,Passenger,185,111,296,61105,61401,0.48
April 30 2022,Douglas,WA,Truck,5,0,5,12360,12365,0.04
April 30 2022,El Paso,TX,Passenger,1,0,1,284,285,0.35
March 31 2022,Carson City,NV,Passenger,1,0,1,5,6,16.67
February 28 2022,Orange,CA,Passenger,4,1,5,333,338,1.48
March 31 2022,Bell,TX,Passenger,0,1,1,251,252,0.40
March 31 2022,Grant,WA,Truck,9,0,9,27483,27492,0.03
February 28 2022,Moore,NC,Passenger,0,1,1,114,115,0.87
March 31 2022,Benton,WA,Truck,35,0,35,42879,42914,0.08
March 31 2022,Grays Harbor,WA,Truck,12,0,12,20964,20976,0.06
February 28 2022,Platte,MO,Passenger,1,0,1,12,13,7.69
February 28 2022,Pend Oreille,WA,Passenger,17,9,26,9018,9044,0.29
March 31 2022,Harrison,MS,Passenger,2,0,2,41,43,4.65
February 28 2022,Plaquemines,LA,Passenger,0,1,1,18,19,5.26
April 30 2022,Grant,WA,Truck,9,0,9,27060,27069,0.03
March 31 2022,Boone,MO,Passenger,0,1,1,7,8,12.50
February 28 2022,Otero,NM,Passenger,0,1,1,30,31,3.23
March 31 2022,Howard,MD,Passenger,0,1,1,60,61,1.64
April 30 2022,Greene,MO,Passenger,0,1,1,12,13,7.69
March 31 2022,Island,WA,Passenger,750,364,1114,61628,62742,1.78
February 28 2022,Pacific,WA,Truck,2,0,2,7922,7924,0.03
March 31 2022,Bradley,TN,Passenger,0,1,1,0,1,100.00
February 28 2022,Palm Beach,FL,Passenger,1,0,1,33,34,2.94
March 31 2022,Cook,IL,Passenger,1,0,1,131,132,0.76
March 31 2022,Coryell,TX,Passenger,1,0,1,81,82,1.22
February 28 2022,Okanogan,,Truck,3,0,3,12744,12747,0.02
February 28 2022,Pima,AZ,Passenger,0,1,1,168,169,0.59
April 30 2022,Hamilton,IN,Passenger,1,0,1,15,16,6.25
February 28 2022,Saint Louis City,MO,Passenger,1,0,1,17,18,5.56
February 28 2022,Riley,KS,Passenger,1,0,1,38,39,2.56
March 31 2022,Cumberland,NC,Passenger,0,2,2,321,323,0.62
February 28 2022,Orange,FL,Passenger,1,0,1,68,69,1.45
February 28 2022,Sacramento,CA,Passenger,1,0,1,164,165,0.61
February 28 2022,Ozaukee,WI,Passenger,0,1,1,2,3,33.33
March 31 2022,Charles,MD,Passenger,1,1,2,50,52,3.85
March 31 2022,King,WA,Truck,242,1,243,178789,179032,0.14
March 31 2022,Kittitas,WA,Passenger,224,70,294,29181,29475,1.00
March 31 2022,Clallam,WA,Truck,7,0,7,21721,21728,0.03
February 28 2022,Pinellas,FL,Passenger,0,1,1,52,53,1.89
February 28 2022,Shelby,OH,Passenger,0,1,1,1,2,50.00
April 30 2022,Island,WA,Truck,17,0,17,20910,20927,0.08
March 31 2022,Lewis,WA,Truck,9,0,9,26034,26043,0.03
February 28 2022,Prince William,VA,Truck,1,0,1,21,22,4.55
March 31 2022,Lincoln,WA,Truck,0,0,0,4777,4777,0.00
February 28 2022,Snohomish,WA,Passenger,7524,2353,9877,531333,541210,1.82
February 28 2022,Saint Marys,MD,Truck,1,0,1,41,42,2.38
February 28 2022,Stevens,WA,Passenger,62,44,106,29826,29932,0.35
February 28 2022,San Bernardino,CA,Passenger,1,2,3,292,295,1.02
March 31 2022,Franklin,WA,Truck,8,0,8,20627,20635,0.04
February 28 2022,Santa Cruz,CA,Passenger,1,0,1,19,20,5.00
February 28 2022,Stafford,VA,Passenger,2,0,2,81,83,2.41
April 30 2022,King,WA,Truck,242,1,243,176562,176805,0.14
March 31 2022,Davidson,TN,Passenger,1,0,1,25,26,3.85
February 28 2022,Sarpy,NE,Passenger,1,0,1,41,42,2.38
April 30 2022,Kings,CA,Passenger,1,0,1,272,273,0.37
March 31 2022,Garfield,WA,Passenger,0,3,3,1316,1319,0.23
February 28 2022,San Juan,WA,Truck,4,0,4,5939,5943,0.07
March 31 2022,Montgomery,PA,Passenger,2,0,2,12,14,14.29
February 28 2022,Skamania,WA,Passenger,62,47,109,8204,8313,1.31
March 31 2022,New Castle,DE,Passenger,1,0,1,14,15,6.67
March 31 2022,Frederick,MD,Passenger,2,1,3,63,66,4.55
February 28 2022,Spokane,WA,Truck,57,0,57,101777,101834,0.06
February 28 2022,Wahkiakum,WA,Passenger,16,12,28,3071,3099,0.90
February 28 2022,Yakima,WA,Truck,6,0,6,61121,61127,0.01
February 28 2022,Vigo,IN,Passenger,1,0,1,4,5,20.00
March 31 2022,Glacier,MT,Passenger,0,1,1,4,5,20.00
February 28 2022,Wake,NC,Passenger,1,0,1,78,79,1.27
March 31 2022,Pend Oreille,WA,Truck,1,0,1,5568,5569,0.02
April 30 2022,Montgomery,AL,Passenger,0,1,1,29,30,3.33
February 28 2022,Thurston,WA,Passenger,2031,1009,3040,194437,197477,1.54
March 31 2022,Bay,FL,Passenger,1,0,1,23,24,4.17
February 28 2022,Walla Walla,WA,Truck,7,0,7,13974,13981,0.05
March 31 2022,Hidalgo,TX,Passenger,0,1,1,45,46,2.17
March 31 2022,Kings,NY,Passenger,1,0,1,42,43,2.33
March 31 2022,Bexar,TX,Passenger,3,3,6,365,371,1.62
March 31 2022,Anchorage,AK,Passenger,1,0,1,100,101,0.99
February 28 2022,Ventura,CA,Passenger,1,1,2,212,214,0.93
February 28 2022,Whatcom,WA,Passenger,1722,693,2415,147970,150385,1.61
March 31 2019,Goochland,VA,Passenger,1,1,2,201,203,0.99
February 28 2019,Saint Lucie,FL,Passenger,1,0,1,26,27,3.70
March 31 2019,Clark,NV,Passenger,2,1,3,673,676,0.44
March 31 2019,Grays Harbor,WA,Passenger,81,84,165,48530,48695,0.34
February 28 2019,Saint Clair,IL,Passenger,0,1,1,165,166,0.60
February 28 2019,San Francisco,CA,Passenger,2,1,3,104,107,2.80
March 31 2019,Pierce,WA,Truck,0,0,0,143427,143427,0.00
March 31 2019,Columbia,GA,Passenger,1,1,2,154,156,1.28
February 28 2019,Sangamon,IL,Passenger,2,0,2,8,10,20.00
February 28 2019,Santa Cruz,CA,Passenger,1,0,1,38,39,2.56
February 28 2019,Yakima,WA,Truck,0,0,0,61281,61281,0.00
March 31 2019,Hardin,KY,Passenger,0,1,1,103,104,0.96
March 31 2019,Cowlitz,WA,Truck,0,0,0,29628,29628,0.00
February 28 2019,Skagit,WA,Truck,1,0,1,33302,33303,0.00
February 28 2019,Garfield,WA,Passenger,1,1,2,1357,1359,0.15
February 28 2019,Skamania,WA,Truck,0,0,0,4179,4179,0.00
February 28 2019,Garfield,WA,Truck,0,0,0,991,991,0.00
April 30 2019,King,WA,Passenger,18770,7162,25932,1404500,1430432,1.81
March 31 2019,Riverside,CA,Passenger,1,1,2,643,645,0.31
March 31 2019,Dale,AL,Passenger,0,1,1,64,65,1.54
February 28 2019,Spokane,WA,Passenger,520,418,938,314673,315611,0.30
April 30 2019,Klickitat,WA,Truck,0,0,0,8499,8499,0.00
February 28 2019,Spokane,WA,Truck,1,0,1,97336,97337,0.00
March 31 2019,Dekalb,IN,Passenger,1,0,1,1,2,50.00
February 28 2019,Goochland,VA,Passenger,1,1,2,199,201,1.00
March 31 2019,Saint Clair,IL,Passenger,0,1,1,162,163,0.61
February 28 2019,Twin Falls,ID,Passenger,0,1,1,17,18,5.56
March 31 2019,District Of Columbia,DC,Passenger,1,2,3,204,207,1.45
March 31 2019,Saint Marys,MD,Passenger,1,0,1,200,201,0.50
March 31 2019,Jefferson,WA,Passenger,190,127,317,25321,25638,1.24
February 28 2019,Tarrant,TX,Passenger,1,0,1,189,190,0.53
March 31 2019,Santa Clara,CA,Passenger,7,1,8,349,357,2.24
March 31 2019,El Paso,TX,Passenger,2,0,2,505,507,0.39
February 28 2019,Volusia,FL,Passenger,0,1,1,32,33,3.03
February 28 2019,Thurston,WA,Passenger,870,631,1501,199218,200719,0.75
April 30 2019,Lumpkin,GA,Passenger,1,0,1,8,9,11.11
March 31 2019,Kent,DE,Passenger,0,1,1,74,75,1.33
March 31 2019,Shasta,CA,Passenger,1,0,1,43,44,2.27
February 28 2019,Umatilla,WA,Truck,0,0,0,2,2,0.00
March 31 2019,Kern,CA,Passenger,1,1,2,233,235,0.85
April 30 2019,Maricopa,AZ,Passenger,6,2,8,1353,1361,0.59
March 31 2019,Kitsap,WA,Passenger,1077,591,1668,183063,184731,0.90
March 31 2019,Camden,GA,Passenger,0,1,1,162,163,0.61
February 28 2019,Ventura,CA,Passenger,0,2,2,318,320,0.62
March 31 2019,Kittitas,WA,Truck,0,0,0,14774,14774,0.00
March 31 2019,Klickitat,WA,Truck,0,0,0,8485,8485,0.00
March 31 2019,Grant,WA,Truck,0,0,0,27422,27422,0.00
March 31 2019,Chelan,WA,Passenger,145,69,214,55455,55669,0.38
March 31 2019,Grays Harbor,WA,Truck,0,0,0,20952,20952,0.00
February 28 2019,Walla Walla,WA,Truck,0,0,0,14022,14022,0.00
March 31 2019,Tulsa,OK,Passenger,0,1,1,44,45,2.22
February 28 2019,Kitsap,WA,Passenger,1069,592,1661,183010,184671,0.90
March 31 2019,Larimer,CO,Passenger,0,1,1,49,50,2.00
March 31 2019,Volusia,FL,Passenger,0,1,1,31,32,3.12
March 31 2019,Clay,FL,Passenger,0,1,1,82,83,1.20
February 28 2019,Whatcom,WA,Truck,2,0,2,43906,43908,0.00
March 31 2019,Lewis,WA,Passenger,102,95,197,59793,59990,0.33
March 31 2019,Walla Walla,WA,Passenger,45,57,102,36830,36932,0.28
March 31 2019,,,Passenger,8,7,15,2154,2169,0.69
February 28 2019,Lincoln,WA,Passenger,5,6,11,7978,7989,0.14
March 31 2019,Adams,WA,Truck,0,0,0,5351,5351,0.00
March 31 2019,Columbia,WA,Passenger,2,2,4,2490,2494,0.16
March 31 2019,Anne Arundel,MD,Passenger,0,3,3,451,454,0.66
March 31 2019,Alexandria City,VA,Passenger,4,0,4,155,159,2.52
February 28 2019,Lumpkin,GA,Passenger,1,0,1,8,9,11.11
March 31 2019,Williamson,TX,Passenger,1,0,1,126,127,0.79
March 31 2019,Asotin,WA,Passenger,13,10,23,12961,12984,0.18
March 31 2019,Asotin,WA,Truck,0,0,0,6859,6859,0.00
March 31 2019,Dekalb,GA,Passenger,1,0,1,75,76,1.32
February 28 2019,Mason,WA,Truck,0,0,0,20915,20915,0.00
March 31 2019,Mecklenburg,NC,Passenger,1,0,1,79,80,1.25
March 31 2019,Benton,WA,Passenger,252,259,511,135623,136134,0.38
March 31 2019,Kittitas,WA,Passenger,76,39,115,30172,30287,0.38
March 31 2019,Douglas,NE,Passenger,0,1,1,62,63,1.59
February 28 2019,Miami-Dade,FL,Passenger,0,1,1,116,117,0.85
March 31 2019,Douglas,OR,Passenger,1,0,1,49,50,2.00
March 31 2019,Douglas,WA,Truck,0,0,0,12517,12517,0.00
March 31 2019,Broward,FL,Passenger,1,1,2,122,124,1.61
March 31 2019,Caddo,LA,Passenger,1,1,2,23,25,8.00
April 30 2019,Benton,WA,Passenger,264,271,535,135922,136457,0.39
March 31 2019,Oklahoma,OK,Passenger,0,1,1,116,117,0.85
February 28 2019,Montgomery,AL,Passenger,0,1,1,43,44,2.27
April 30 2019,San Francisco,CA,Passenger,2,1,3,102,105,2.86
March 31 2019,Maui,HI,Passenger,1,0,1,48,49,2.04
March 31 2019,Fulton,GA,Passenger,1,2,3,102,105,2.86
March 31 2019,Cascade,MT,Passenger,0,1,1,56,57,1.75
April 30 2019,Santa Fe,NM,Passenger,0,1,1,36,37,2.70
April 30 2019,Cascade,MT,Passenger,0,1,1,59,60,1.67
April 30 2019,Chaves,NM,Passenger,1,0,1,7,8,12.50
February 28 2019,Orange,CA,Passenger,4,2,6,552,558,1.08
March 31 2019,Guadalupe,TX,Passenger,2,0,2,64,66,3.03
March 31 2019,Chaves,NM,Passenger,1,0,1,7,8,12.50
April 30 2019,Clallam,WA,Passenger,170,139,309,51384,51693,0.60
April 30 2019,Skamania,WA,Truck,0,0,0,4221,4221,0.00
April 30 2019,Spokane,WA,Passenger,550,439,989,316931,317920,0.31
March 31 2019,Cook,IL,Passenger,1,0,1,231,232,0.43
March 31 2019,Island,WA,Truck,0,0,0,21764,21764,0.00
March 31 2019,Jackson,OK,Passenger,1,0,1,40,41,2.44
February 28 2019,Riley,KS,Passenger,1,0,1,76,77,1.30
April 30 2019,Umatilla,WA,Passenger,0,0,0,2,2,0.00
March 31 2019,El Paso,CO,Passenger,1,2,3,737,740,0.41
March 31 2019,Stevens,WA,Truck,0,0,0,19523,19523,0.00
March 31 2019,Saint Lucie,FL,Passenger,1,0,1,26,27,3.70
March 31 2019,King,WA,Passenger,18165,7065,25230,1402042,1427272,1.77
April 30 2019,Ventura,CA,Passenger,0,2,2,317,319,0.63
April 30 2019,Duval,FL,Passenger,1,1,2,369,371,0.54
March 31 2019,Klamath,OR,Passenger,1,0,1,28,29,3.45
March 31 2019,Frederick,MD,Passenger,1,1,2,88,90,2.22
April 30 2019,Wahkiakum,WA,Truck,0,0,0,1785,1785,0.00
March 31 2019,San Juan,WA,Truck,0,0,0,6007,6007,0.00
March 31 2019,Sumter,FL,Passenger,0,1,1,9,10,10.00
March 31 2019,Kootenai,ID,Passenger,1,1,2,192,194,1.03
March 31 2019,Ferry,WA,Passenger,3,2,5,4561,4566,0.11
March 31 2019,Ferry,WA,Truck,0,0,0,3779,3779,0.00
March 31 2019,Sangamon,IL,Passenger,2,0,2,8,10,20.00
April 30 2019,Ferry,WA,Truck,0,0,0,3773,3773,0.00
March 31 2019,Thurston,WA,Truck,0,0,0,56371,56371,0.00
February 28 2019,Santa Rosa,FL,Passenger,1,0,1,85,86,1.16
April 30 2019,Whatcom,WA,Truck,2,0,2,43912,43914,0.00
March 31 2019,Shelby,TN,Passenger,0,1,1,101,102,0.98
March 31 2019,Franklin,WA,Truck,0,0,0,19819,19819,0.00
March 31 2019,Guilford,NC,Passenger,1,0,1,26,27,3.70
March 31 2019,Travis,TX,Passenger,1,1,2,182,184,1.09
March 31 2019,Gallatin,MT,Passenger,0,1,1,54,55,1.82
March 31 2019,Snohomish,WA,Passenger,3362,1619,4981,537316,542297,0.92
March 31 2019,Ventura,CA,Passenger,0,2,2,315,317,0.63
March 31 2019,Spokane,WA,Truck,1,0,1,97431,97432,0.00
March 31 2019,Garfield,WA,Passenger,1,1,2,1340,1342,0.15
May 31 2019,,,Passenger,8,7,15,2101,2116,0.71
March 31 2019,Harris,TX,Passenger,0,1,1,237,238,0.42
May 31 2019,Adams,WA,Passenger,5,6,11,13096,13107,0.08
March 31 2019,Los Angeles,CA,Passenger,8,4,12,1065,1077,1.11
February 28 2019,Snohomish,WA,Passenger,3311,1600,4911,537029,541940,0.91
March 31 2019,Washington,OR,Passenger,0,1,1,435,436,0.23
March 31 2019,Stevens,WA,Passenger,20,31,51,32598,32649,0.16
May 31 2019,Alexandria City,VA,Passenger,4,0,4,146,150,2.67
March 31 2019,Honolulu,HI,Passenger,2,1,3,481,484,0.62
March 31 2019,Thurston,WA,Passenger,890,639,1529,199470,200999,0.76
March 31 2019,Yakima,WA,Truck,0,0,0,61252,61252,0.00
February 28 2019,Stevens,WA,Passenger,20,31,51,32693,32744,0.16
March 31 2019,Tuolumne,CA,Passenger,0,1,1,11,12,8.33
April 30 2019,Alexandria City,VA,Passenger,4,0,4,153,157,2.55
April 30 2019,Jefferson,CO,Passenger,0,2,2,65,67,2.99
February 28 2019,Tuolumne,CA,Passenger,0,1,1,11,12,8.33
May 31 2019,Bucks,PA,Passenger,1,0,1,18,19,5.26
March 31 2019,Pacific,WA,Passenger,36,28,64,16135,16199,0.40
April 30 2019,Kent,MI,Passenger,0,1,1,20,21,4.76
May 31 2019,Calvert,MD,Passenger,0,2,2,94,96,2.08
March 31 2019,Pacific,WA,Truck,0,0,0,7868,7868,0.00
April 30 2019,Klickitat,WA,Passenger,37,34,71,15866,15937,0.45
March 31 2019,Palm Beach,FL,Passenger,0,1,1,80,81,1.23
April 30 2019,Adams,WA,Truck,0,0,0,5357,5357,0.00
March 31 2019,Pend Oreille,WA,Truck,0,0,0,5987,5987,0.00
April 30 2019,Albemarle,VA,Passenger,1,0,1,29,30,3.33
April 30 2019,Asotin,WA,Truck,0,0,0,6861,6861,0.00
March 31 2019,Pima,AZ,Passenger,0,1,1,382,383,0.26
March 31 2019,Mason,WA,Passenger,136,122,258,47734,47992,0.54
March 31 2019,Polk,FL,Passenger,1,0,1,64,65,1.54
March 31 2019,Lumpkin,GA,Passenger,1,0,1,8,9,11.11
May 31 2019,Columbia,GA,Passenger,1,1,2,152,154,1.30
April 30 2019,Bexar,TX,Passenger,3,4,7,644,651,1.08
May 31 2019,Contra Costa,CA,Passenger,2,0,2,206,208,0.96
April 30 2019,Monroe,IL,Passenger,1,0,1,3,4,25.00
April 30 2019,Columbia,WA,Passenger,2,2,4,2503,2507,0.16
March 31 2019,Maricopa,AZ,Passenger,6,2,8,1366,1374,0.58
April 30 2019,Montgomery,TX,Passenger,1,0,1,49,50,2.00
April 30 2019,Broward,FL,Passenger,1,1,2,123,125,1.60
March 31 2019,Montgomery,AL,Passenger,0,1,1,43,44,2.27
May 31 2019,Dekalb,IN,Passenger,1,0,1,1,2,50.00
March 31 2019,Santa Cruz,CA,Passenger,1,0,1,38,39,2.56
April 30 2019,Caddo,LA,Passenger,1,1,2,23,25,8.00
May 31 2019,Douglas,WA,Passenger,56,36,92,28606,28698,0.32
March 31 2019,Norfolk City,VA,Passenger,3,2,5,368,373,1.34
April 30 2019,Douglas,NE,Passenger,0,1,1,61,62,1.61
March 31 2019,Monroe,IL,Passenger,1,0,1,3,4,25.00
April 30 2019,Nueces,TX,Passenger,1,1,2,96,98,2.04
April 30 2019,Douglas,OR,Passenger,1,0,1,50,51,1.96
March 31 2019,Skagit,WA,Passenger,315,205,520,93235,93755,0.55
March 31 2019,Okanogan,WA,Truck,0,0,0,4240,4240,0.00
April 30 2019,Dupage,IL,Passenger,1,0,1,54,55,1.82
March 31 2019,Skamania,WA,Truck,0,0,0,4200,4200,0.00
April 30 2019,Okanogan,,Passenger,18,15,33,20636,20669,0.16
May 31 2019,Fairfax,VA,Passenger,4,3,7,770,777,0.90
March 31 2019,Moore,NC,Passenger,0,1,1,180,181,0.55
March 31 2019,Clark,WA,Passenger,1471,924,2395,318011,320406,0.75
March 31 2019,New Castle,DE,Passenger,1,0,1,24,25,4.00
March 31 2019,Clark,WA,Truck,0,0,0,82357,82357,0.00
April 30 2019,Chelan,WA,Passenger,148,69,217,55551,55768,0.39
March 31 2019,Twin Falls,ID,Passenger,0,1,1,18,19,5.26
March 31 2019,Umatilla,WA,Passenger,0,0,0,2,2,0.00
March 31 2019,Vigo,IN,Passenger,1,0,1,5,6,16.67
March 31 2019,Nueces,TX,Passenger,1,1,2,94,96,2.08
April 30 2019,Clay,FL,Passenger,0,1,1,88,89,1.12
March 31 2019,Pinal,AZ,Passenger,2,0,2,167,169,1.18
May 31 2019,Guilford,NC,Passenger,1,0,1,28,29,3.45
March 31 2019,Virginia Beach City,VA,Passenger,0,1,1,683,684,0.15
March 31 2019,Cowlitz,WA,Passenger,96,116,212,73931,74143,0.29
March 31 2019,Wahkiakum,WA,Truck,0,0,0,1779,1779,0.00
April 30 2019,Guadalupe,TX,Passenger,2,0,2,63,65,3.08
April 30 2019,Prince William,VA,Passenger,1,4,5,261,266,1.88
May 31 2019,Harris,TX,Passenger,0,1,1,230,231,0.43
April 30 2019,Guilford,NC,Passenger,1,0,1,26,27,3.70
March 31 2019,Walla Walla,WA,Truck,0,0,0,14025,14025,0.00
April 30 2019,Ramsey,MN,Passenger,1,0,1,40,41,2.44
April 30 2019,Harris,TX,Passenger,0,1,1,234,235,0.43
May 31 2019,Honolulu,HI,Passenger,2,1,3,481,484,0.62
April 30 2019,Cook,IL,Passenger,1,0,1,227,228,0.44
April 30 2019,Hennepin,MN,Passenger,2,0,2,98,100,2.00
May 31 2019,Howard,MD,Passenger,0,1,1,91,92,1.09
March 31 2019,Washtenaw,MI,Passenger,1,0,1,29,30,3.33
March 31 2019,Dupage,IL,Passenger,1,0,1,55,56,1.79
April 30 2019,Dekalb,GA,Passenger,1,0,1,74,75,1.33
April 30 2019,Honolulu,HI,Passenger,2,1,3,484,487,0.62
May 31 2019,Island,WA,Passenger,332,248,580,64462,65042,0.89
March 31 2019,Whatcom,WA,Passenger,848,405,1253,152369,153622,0.82
March 31 2019,Fairfax,VA,Passenger,4,3,7,783,790,0.89
April 30 2019,Saint Clair,IL,Passenger,0,1,1,158,159,0.63
March 31 2019,Whatcom,WA,Truck,2,0,2,43893,43895,0.00
March 31 2019,San Diego,CA,Passenger,7,4,11,2694,2705,0.41
April 30 2019,San Mateo,CA,Passenger,2,1,3,121,124,2.42
April 30 2019,Douglas,WA,Truck,0,0,0,12521,12521,0.00
April 30 2019,Santa Barbara,CA,Passenger,1,0,1,95,96,1.04
April 30 2019,,CA,Passenger,1,2,3,254,257,1.17
May 31 2019,Kittitas,WA,Passenger,76,37,113,30262,30375,0.37
March 31 2019,Grant,WA,Passenger,37,59,96,66044,66140,0.15
April 30 2019,Skagit,WA,Truck,1,0,1,33315,33316,0.00
April 30 2019,Jefferson,WA,Truck,0,0,0,9888,9888,0.00
March 31 2019,Gwinnett,GA,Passenger,0,1,1,75,76,1.32
April 30 2019,Snohomish,WA,Truck,1,0,1,125927,125928,0.00
April 30 2019,Franklin,WA,Truck,0,0,0,19877,19877,0.00
March 31 2019,San Juan,WA,Passenger,202,73,275,14643,14918,1.84
April 30 2019,Juneau,AK,Passenger,0,2,2,30,32,6.25
April 30 2019,Allegheny,PA,Passenger,1,0,1,76,77,1.30
March 31 2019,San Mateo,CA,Passenger,2,1,3,125,128,2.34
April 30 2019,Fulton,GA,Passenger,1,2,3,105,108,2.78
May 31 2019,Lincoln,WA,Truck,0,0,0,4837,4837,0.00
March 31 2019,Santa Barbara,CA,Passenger,1,0,1,96,97,1.03
March 31 2019,Spartanburg,SC,Passenger,0,1,1,26,27,3.70
April 30 2019,Garfield,WA,Passenger,1,1,2,1327,1329,0.15
April 30 2019,Tarrant,TX,Passenger,2,0,2,183,185,1.08
March 31 2019,Santa Fe,NM,Passenger,0,1,1,35,36,2.78
March 31 2019,Hennepin,MN,Passenger,2,0,2,98,100,2.00
April 30 2019,Benton,WA,Truck,0,0,0,42920,42920,0.00
April 30 2019,Umatilla,WA,Truck,0,0,0,2,2,0.00
March 31 2019,Island,WA,Passenger,315,246,561,64284,64845,0.87
May 31 2019,Marion,OR,Passenger,1,0,1,102,103,0.97
April 30 2019,Bucks,PA,Passenger,1,0,1,18,19,5.26
March 31 2019,Jefferson,WA,Truck,0,0,0,9885,9885,0.00
April 30 2019,Washoe,NV,Passenger,2,0,2,93,95,2.11
April 30 2019,Camden,GA,Passenger,0,1,1,163,164,0.61
March 31 2019,Juneau,AK,Passenger,0,1,1,31,32,3.12
May 31 2019,Nassau,NY,Passenger,2,0,2,33,35,5.71
April 30 2019,Island,WA,Truck,0,0,0,21816,21816,0.00
April 30 2019,Yakima,WA,Passenger,103,112,215,169352,169567,0.13
May 31 2019,Norfolk City,VA,Passenger,3,1,4,361,365,1.10
April 30 2019,Mason,WA,Truck,0,0,0,20989,20989,0.00
April 30 2019,Carson City,NV,Passenger,1,0,1,9,10,10.00
April 30 2019,Ada,ID,Passenger,0,2,2,284,286,0.70
March 31 2019,Kent,MI,Passenger,0,1,1,19,20,5.00
May 31 2019,Adams,WA,Truck,0,0,0,5366,5366,0.00
April 30 2019,Alameda,CA,Passenger,3,2,5,303,308,1.62
April 30 2019,Charles,MD,Passenger,0,1,1,80,81,1.23
May 31 2019,Okanogan,WA,Truck,0,0,0,4195,4195,0.00
May 31 2019,Allegheny,PA,Passenger,1,0,1,76,77,1.30
April 30 2019,Anne Arundel,MD,Passenger,0,3,3,447,450,0.67
March 31 2019,Klickitat,WA,Passenger,36,32,68,15793,15861,0.43
April 30 2019,Asotin,WA,Passenger,13,9,22,12964,12986,0.17
May 31 2019,Arlington,VA,Passenger,1,2,3,150,153,1.96
May 31 2019,Pend Oreille,WA,Truck,0,0,0,6002,6002,0.00
March 31 2019,Valencia,NM,Passenger,1,0,1,7,8,12.50
April 30 2019,Clallam,WA,Truck,0,0,0,22237,22237,0.00
April 30 2019,Montgomery,MD,Passenger,1,4,5,277,282,1.77
May 31 2019,Pierce,WA,Truck,0,0,0,143904,143904,0.00
March 31 2019,Lincoln,WA,Truck,0,0,0,4821,4821,0.00
May 31 2019,Benton,WA,Truck,0,0,0,43078,43078,0.00
April 30 2019,Norfolk City,VA,Passenger,3,1,4,370,374,1.07
April 30 2019,Los Angeles,CA,Passenger,10,4,14,1069,1083,1.29
April 30 2019,Cumberland,NC,Passenger,0,2,2,531,533,0.38
April 30 2019,Oldham,KY,Passenger,0,1,1,4,5,20.00
March 31 2019,Yakima,WA,Passenger,99,111,210,168936,169146,0.12
April 30 2019,Orange,CA,Passenger,5,1,6,548,554,1.08
May 31 2019,Caddo,LA,Passenger,1,1,2,24,26,7.69
April 30 2019,Chelan,WA,Truck,0,0,0,22833,22833,0.00
April 30 2019,Pacific,WA,Passenger,34,31,65,16207,16272,0.40
May 31 2019,Saint Marys,MD,Passenger,1,0,1,199,200,0.50
March 31 2019,Montgomery,MD,Passenger,1,4,5,278,283,1.77
April 30 2019,District Of Columbia,DC,Passenger,1,3,4,208,212,1.89
May 31 2019,San Diego,CA,Passenger,8,4,12,2722,2734,0.44
April 30 2019,Pierce,WA,Passenger,1921,1583,3504,551719,555223,0.63
April 30 2019,Mason,WA,Passenger,139,124,263,47880,48143,0.55
May 31 2019,San Juan,WA,Truck,0,0,0,6033,6033,0.00
May 31 2019,Santa Clara,CA,Passenger,5,1,6,350,356,1.69
April 30 2019,,,Passenger,8,7,15,2119,2134,0.70
May 31 2019,Charles,MD,Passenger,0,1,1,82,83,1.20
May 31 2019,Shelby,TN,Passenger,0,1,1,96,97,1.03
April 30 2019,Adams,WA,Passenger,5,6,11,13049,13060,0.08
May 31 2019,Clallam,WA,Truck,0,0,0,22280,22280,0.00
March 31 2019,Okanogan,,Passenger,18,14,32,20540,20572,0.16
April 30 2019,Montgomery,AL,Passenger,0,1,1,44,45,2.22
April 30 2019,Cowlitz,WA,Truck,0,0,0,29699,29699,0.00
April 30 2019,Arlington,VA,Passenger,1,2,3,153,156,1.92
April 30 2019,Moore,NC,Passenger,0,1,1,184,185,0.54
May 31 2019,Tulsa,OK,Passenger,0,1,1,40,41,2.44
May 31 2019,Umatilla,WA,Passenger,0,0,0,2,2,0.00
April 30 2019,Denver,CO,Passenger,1,0,1,118,119,0.84
April 30 2019,San Diego,CA,Passenger,7,4,11,2697,2708,0.41
April 30 2019,Glacier,MT,Passenger,0,1,1,4,5,20.00
May 31 2019,Wahkiakum,WA,Truck,0,0,0,1794,1794,0.00
May 31 2019,Walla Walla,WA,Passenger,46,58,104,36916,37020,0.28
March 31 2019,Prince William,VA,Passenger,0,4,4,260,264,1.52
April 30 2019,Pacific,WA,Truck,0,0,0,7869,7869,0.00
May 31 2019,Dekalb,GA,Passenger,1,0,1,73,74,1.35
April 30 2019,El Paso,TX,Passenger,2,0,2,498,500,0.40
March 31 2019,Ramsey,MN,Passenger,1,0,1,39,40,2.50
May 31 2019,Washtenaw,MI,Passenger,1,0,1,29,30,3.33
April 30 2019,Harnett,NC,Passenger,0,1,1,210,211,0.47
May 31 2019,Douglas,WA,Truck,0,0,0,12523,12523,0.00
April 30 2019,Spartanburg,SC,Passenger,0,1,1,26,27,3.70
May 31 2019,Williamson,TX,Passenger,1,0,1,121,122,0.82
March 31 2019,Russell,AL,Passenger,1,0,1,39,40,2.50
April 30 2019,Franklin,WA,Passenger,60,70,130,60787,60917,0.21
April 30 2019,Twin Falls,ID,Passenger,0,1,1,19,20,5.00
April 30 2019,Pima,AZ,Passenger,0,1,1,378,379,0.26
April 30 2019,Jefferson,NY,Passenger,0,2,2,240,242,0.83
April 30 2019,Fresno,CA,Passenger,1,0,1,184,185,0.54
June 30 2019,Ada,ID,Passenger,0,2,2,282,284,0.70
April 30 2019,Clark,NV,Passenger,2,1,3,657,660,0.45
June 30 2019,Alameda,CA,Passenger,4,2,6,301,307,1.95
April 30 2019,Gallatin,MT,Passenger,0,1,1,53,54,1.85
April 30 2019,Virginia Beach City,VA,Passenger,0,1,1,682,683,0.15
March 31 2019,San Francisco,CA,Passenger,2,1,3,102,105,2.86
April 30 2019,Polk,FL,Passenger,1,0,1,64,65,1.54
April 30 2019,Kent,DE,Passenger,0,1,1,74,75,1.33
April 30 2019,Cochise,AZ,Passenger,0,1,1,121,122,0.82
May 31 2019,Franklin,WA,Truck,0,0,0,19894,19894,0.00
April 30 2019,Columbia,GA,Passenger,1,1,2,151,153,1.31
May 31 2019,Frederick,MD,Passenger,2,1,3,87,90,3.33
April 30 2019,Kittitas,WA,Passenger,76,37,113,30225,30338,0.37
April 30 2019,Columbia,WA,Truck,0,0,0,1599,1599,0.00
March 31 2019,Skagit,WA,Truck,1,0,1,33252,33253,0.00
April 30 2019,Grant,WA,Truck,0,0,0,27462,27462,0.00
April 30 2019,Wayne,MI,Passenger,0,1,1,68,69,1.45
May 31 2019,Gallatin,MT,Passenger,0,1,1,53,54,1.85
June 30 2019,Bexar,TX,Passenger,3,6,9,630,639,1.41
April 30 2019,Contra Costa,CA,Passenger,2,0,2,207,209,0.96
March 31 2019,Snohomish,WA,Truck,1,0,1,125887,125888,0.00
April 30 2019,Kittitas,WA,Truck,0,0,0,14809,14809,0.00
April 30 2019,Klamath,OR,Passenger,1,0,1,28,29,3.45
April 30 2019,Grays Harbor,WA,Truck,0,0,0,20955,20955,0.00
April 30 2019,Whitman,WA,Passenger,30,49,79,23193,23272,0.34
April 30 2019,Kootenai,ID,Passenger,1,1,2,194,196,1.02
June 30 2019,Broward,FL,Passenger,1,1,2,121,123,1.63
March 31 2019,Spokane,WA,Passenger,527,424,951,315211,316162,0.30
April 30 2019,Saint Lucie,FL,Passenger,1,0,1,27,28,3.57
April 30 2019,Dale,AL,Passenger,0,1,1,63,64,1.56
May 31 2019,Anne Arundel,MD,Passenger,1,3,4,446,450,0.89
May 31 2019,Hidalgo,TX,Passenger,0,1,1,88,89,1.12
May 31 2019,Asotin,WA,Passenger,13,9,22,12977,12999,0.17
March 31 2019,Tarrant,TX,Passenger,2,0,2,184,186,1.08
April 30 2019,Maui,HI,Passenger,1,0,1,46,47,2.13
April 30 2019,Dekalb,IN,Passenger,1,0,1,1,2,50.00
April 30 2019,Santa Cruz,CA,Passenger,1,0,1,36,37,2.70
April 30 2019,Deschutes,OR,Passenger,2,0,2,137,139,1.44
March 31 2019,Umatilla,WA,Truck,0,0,0,2,2,0.00
May 31 2019,Jefferson,NY,Passenger,0,2,2,236,238,0.84
June 30 2019,Cook,IL,Passenger,1,0,1,226,227,0.44
April 30 2019,El Paso,CO,Passenger,1,2,3,732,735,0.41
June 30 2019,Cowlitz,WA,Truck,0,0,0,29695,29695,0.00
May 31 2019,Kent,DE,Passenger,0,1,1,75,76,1.32
April 30 2019,Kern,CA,Passenger,1,1,2,233,235,0.85
May 31 2019,Kittitas,WA,Truck,0,0,0,14856,14856,0.00
March 31 2019,Washoe,NV,Passenger,2,0,2,91,93,2.15
March 31 2019,Wayne,MI,Passenger,0,1,1,66,67,1.49
June 30 2019,District Of Columbia,DC,Passenger,1,3,4,209,213,1.88
April 30 2019,King,WA,Truck,6,1,7,186783,186790,0.00
March 31 2019,Whitman,WA,Passenger,28,45,73,23219,23292,0.31
May 31 2019,Kootenai,ID,Passenger,1,1,2,195,197,1.02
April 30 2019,Frederick,MD,Passenger,2,1,3,84,87,3.45
March 31 2019,Whitman,WA,Truck,0,0,0,8779,8779,0.00
April 30 2019,Tuolumne,CA,Passenger,0,1,1,11,12,8.33
May 31 2019,Camden,GA,Passenger,0,1,1,162,163,0.61
June 30 2019,Duval,FL,Passenger,1,1,2,360,362,0.55
April 30 2019,Larimer,CO,Passenger,0,1,1,49,50,2.00
April 30 2019,Valencia,NM,Passenger,1,0,1,6,7,14.29
April 30 2019,Palm Beach,FL,Passenger,0,1,1,78,79,1.27
April 30 2019,Vigo,IN,Passenger,1,0,1,5,6,16.67
June 30 2019,El Paso,TX,Passenger,2,0,2,494,496,0.40
May 31 2019,Liberty,GA,Passenger,1,0,1,136,137,0.73
April 30 2019,Walla Walla,WA,Truck,0,0,0,14058,14058,0.00
April 30 2019,Pend Oreille,WA,Passenger,5,5,10,9865,9875,0.10
April 30 2019,Pend Oreille,WA,Truck,0,0,0,6016,6016,0.00
April 30 2019,Lewis,WA,Passenger,102,97,199,60094,60293,0.33
June 30 2019,Ferry,WA,Truck,0,0,0,3752,3752,0.00
April 30 2019,Lewis,WA,Truck,0,0,0,26675,26675,0.00
May 31 2019,Los Angeles,CA,Passenger,10,4,14,1070,1084,1.29
June 30 2019,Flathead,MT,Passenger,1,0,1,54,55,1.82
April 30 2019,Hidalgo,TX,Passenger,0,1,1,91,92,1.09
May 31 2019,Columbia,WA,Passenger,2,2,4,2503,2507,0.16
April 30 2019,Brevard,FL,Passenger,0,1,1,74,75,1.33
June 30 2019,Franklin,WA,Passenger,59,74,133,61191,61324,0.22
June 30 2019,Fulton,GA,Passenger,1,2,3,99,102,2.94
April 30 2019,Bryan,GA,Passenger,1,0,1,57,58,1.72
June 30 2019,Garfield,WA,Passenger,1,1,2,1325,1327,0.15
May 31 2019,District Of Columbia,DC,Passenger,1,3,4,210,214,1.87
April 30 2019,Calvert,MD,Passenger,0,2,2,93,95,2.11
May 31 2019,Mason,WA,Passenger,141,125,266,48024,48290,0.55
May 31 2019,Douglas,NE,Passenger,0,1,1,60,61,1.64
June 30 2019,Grant,WA,Truck,0,0,0,27607,27607,0.00
May 31 2019,Dupage,IL,Passenger,1,0,1,53,54,1.85
April 30 2019,Clackamas,OR,Passenger,0,1,1,192,193,0.52
April 30 2019,Skagit,WA,Passenger,326,213,539,93426,93965,0.57
April 30 2019,Skamania,WA,Passenger,23,16,39,8970,9009,0.43
April 30 2019,Clark,WA,Passenger,1526,938,2464,318542,321006,0.77
May 31 2019,Moore,NC,Passenger,0,1,1,187,188,0.53
April 30 2019,Snohomish,WA,Passenger,3461,1643,5104,538418,543522,0.94
May 31 2019,Ferry,WA,Passenger,5,2,7,4574,4581,0.15
April 30 2019,Montgomery,PA,Passenger,2,0,2,26,28,7.14
April 30 2019,Liberty,GA,Passenger,1,0,1,140,141,0.71
May 31 2019,Cascade,MT,Passenger,0,1,1,60,61,1.64
April 30 2019,Stevens,WA,Passenger,22,31,53,32568,32621,0.16
May 31 2019,Franklin,WA,Passenger,61,73,134,61092,61226,0.22
April 30 2019,Sumter,FL,Passenger,0,1,1,9,10,10.00
May 31 2019,Chaves,NM,Passenger,1,0,1,7,8,12.50
April 30 2019,New Castle,DE,Passenger,1,0,1,24,25,4.00
April 30 2019,Dakota,MN,Passenger,0,1,1,31,32,3.12
May 31 2019,Ozaukee,WI,Passenger,0,1,1,3,4,25.00
April 30 2019,Travis,TX,Passenger,1,1,2,175,177,1.13
April 30 2019,Oklahoma,OK,Passenger,0,1,1,117,118,0.85
May 31 2019,Pacific,WA,Truck,0,0,0,7865,7865,0.00
April 30 2019,Manassas City,VA,Passenger,0,1,1,7,8,12.50
June 30 2019,Kent,MI,Passenger,0,1,1,20,21,4.76
May 31 2019,Grays Harbor,WA,Truck,0,0,0,21004,21004,0.00
June 30 2019,King,WA,Truck,6,1,7,186890,186897,0.00
April 30 2019,Wahkiakum,WA,Passenger,2,2,4,3070,3074,0.13
May 31 2019,Guadalupe,TX,Passenger,2,0,2,63,65,3.08
May 31 2019,Clark,WA,Passenger,1586,953,2539,319183,321722,0.79
April 30 2019,Douglas,WA,Passenger,56,34,90,28586,28676,0.31
May 31 2019,Palm Beach,FL,Passenger,0,1,1,76,77,1.30
May 31 2019,Cochise,AZ,Passenger,0,1,1,118,119,0.84
April 30 2019,Washtenaw,MI,Passenger,1,0,1,28,29,3.45
May 31 2019,Pima,AZ,Passenger,0,1,1,374,375,0.27
May 31 2019,Pinal,AZ,Passenger,1,0,1,165,166,0.60
April 30 2019,Flathead,MT,Passenger,1,0,1,52,53,1.89
April 30 2019,Multnomah,OR,Passenger,4,5,9,729,738,1.22
May 31 2019,Polk,FL,Passenger,1,0,1,65,66,1.52
April 30 2019,Whatcom,WA,Passenger,880,413,1293,152649,153942,0.84
April 30 2019,Garfield,WA,Truck,0,0,0,985,985,0.00
June 30 2019,Mason,OR,Passenger,2,0,2,9,11,18.18
April 30 2019,Yakima,WA,Truck,0,0,0,61420,61420,0.00
April 30 2019,Goochland,VA,Passenger,1,1,2,203,205,0.98
April 30 2019,San Juan,WA,Passenger,209,73,282,14674,14956,1.89
April 30 2019,Okanogan,WA,Passenger,3,7,10,6219,6229,0.16
April 30 2019,Sangamon,IL,Passenger,2,0,2,8,10,20.00
May 31 2019,El Paso,CO,Passenger,0,1,1,720,721,0.14
June 30 2019,Monroe,IL,Passenger,1,0,1,4,5,20.00
April 30 2019,Okanogan,WA,Truck,0,0,0,4218,4218,0.00
June 30 2019,Montgomery,PA,Passenger,2,0,2,25,27,7.41
May 31 2019,Juneau,AK,Passenger,0,2,2,28,30,6.67
April 30 2019,Spokane,WA,Truck,1,0,1,97734,97735,0.00
April 30 2019,Howard,MD,Passenger,0,1,1,92,93,1.08
June 30 2019,Montgomery,TX,Passenger,1,0,1,50,51,1.96
April 30 2019,Ozaukee,WI,Passenger,0,1,1,3,4,25.00
April 30 2019,Island,WA,Passenger,327,253,580,64385,64965,0.89
May 31 2019,Fresno,CA,Passenger,1,0,1,184,185,0.54
May 31 2019,Kitsap,WA,Truck,1,0,1,55339,55340,0.00
May 31 2019,Klamath,OR,Passenger,1,0,1,28,29,3.45
April 30 2019,Thurston,WA,Passenger,909,657,1566,200020,201586,0.78
April 30 2019,Jefferson,WA,Passenger,199,128,327,25341,25668,1.27
April 30 2019,Thurston,WA,Truck,0,0,0,56413,56413,0.00
April 30 2019,Pierce,WA,Truck,0,0,0,143712,143712,0.00
April 30 2019,Pinal,AZ,Passenger,1,0,1,166,167,0.60
May 31 2019,Skamania,WA,Passenger,25,17,42,8971,9013,0.47
April 30 2019,Kitsap,WA,Passenger,1084,598,1682,183292,184974,0.91
May 31 2019,Chelan,WA,Truck,0,0,0,22886,22886,0.00
April 30 2019,Kitsap,WA,Truck,1,0,1,55213,55214,0.00
May 31 2019,Lewis,WA,Truck,0,0,0,26747,26747,0.00
May 31 2019,Sumter,FL,Passenger,0,1,1,10,11,9.09
May 31 2019,Jefferson,WA,Passenger,202,129,331,25429,25760,1.28
May 31 2019,Maricopa,AZ,Passenger,6,2,8,1348,1356,0.59
June 30 2019,Prince William,VA,Passenger,1,3,4,254,258,1.55
May 31 2019,Columbia,WA,Truck,0,0,0,1601,1601,0.00
April 30 2019,Lincoln,WA,Passenger,5,7,12,8007,8019,0.15
April 30 2019,Riverside,CA,Passenger,1,1,2,644,646,0.31
April 30 2019,Lincoln,WA,Truck,0,0,0,4837,4837,0.00
May 31 2019,Maui,HI,Passenger,1,0,1,45,46,2.17
May 31 2019,Denver,CO,Passenger,1,0,1,119,120,0.83
June 30 2019,Saint Clair,IL,Passenger,0,1,1,158,159,0.63
May 31 2019,Travis,TX,Passenger,1,1,2,178,180,1.11
May 31 2019,Klickitat,WA,Passenger,39,34,73,15900,15973,0.46
May 31 2019,Deschutes,OR,Passenger,2,0,2,138,140,1.43
April 30 2019,Saint Marys,MD,Passenger,1,0,1,198,199,0.50
May 31 2019,Valencia,NM,Passenger,1,0,1,5,6,16.67
May 31 2019,Vigo,IN,Passenger,1,0,1,5,6,16.67
May 31 2019,Albemarle,VA,Passenger,1,0,1,28,29,3.45
June 30 2019,Sangamon,IL,Passenger,1,0,1,7,8,12.50
May 31 2019,Wahkiakum,WA,Passenger,3,3,6,3079,3085,0.19
April 30 2019,Marion,OR,Passenger,1,0,1,105,106,0.94
April 30 2019,San Juan,WA,Truck,0,0,0,6023,6023,0.00
May 31 2019,Douglas,OR,Passenger,1,0,1,50,51,1.96
June 30 2019,Santa Barbara,CA,Passenger,1,0,1,96,97,1.03
May 31 2019,Montgomery,PA,Passenger,2,0,2,25,27,7.41
April 30 2019,Mason,OR,Passenger,1,0,1,7,8,12.50
April 30 2019,Santa Clara,CA,Passenger,6,1,7,346,353,1.98
April 30 2019,Mecklenburg,NC,Passenger,1,0,1,83,84,1.19
May 31 2019,Benton,WA,Passenger,268,281,549,136230,136779,0.40
May 31 2019,New Castle,DE,Passenger,1,0,1,23,24,4.17
June 30 2019,Shasta,CA,Passenger,1,0,1,44,45,2.22
May 31 2019,Whatcom,WA,Passenger,896,432,1328,152963,154291,0.86
April 30 2019,Shelby,TN,Passenger,0,1,1,98,99,1.01
May 31 2019,Brevard,FL,Passenger,0,1,1,74,75,1.33
May 31 2019,Mecklenburg,NC,Passenger,1,0,1,82,83,1.20
June 30 2019,Snohomish,WA,Passenger,3645,1697,5342,540641,545983,0.98
June 30 2019,Spokane,WA,Truck,1,0,1,98123,98124,0.00
May 31 2019,Pacific,WA,Passenger,34,31,65,16221,16286,0.40
June 30 2019,,CA,Passenger,1,2,3,254,257,1.17
June 30 2019,Stevens,WA,Passenger,22,34,56,32575,32631,0.17
April 30 2019,Nassau,NY,Passenger,2,0,2,35,37,5.41
May 31 2019,Clallam,WA,Passenger,177,144,321,51494,51815,0.62
June 30 2019,Thurston,WA,Passenger,967,686,1653,200830,202483,0.82
June 30 2019,Arlington,VA,Passenger,0,2,2,149,151,1.32
April 30 2019,Tulsa,OK,Passenger,0,1,1,42,43,2.33
June 30 2019,Bell,TX,Passenger,0,1,1,454,455,0.22
April 30 2019,Volusia,FL,Passenger,0,1,1,31,32,3.12
June 30 2019,Tuolumne,CA,Passenger,0,1,1,11,12,8.33
June 30 2019,Benton,WA,Truck,0,0,0,43136,43136,0.00
June 30 2019,Umatilla,WA,Truck,0,0,0,2,2,0.00
May 31 2019,Dakota,MN,Passenger,0,1,1,32,33,3.03
April 30 2019,Riley,KS,Passenger,1,0,1,73,74,1.35
May 31 2019,Kent,MI,Passenger,0,1,1,20,21,4.76
May 31 2019,Shasta,CA,Passenger,1,0,1,44,45,2.22
May 31 2019,Kern,CA,Passenger,1,1,2,232,234,0.85
May 31 2019,Russell,AL,Passenger,1,0,1,37,38,2.63
April 30 2019,Russell,AL,Passenger,1,0,1,38,39,2.56
May 31 2019,Skagit,WA,Passenger,326,219,545,93553,94098,0.58
May 31 2019,King,WA,Passenger,19106,7249,26355,1407517,1433872,1.84
June 30 2019,Carson City,NV,Passenger,1,0,1,9,10,10.00
May 31 2019,,CA,Passenger,1,2,3,252,255,1.18
May 31 2019,Saginaw,MI,Passenger,1,0,1,11,12,8.33
May 31 2019,King,WA,Truck,6,1,7,186808,186815,0.00
July 31 2019,Adams,WA,Truck,0,0,0,5366,5366,0.00
July 31 2019,Albemarle,VA,Passenger,1,0,1,28,29,3.45
May 31 2019,San Juan,WA,Passenger,210,75,285,14679,14964,1.90
May 31 2019,Asotin,WA,Truck,0,0,0,6869,6869,0.00
April 30 2019,Santa Rosa,FL,Passenger,1,0,1,83,84,1.19
June 30 2019,Clark,WA,Truck,0,0,0,82602,82602,0.00
May 31 2019,San Mateo,CA,Passenger,2,1,3,121,124,2.42
May 31 2019,Bell,TX,Passenger,0,1,1,456,457,0.22
April 30 2019,Shasta,CA,Passenger,1,0,1,42,43,2.33
May 31 2019,Glacier,MT,Passenger,0,1,1,4,5,20.00
May 31 2019,Virginia Beach City,VA,Passenger,0,1,1,692,693,0.14
May 31 2019,Snohomish,WA,Truck,1,0,1,125940,125941,0.00
July 31 2019,Benton,WA,Passenger,283,300,583,136741,137324,0.42
May 31 2019,Solano,CA,Passenger,1,0,1,220,221,0.45
May 31 2019,Lewis,WA,Passenger,105,99,204,60298,60502,0.34
June 30 2019,Cowlitz,WA,Passenger,108,123,231,74403,74634,0.31
May 31 2019,Broward,FL,Passenger,1,1,2,122,124,1.61
April 30 2019,Stevens,WA,Truck,0,0,0,19467,19467,0.00
July 31 2019,Bexar,TX,Passenger,2,6,8,626,634,1.26
June 30 2019,Cumberland,NC,Passenger,0,2,2,523,525,0.38
May 31 2019,Stevens,WA,Truck,0,0,0,19445,19445,0.00
May 31 2019,Bryan,GA,Passenger,1,0,1,56,57,1.75
May 31 2019,Carson City,NV,Passenger,1,0,1,9,10,10.00
May 31 2019,Whitman,WA,Passenger,32,49,81,23174,23255,0.35
May 31 2019,Thurston,WA,Truck,0,0,0,56449,56449,0.00
May 31 2019,Manassas City,VA,Passenger,0,1,1,7,8,12.50
May 31 2019,Jefferson,CO,Passenger,0,2,2,64,66,3.03
May 31 2019,Clackamas,OR,Passenger,0,1,1,197,198,0.51
April 30 2019,Walla Walla,WA,Passenger,47,58,105,36894,36999,0.28
July 31 2019,Chelan,WA,Passenger,161,71,232,55628,55860,0.42
June 30 2019,Adams,WA,Passenger,5,6,11,13133,13144,0.08
April 30 2019,Whitman,WA,Truck,0,0,0,8798,8798,0.00
May 31 2019,Cook,IL,Passenger,1,0,1,227,228,0.44
May 31 2019,Washoe,NV,Passenger,2,0,2,93,95,2.11
June 30 2019,Albemarle,VA,Passenger,1,0,1,28,29,3.45
July 31 2019,Clallam,WA,Passenger,188,150,338,51561,51899,0.65
May 31 2019,Montgomery,TX,Passenger,1,0,1,48,49,2.04
April 30 2019,Williamson,TX,Passenger,1,0,1,123,124,0.81
June 30 2019,Glacier,MT,Passenger,0,1,1,4,5,20.00
July 31 2019,Clay,FL,Passenger,0,1,1,87,88,1.14
May 31 2019,Multnomah,OR,Passenger,5,5,10,726,736,1.36
May 31 2019,Whitman,WA,Truck,0,0,0,8813,8813,0.00
May 31 2019,Cumberland,NC,Passenger,0,2,2,526,528,0.38
June 30 2019,Grant,WA,Passenger,44,66,110,66458,66568,0.17
May 31 2019,Ada,ID,Passenger,0,2,2,284,286,0.70
June 30 2019,Grays Harbor,WA,Passenger,85,88,173,48826,48999,0.35
May 31 2019,Yakima,WA,Passenger,105,113,218,169667,169885,0.13
May 31 2019,Okanogan,,Passenger,19,16,35,20696,20731,0.17
May 31 2019,Lincoln,WA,Passenger,5,9,14,8020,8034,0.17
June 30 2019,Benton,WA,Passenger,272,289,561,136382,136943,0.41
May 31 2019,Okanogan,WA,Passenger,3,7,10,6200,6210,0.16
May 31 2019,Alameda,CA,Passenger,3,2,5,300,305,1.64
May 31 2019,Oldham,KY,Passenger,0,1,1,4,5,20.00
May 31 2019,Duval,FL,Passenger,1,1,2,362,364,0.55
June 30 2019,Bucks,PA,Passenger,1,0,1,19,20,5.00
June 30 2019,Harnett,NC,Passenger,0,1,1,209,210,0.48
May 31 2019,Mason,WA,Truck,0,0,0,21020,21020,0.00
June 30 2019,Hennepin,MN,Passenger,2,0,2,98,100,2.00
May 31 2019,Bexar,TX,Passenger,3,5,8,638,646,1.24
June 30 2019,Boulder,CO,Passenger,1,0,1,38,39,2.56
June 30 2019,Hidalgo,TX,Passenger,0,1,1,86,87,1.15
July 31 2019,Douglas,WA,Truck,0,0,0,12551,12551,0.00
May 31 2019,Pierce,WA,Passenger,1976,1620,3596,552741,556337,0.65
June 30 2019,Brevard,FL,Passenger,0,1,1,74,75,1.33
May 31 2019,Ferry,WA,Truck,0,0,0,3773,3773,0.00
May 31 2019,Flathead,MT,Passenger,1,0,1,53,54,1.85
June 30 2019,Bryan,GA,Passenger,1,0,1,57,58,1.72
June 30 2019,Clallam,WA,Passenger,184,148,332,51433,51765,0.64
May 31 2019,Montgomery,AL,Passenger,0,1,1,42,43,2.33
May 31 2019,Prince William,VA,Passenger,1,4,5,255,260,1.92
June 30 2019,Clark,NV,Passenger,2,1,3,654,657,0.46
July 31 2019,Fulton,GA,Passenger,0,2,2,97,99,2.02
May 31 2019,Garfield,WA,Passenger,1,1,2,1320,1322,0.15
June 30 2019,Columbia,WA,Truck,0,0,0,1601,1601,0.00
May 31 2019,Chelan,WA,Passenger,153,70,223,55571,55794,0.40
May 31 2019,Ramsey,MN,Passenger,1,0,1,39,40,2.50
May 31 2019,Garfield,WA,Truck,0,0,0,980,980,0.00
June 30 2019,Kittitas,WA,Truck,0,0,0,14895,14895,0.00
June 30 2019,Klickitat,WA,Truck,0,0,0,8518,8518,0.00
May 31 2019,Clark,NV,Passenger,2,1,3,656,659,0.46
May 31 2019,Goochland,VA,Passenger,1,1,2,207,209,0.96
June 30 2019,Chelan,WA,Truck,0,0,0,22918,22918,0.00
May 31 2019,Riverside,CA,Passenger,1,1,2,637,639,0.31
May 31 2019,Clark,WA,Truck,0,0,0,82509,82509,0.00
May 31 2019,Clay,FL,Passenger,0,1,1,88,89,1.12
June 30 2019,Larimer,CO,Passenger,0,1,1,51,52,1.92
May 31 2019,Saint Clair,IL,Passenger,0,1,1,156,157,0.64
June 30 2019,Dale,AL,Passenger,0,1,1,66,67,1.49
May 31 2019,Orange,CA,Passenger,5,1,6,541,547,1.10
June 30 2019,Clackamas,OR,Passenger,0,1,1,197,198,0.51
May 31 2019,Harnett,NC,Passenger,0,1,1,210,211,0.47
June 30 2019,Cochise,AZ,Passenger,0,1,1,119,120,0.83
May 31 2019,Cowlitz,WA,Passenger,107,124,231,74305,74536,0.31
May 31 2019,Skagit,WA,Truck,1,0,1,33397,33398,0.00
May 31 2019,Pend Oreille,WA,Passenger,5,5,10,9901,9911,0.10
May 31 2019,Cowlitz,WA,Truck,0,0,0,29682,29682,0.00
May 31 2019,Skamania,WA,Truck,0,0,0,4236,4236,0.00
July 31 2019,Island,WA,Truck,0,0,0,21857,21857,0.00
May 31 2019,Dale,AL,Passenger,0,1,1,66,67,1.49
May 31 2019,Tarrant,TX,Passenger,2,0,2,183,185,1.08
July 31 2019,Jefferson,CO,Passenger,0,2,2,64,66,3.03
June 30 2019,Denver,CO,Passenger,1,0,1,120,121,0.83
June 30 2019,Deschutes,OR,Passenger,2,0,2,137,139,1.44
May 31 2019,Riley,KS,Passenger,1,0,1,70,71,1.41
May 31 2019,Twin Falls,ID,Passenger,0,1,1,19,20,5.00
May 31 2019,Umatilla,WA,Truck,0,0,0,2,2,0.00
May 31 2019,Kitsap,WA,Passenger,1112,611,1723,183777,185500,0.93
May 31 2019,El Paso,TX,Passenger,2,0,2,491,493,0.41
May 31 2019,Volusia,FL,Passenger,0,1,1,32,33,3.03
July 31 2019,Kent,MI,Passenger,0,1,1,20,21,4.76
July 31 2019,Klickitat,WA,Passenger,40,34,74,15912,15986,0.46
May 31 2019,Santa Rosa,FL,Passenger,1,0,1,84,85,1.18
June 30 2019,Howard,MD,Passenger,0,1,1,89,90,1.11
May 31 2019,Fulton,GA,Passenger,1,2,3,101,104,2.88
May 31 2019,Whatcom,WA,Truck,2,0,2,43916,43918,0.00
June 30 2019,Oklahoma,OK,Passenger,0,2,2,120,122,1.64
June 30 2019,Jefferson,CO,Passenger,0,2,2,64,66,3.03
May 31 2019,Grant,WA,Passenger,42,64,106,66342,66448,0.16
May 31 2019,Grant,WA,Truck,0,0,0,27537,27537,0.00
May 31 2019,Lumpkin,GA,Passenger,1,0,1,6,7,14.29
May 31 2019,Grays Harbor,WA,Passenger,85,87,172,48755,48927,0.35
June 30 2019,Garfield,WA,Truck,0,0,0,988,988,0.00
May 31 2019,Spartanburg,SC,Passenger,0,1,1,28,29,3.45
June 30 2019,Pend Oreille,WA,Passenger,5,5,10,9889,9899,0.10
July 31 2019,Mason,WA,Passenger,149,130,279,48304,48583,0.57
May 31 2019,Mason,OR,Passenger,2,0,2,9,11,18.18
June 30 2019,Goochland,VA,Passenger,1,1,2,205,207,0.97
June 30 2019,Pinellas,FL,Passenger,1,0,1,95,96,1.04
May 31 2019,Hennepin,MN,Passenger,2,0,2,99,101,1.98
May 31 2019,Monroe,IL,Passenger,1,0,1,4,5,20.00
July 31 2019,Montgomery,AL,Passenger,0,1,1,39,40,2.50
May 31 2019,Island,WA,Truck,0,0,0,21794,21794,0.00
June 30 2019,Camden,GA,Passenger,0,1,1,162,163,0.61
May 31 2019,Nueces,TX,Passenger,1,1,2,98,100,2.00
June 30 2019,Marion,OR,Passenger,1,0,1,105,106,0.94
June 30 2019,Kern,CA,Passenger,1,1,2,230,232,0.86
May 31 2019,Jefferson,WA,Truck,0,0,0,9901,9901,0.00
June 30 2019,Santa Fe,NM,Passenger,0,1,1,33,34,2.94
June 30 2019,King,WA,Passenger,19577,7316,26893,1409216,1436109,1.87
July 31 2019,Osceola,FL,Passenger,1,0,1,36,37,2.70
June 30 2019,Kitsap,WA,Passenger,1127,628,1755,183890,185645,0.95
June 30 2019,Anne Arundel,MD,Passenger,1,3,4,441,445,0.90
June 30 2019,Asotin,WA,Passenger,13,9,22,12947,12969,0.17
June 30 2019,Spartanburg,SC,Passenger,0,1,1,28,29,3.45
May 31 2019,Klickitat,WA,Truck,0,0,0,8507,8507,0.00
June 30 2019,Asotin,WA,Truck,0,0,0,6882,6882,0.00
June 30 2019,Multnomah,OR,Passenger,5,5,10,713,723,1.38
July 31 2019,Pima,AZ,Passenger,0,1,1,366,367,0.27
June 30 2019,Sumter,FL,Passenger,0,1,1,10,11,9.09
June 30 2019,Clark,WA,Passenger,1648,967,2615,319735,322350,0.81
July 31 2019,Polk,FL,Passenger,1,0,1,66,67,1.49
May 31 2019,Larimer,CO,Passenger,0,1,1,51,52,1.92
July 31 2019,Prince William,VA,Passenger,1,3,4,251,255,1.57
June 30 2019,Lewis,WA,Passenger,107,98,205,60385,60590,0.34
June 30 2019,Travis,TX,Passenger,1,1,2,175,177,1.13
June 30 2019,Lincoln,WA,Passenger,4,9,13,8021,8034,0.16
June 30 2019,Columbia,WA,Passenger,2,2,4,2507,2511,0.16
June 30 2019,Ventura,CA,Passenger,0,2,2,321,323,0.62
June 30 2019,Wahkiakum,WA,Passenger,2,3,5,3077,3082,0.16
July 31 2019,Saint Clair,IL,Passenger,0,1,1,155,156,0.64
June 30 2019,Caddo,LA,Passenger,1,1,2,22,24,8.33
June 30 2019,Manassas City,VA,Passenger,0,1,1,7,8,12.50
June 30 2019,Pierce,WA,Truck,0,0,0,144066,144066,0.00
May 31 2019,Santa Barbara,CA,Passenger,1,0,1,94,95,1.05
May 31 2019,Santa Fe,NM,Passenger,0,1,1,34,35,2.86
June 30 2019,Cascade,MT,Passenger,0,1,1,62,63,1.59
June 30 2019,Mason,WA,Truck,0,0,0,21010,21010,0.00
June 30 2019,Douglas,NE,Passenger,0,1,1,59,60,1.67
June 30 2019,Douglas,OR,Passenger,1,0,1,49,50,2.00
June 30 2019,Chaves,NM,Passenger,1,0,1,8,9,11.11
June 30 2019,Riverside,CA,Passenger,1,1,2,633,635,0.31
July 31 2019,Tarrant,TX,Passenger,2,0,2,180,182,1.10
June 30 2019,Yakima,WA,Truck,0,0,0,61541,61541,0.00
May 31 2019,Montgomery,MD,Passenger,1,4,5,280,285,1.75
May 31 2019,Snohomish,WA,Passenger,3542,1677,5219,539527,544746,0.96
July 31 2019,Thurston,WA,Passenger,993,700,1693,201250,202943,0.83
July 31 2019,Alexandria City,VA,Passenger,4,0,4,146,150,2.67
May 31 2019,Stevens,WA,Passenger,23,33,56,32578,32634,0.17
July 31 2019,Umatilla,WA,Truck,0,0,0,2,2,0.00
June 30 2019,San Juan,WA,Truck,0,0,0,6051,6051,0.00
June 30 2019,Guadalupe,TX,Passenger,2,0,2,61,63,3.17
May 31 2019,Oklahoma,OK,Passenger,0,2,2,118,120,1.67
June 30 2019,Okanogan,WA,Passenger,3,7,10,6167,6177,0.16
June 30 2019,Oldham,KY,Passenger,0,1,1,4,5,20.00
June 30 2019,Orange,CA,Passenger,5,1,6,537,543,1.10
July 31 2019,Vigo,IN,Passenger,1,0,1,5,6,16.67
May 31 2019,Tuolumne,CA,Passenger,0,1,1,11,12,8.33
July 31 2019,Walla Walla,WA,Truck,0,0,0,14054,14054,0.00
June 30 2019,Ferry,WA,Passenger,5,2,7,4573,4580,0.15
May 31 2019,Pinellas,FL,Passenger,1,0,1,93,94,1.06
June 30 2019,Pierce,WA,Passenger,2036,1661,3697,553636,557333,0.66
June 30 2019,Jefferson,WA,Passenger,208,130,338,25414,25752,1.31
June 30 2019,Franklin,WA,Truck,0,0,0,19912,19912,0.00
July 31 2019,Boulder,CO,Passenger,1,0,1,40,41,2.44
June 30 2019,Fresno,CA,Passenger,1,0,1,184,185,0.54
August 31 2019,Adams,WA,Truck,0,0,0,5372,5372,0.00
May 31 2019,Yakima,WA,Truck,0,0,0,61499,61499,0.00
August 31 2019,Allegheny,PA,Passenger,1,0,1,71,72,1.39
June 30 2019,Putnam,TN,Passenger,0,1,1,2,3,33.33
August 31 2019,Arlington,VA,Passenger,0,2,2,146,148,1.35
June 30 2019,Kittitas,WA,Passenger,85,40,125,30311,30436,0.41
June 30 2019,,,Passenger,9,6,15,2080,2095,0.72
June 30 2019,Volusia,FL,Passenger,0,1,1,32,33,3.03
June 30 2019,Klamath,OR,Passenger,1,0,1,28,29,3.45
May 31 2019,Saint Lucie,FL,Passenger,1,0,1,26,27,3.70
June 30 2019,Grays Harbor,WA,Truck,0,0,0,20996,20996,0.00
June 30 2019,Adams,WA,Truck,0,0,0,5365,5365,0.00
June 30 2019,Klickitat,WA,Passenger,39,33,72,15902,15974,0.45
June 30 2019,Riley,KS,Passenger,1,0,1,69,70,1.43
June 30 2019,Alexandria City,VA,Passenger,4,0,4,145,149,2.68
June 30 2019,Westchester,NY,Passenger,0,1,1,29,30,3.33
May 31 2019,San Francisco,CA,Passenger,2,1,3,99,102,2.94
July 31 2019,Columbia,WA,Passenger,2,2,4,2512,2516,0.16
May 31 2019,Sangamon,IL,Passenger,1,0,1,8,9,11.11
June 30 2019,Santa Rosa,FL,Passenger,1,0,1,85,86,1.16
August 31 2019,Boone,MO,Passenger,0,1,1,7,8,12.50
May 31 2019,Santa Cruz,CA,Passenger,1,0,1,37,38,2.63
June 30 2019,Sedgwick,KS,Passenger,1,0,1,98,99,1.01
June 30 2019,Solano,CA,Passenger,1,0,1,216,217,0.46
June 30 2019,Maui,HI,Passenger,1,0,1,44,45,2.22
July 31 2019,Douglas,NE,Passenger,0,1,1,58,59,1.69
July 31 2019,Douglas,OR,Passenger,1,0,1,47,48,2.08
May 31 2019,Spokane,WA,Passenger,567,453,1020,318223,319243,0.32
May 31 2019,Spokane,WA,Truck,1,0,1,97908,97909,0.00
June 30 2019,Mecklenburg,NC,Passenger,1,0,1,84,85,1.18
July 31 2019,Asotin,WA,Truck,0,0,0,6886,6886,0.00
July 31 2019,Ferry,WA,Passenger,5,2,7,4577,4584,0.15
July 31 2019,Boone,MO,Passenger,0,1,1,7,8,12.50
August 31 2019,Cochise,AZ,Passenger,0,1,1,113,114,0.88
May 31 2019,Thurston,WA,Passenger,935,677,1612,200339,201951,0.80
July 31 2019,Broward,FL,Passenger,1,1,2,121,123,1.63
July 31 2019,Caddo,LA,Passenger,1,1,2,21,23,8.70
June 30 2019,Okanogan,,Passenger,20,18,38,20719,20757,0.18
May 31 2019,Ventura,CA,Passenger,0,2,2,322,324,0.62
June 30 2019,Lewis,WA,Truck,0,0,0,26779,26779,0.00
June 30 2019,Pacific,WA,Passenger,35,32,67,16247,16314,0.41
June 30 2019,Columbia,GA,Passenger,1,1,2,151,153,1.31
July 31 2019,Guadalupe,TX,Passenger,2,0,2,60,62,3.23
July 31 2019,Cascade,MT,Passenger,0,1,1,62,63,1.59
August 31 2019,Dekalb,GA,Passenger,1,0,1,70,71,1.41
May 31 2019,Walla Walla,WA,Truck,0,0,0,14073,14073,0.00
June 30 2019,Contra Costa,CA,Passenger,2,0,2,204,206,0.97
June 30 2019,Pend Oreille,WA,Truck,0,0,0,5987,5987,0.00
July 31 2019,Harrison,MS,Passenger,1,0,1,65,66,1.52
July 31 2019,Chaves,NM,Passenger,1,0,1,8,9,11.11
June 30 2019,Maricopa,AZ,Passenger,6,3,9,1333,1342,0.67
May 31 2019,Wayne,MI,Passenger,0,1,1,67,68,1.47
August 31 2019,El Paso,CO,Passenger,0,1,1,709,710,0.14
May 31 2019,Westchester,NY,Passenger,0,1,1,29,30,3.33
June 30 2019,Dekalb,IN,Passenger,1,0,1,1,2,50.00
June 30 2019,Ramsey,MN,Passenger,1,0,1,38,39,2.56
July 31 2019,Columbia,WA,Truck,0,0,0,1598,1598,0.00
July 31 2019,Cook,IL,Passenger,1,0,1,226,227,0.44
August 31 2019,Frederick,MD,Passenger,2,1,3,86,89,3.37
June 30 2019,El Paso,CO,Passenger,0,1,1,711,712,0.14
July 31 2019,Dekalb,GA,Passenger,1,0,1,69,70,1.43
June 30 2019,Allegheny,PA,Passenger,1,0,1,71,72,1.39
June 30 2019,Moore,NC,Passenger,0,1,1,186,187,0.53
June 30 2019,New Castle,DE,Passenger,1,0,1,23,24,4.17
June 30 2019,Shelby,OH,Passenger,0,1,1,1,2,50.00
June 30 2019,Frederick,MD,Passenger,2,1,3,85,88,3.41
August 31 2019,Greene,MO,Passenger,0,1,1,21,22,4.55
July 31 2019,King,WA,Passenger,20123,7427,27550,1411065,1438615,1.92
July 31 2019,Duval,FL,Passenger,1,1,2,361,363,0.55
June 30 2019,Skagit,WA,Passenger,333,221,554,93733,94287,0.59
June 30 2019,Nueces,TX,Passenger,1,1,2,99,101,1.98
June 30 2019,Skagit,WA,Truck,1,0,1,33412,33413,0.00
June 30 2019,Skamania,WA,Truck,0,0,0,4239,4239,0.00
August 31 2019,Hidalgo,TX,Passenger,0,1,1,84,85,1.18
June 30 2019,Snohomish,WA,Truck,0,0,0,126184,126184,0.00
June 30 2019,Guilford,NC,Passenger,1,0,1,28,29,3.45
July 31 2019,Ferry,WA,Truck,0,0,0,3757,3757,0.00
June 30 2019,Stevens,WA,Truck,0,0,0,19413,19413,0.00
July 31 2019,Clark,WA,Truck,0,0,0,82846,82846,0.00
July 31 2019,Franklin,WA,Truck,0,0,0,19987,19987,0.00
July 31 2019,Lewis,WA,Passenger,108,102,210,60609,60819,0.35
June 30 2019,Harris,TX,Passenger,1,1,2,228,230,0.87
June 30 2019,Calvert,MD,Passenger,0,2,2,93,95,2.11
July 31 2019,Garfield,WA,Passenger,1,1,2,1329,1331,0.15
July 31 2019,Cowlitz,WA,Passenger,116,122,238,74487,74725,0.32
August 31 2019,Jefferson,WA,Passenger,215,133,348,25503,25851,1.35
June 30 2019,Honolulu,HI,Passenger,3,1,4,481,485,0.82
July 31 2019,Cumberland,NC,Passenger,0,2,2,517,519,0.39
June 30 2019,Tarrant,TX,Passenger,2,0,2,181,183,1.09
August 31 2019,Kent,DE,Passenger,0,1,1,74,75,1.33
June 30 2019,Charles,MD,Passenger,0,1,1,84,85,1.18
June 30 2019,Saginaw,MI,Passenger,1,0,1,11,12,8.33
June 30 2019,Twin Falls,ID,Passenger,0,1,1,21,22,4.55
June 30 2019,Umatilla,WA,Passenger,0,0,0,2,2,0.00
July 31 2019,Maricopa,AZ,Passenger,7,3,10,1327,1337,0.75
June 30 2019,Chelan,WA,Passenger,157,70,227,55571,55798,0.41
August 31 2019,Kootenai,ID,Passenger,1,1,2,192,194,1.03
June 30 2019,Wahkiakum,WA,Truck,0,0,0,1803,1803,0.00
July 31 2019,Mason,WA,Truck,0,0,0,21051,21051,0.00
July 31 2019,Dupage,IL,Passenger,2,0,2,49,51,3.92
June 30 2019,San Juan,WA,Passenger,215,76,291,14721,15012,1.94
June 30 2019,Clallam,WA,Truck,1,0,1,22273,22274,0.00
June 30 2019,San Mateo,CA,Passenger,2,1,3,114,117,2.56
June 30 2019,Clay,FL,Passenger,0,1,1,89,90,1.11
July 31 2019,Fairfax,VA,Passenger,4,3,7,765,772,0.91
June 30 2019,Sarasota,FL,Passenger,1,0,1,23,24,4.17
June 30 2019,Washoe,NV,Passenger,2,0,2,94,96,2.08
August 31 2019,Liberty,GA,Passenger,1,0,1,128,129,0.78
June 30 2019,Washtenaw,MI,Passenger,1,0,1,31,32,3.12
June 30 2019,Whatcom,WA,Truck,2,0,2,43973,43975,0.00
August 31 2019,Los Angeles,CA,Passenger,10,5,15,1073,1088,1.38
June 30 2019,Whitman,WA,Truck,0,0,0,8837,8837,0.00
June 30 2019,Liberty,GA,Passenger,1,0,1,131,132,0.76
July 31 2019,Grant,WA,Passenger,46,66,112,66750,66862,0.17
July 31 2019,Grays Harbor,WA,Passenger,95,89,184,48875,49059,0.38
July 31 2019,,,Passenger,9,6,15,2054,2069,0.72
June 30 2019,Dekalb,GA,Passenger,1,0,1,73,74,1.35
July 31 2019,Guilford,NC,Passenger,1,0,1,29,30,3.33
July 31 2019,Adams,WA,Passenger,5,6,11,13201,13212,0.08
July 31 2019,Norfolk City,VA,Passenger,3,1,4,365,369,1.08
August 31 2019,Mason,WA,Passenger,151,131,282,48397,48679,0.58
June 30 2019,Douglas,WA,Passenger,57,37,94,28624,28718,0.33
July 31 2019,Anne Arundel,MD,Passenger,1,3,4,437,441,0.91
June 30 2019,Thurston,WA,Truck,0,0,0,56469,56469,0.00
June 30 2019,Douglas,WA,Truck,0,0,0,12530,12530,0.00
July 31 2019,Hennepin,MN,Passenger,2,0,2,99,101,1.98
July 31 2019,Arlington,VA,Passenger,0,2,2,148,150,1.33
June 30 2019,Dupage,IL,Passenger,1,0,1,52,53,1.89
July 31 2019,Asotin,WA,Passenger,13,9,22,12976,12998,0.17
July 31 2019,Los Angeles,CA,Passenger,10,4,14,1078,1092,1.28
July 31 2019,Honolulu,HI,Passenger,3,1,4,475,479,0.84
July 31 2019,Oldham,KY,Passenger,0,1,1,4,5,20.00
June 30 2019,Valencia,NM,Passenger,1,0,1,5,6,16.67
July 31 2019,Orange,CA,Passenger,5,1,6,526,532,1.13
June 30 2019,Fairfax,VA,Passenger,4,3,7,760,767,0.91
June 30 2019,Mason,WA,Passenger,146,126,272,48185,48457,0.56
July 31 2019,Pacific,WA,Passenger,34,33,67,16287,16354,0.41
July 31 2019,Mason,OR,Passenger,2,0,2,9,11,18.18
July 31 2019,Jefferson,WA,Truck,0,0,0,9907,9907,0.00
July 31 2019,Juneau,AK,Passenger,0,2,2,28,30,6.67
July 31 2019,Pierce,WA,Passenger,2105,1675,3780,554803,558583,0.68
August 31 2019,Ozaukee,WI,Passenger,0,1,1,3,4,25.00
June 30 2019,Yakima,WA,Passenger,116,113,229,169772,170001,0.13
August 31 2019,Palm Beach,FL,Passenger,0,1,1,73,74,1.35
July 31 2019,Monroe,IL,Passenger,1,0,1,4,5,20.00
July 31 2019,Moore,NC,Passenger,0,1,1,182,183,0.55
July 31 2019,Klickitat,WA,Truck,0,0,0,8516,8516,0.00
June 30 2019,Montgomery,AL,Passenger,0,1,1,39,40,2.50
August 31 2019,Pinal,AZ,Passenger,1,0,1,165,166,0.60
July 31 2019,Nueces,TX,Passenger,1,1,2,94,96,2.08
July 31 2019,Okanogan,,Passenger,21,19,40,20750,20790,0.19
July 31 2019,Contra Costa,CA,Passenger,2,0,2,203,205,0.98
June 30 2019,Island,WA,Passenger,335,253,588,64496,65084,0.90
June 30 2019,Island,WA,Truck,0,0,0,21811,21811,0.00
July 31 2019,Benton,WA,Truck,0,0,0,43268,43268,0.00
June 30 2019,Norfolk City,VA,Passenger,3,1,4,362,366,1.09
July 31 2019,San Diego,CA,Passenger,8,5,13,2770,2783,0.47
July 31 2019,Brevard,FL,Passenger,0,1,1,72,73,1.37
June 30 2019,Okanogan,WA,Truck,0,0,0,4184,4184,0.00
June 30 2019,Jefferson,NY,Passenger,0,2,2,230,232,0.86
July 31 2019,Bucks,PA,Passenger,1,0,1,21,22,4.55
July 31 2019,Santa Rosa,FL,Passenger,1,0,1,88,89,1.12
June 30 2019,Jefferson,WA,Truck,0,0,0,9897,9897,0.00
July 31 2019,Sarasota,FL,Passenger,1,0,1,23,24,4.17
July 31 2019,Calvert,MD,Passenger,0,2,2,93,95,2.11
June 30 2019,Ozaukee,WI,Passenger,0,1,1,3,4,25.00
July 31 2019,Sedgwick,KS,Passenger,1,0,1,95,96,1.04
June 30 2019,Juneau,AK,Passenger,0,2,2,27,29,6.90
July 31 2019,Ramsey,MN,Passenger,1,0,1,34,35,2.86
July 31 2019,Montgomery,MD,Passenger,1,4,5,281,286,1.75
June 30 2019,Kent,DE,Passenger,0,1,1,74,75,1.33
July 31 2019,Skamania,WA,Truck,0,0,0,4238,4238,0.00
June 30 2019,Pinal,AZ,Passenger,1,0,1,167,168,0.60
July 31 2019,Saginaw,MI,Passenger,1,0,1,11,12,8.33
July 31 2019,Charles,MD,Passenger,0,1,1,86,87,1.15
June 30 2019,Kitsap,WA,Truck,1,0,1,55401,55402,0.00
July 31 2019,Franklin,WA,Passenger,59,76,135,61419,61554,0.22
June 30 2019,Kootenai,ID,Passenger,1,1,2,197,199,1.01
August 31 2019,Snohomish,WA,Truck,0,0,0,126560,126560,0.00
July 31 2019,Frederick,MD,Passenger,2,1,3,87,90,3.33
August 31 2019,Solano,CA,Passenger,1,0,1,211,212,0.47
July 31 2019,Twin Falls,ID,Passenger,0,1,1,22,23,4.35
July 31 2019,San Mateo,CA,Passenger,2,1,3,116,119,2.52
July 31 2019,Umatilla,WA,Passenger,0,0,0,2,2,0.00
July 31 2019,Clallam,WA,Truck,1,0,1,22337,22338,0.00
August 31 2019,Stevens,WA,Truck,0,0,0,19431,19431,0.00
July 31 2019,Clark,WA,Passenger,1701,988,2689,320668,323357,0.83
July 31 2019,Santa Barbara,CA,Passenger,1,0,1,96,97,1.03
August 31 2019,Sumter,FL,Passenger,0,1,1,9,10,10.00
July 31 2019,Santa Cruz,CA,Passenger,1,0,1,36,37,2.70
July 31 2019,Wahkiakum,WA,Truck,0,0,0,1807,1807,0.00
June 30 2019,Lincoln,WA,Truck,0,0,0,4812,4812,0.00
June 30 2019,Los Angeles,CA,Passenger,10,4,14,1071,1085,1.29
August 31 2019,Travis,TX,Passenger,1,1,2,177,179,1.12
July 31 2019,Pinellas,FL,Passenger,1,0,1,95,96,1.04
July 31 2019,Skagit,WA,Truck,1,0,1,33460,33461,0.00
July 31 2019,Harris,TX,Passenger,1,1,2,230,232,0.86
July 31 2019,Whatcom,WA,Truck,2,0,2,43989,43991,0.00
July 31 2019,Powhatan,VA,Passenger,1,0,1,0,1,100.00
June 30 2019,Saint Marys,MD,Passenger,1,0,1,202,203,0.49
July 31 2019,Hidalgo,TX,Passenger,0,1,1,86,87,1.15
August 31 2019,,,Passenger,9,6,15,2046,2061,0.73
June 30 2019,San Diego,CA,Passenger,8,4,12,2738,2750,0.44
August 31 2019,Washoe,NV,Passenger,2,0,2,88,90,2.22
July 31 2019,Douglas,WA,Passenger,60,37,97,28649,28746,0.34
August 31 2019,Adams,WA,Passenger,5,5,10,13195,13205,0.08
June 30 2019,Santa Clara,CA,Passenger,4,2,6,344,350,1.71
June 30 2019,Montgomery,MD,Passenger,1,4,5,282,287,1.74
August 31 2019,Anne Arundel,MD,Passenger,1,3,4,434,438,0.91
July 31 2019,Tuolumne,CA,Passenger,0,1,1,11,12,8.33
August 31 2019,Asotin,WA,Passenger,13,8,21,12969,12990,0.16
July 31 2019,San Francisco,CA,Passenger,2,1,3,98,101,2.97
June 30 2019,Nassau,NY,Passenger,2,0,2,33,35,5.71
June 30 2019,Shelby,TN,Passenger,0,1,1,94,95,1.05
July 31 2019,Valencia,NM,Passenger,1,0,1,4,5,20.00
July 31 2019,King,WA,Truck,6,1,7,187011,187018,0.00
July 31 2019,Santa Fe,NM,Passenger,0,1,1,33,34,2.94
July 31 2019,Glacier,MT,Passenger,0,1,1,5,6,16.67
September 30 2019,Benton,WA,Truck,0,0,0,43410,43410,0.00
June 30 2019,Pacific,WA,Truck,0,0,0,7859,7859,0.00
June 30 2019,Palm Beach,FL,Passenger,0,1,1,72,73,1.37
July 31 2019,Washoe,NV,Passenger,2,0,2,91,93,2.15
June 30 2019,Pima,AZ,Passenger,0,1,1,368,369,0.27
September 30 2019,Brevard,FL,Passenger,0,1,1,75,76,1.32
July 31 2019,Larimer,CO,Passenger,0,1,1,50,51,1.96
July 31 2019,Howard,MD,Passenger,0,1,1,89,90,1.11
June 30 2019,Tulsa,OK,Passenger,0,1,1,41,42,2.38
July 31 2019,Spartanburg,SC,Passenger,0,1,1,29,30,3.33
June 30 2019,Polk,FL,Passenger,1,0,1,67,68,1.47
July 31 2019,Spokane,WA,Passenger,595,469,1064,319948,321012,0.33
July 31 2019,Island,WA,Passenger,347,257,604,64588,65192,0.93
July 31 2019,Westchester,NY,Passenger,0,1,1,30,31,3.23
August 31 2019,Calvert,MD,Passenger,0,2,2,92,94,2.13
July 31 2019,Lewis,WA,Truck,0,0,0,26785,26785,0.00
July 31 2019,Jefferson,NY,Passenger,0,2,2,230,232,0.86
July 31 2019,Liberty,GA,Passenger,1,0,1,129,130,0.77
July 31 2019,Yakima,WA,Passenger,120,116,236,169955,170191,0.14
September 30 2019,Chelan,WA,Truck,0,0,0,23034,23034,0.00
July 31 2019,Kittitas,WA,Passenger,82,43,125,30371,30496,0.41
July 31 2019,Ventura,CA,Passenger,0,2,2,317,319,0.63
July 31 2019,,CA,Passenger,1,2,3,249,252,1.19
July 31 2019,Allegheny,PA,Passenger,1,0,1,71,72,1.39
June 30 2019,San Francisco,CA,Passenger,2,1,3,97,100,3.00
July 31 2019,Lincoln,WA,Passenger,4,11,15,8028,8043,0.19
July 31 2019,Lincoln,WA,Truck,0,0,0,4821,4821,0.00
June 30 2019,Santa Cruz,CA,Passenger,1,0,1,38,39,2.56
August 31 2019,Contra Costa,CA,Passenger,2,0,2,198,200,1.00
July 31 2019,Wayne,MI,Passenger,0,1,1,66,67,1.49
August 31 2019,Benton,WA,Truck,0,0,0,43366,43366,0.00
July 31 2019,Whitman,WA,Passenger,34,49,83,23144,23227,0.36
September 30 2019,Cowlitz,WA,Passenger,116,120,236,74658,74894,0.32
July 31 2019,Bell,TX,Passenger,0,1,1,449,450,0.22
June 30 2019,Skamania,WA,Passenger,25,18,43,8970,9013,0.48
June 30 2019,Spokane,WA,Passenger,578,464,1042,319064,320106,0.33
September 30 2019,Denver,CO,Passenger,1,0,1,116,117,0.85
August 31 2019,Douglas,WA,Passenger,61,36,97,28757,28854,0.34
July 31 2019,Marion,OR,Passenger,1,0,1,105,106,0.94
August 31 2019,Caddo,LA,Passenger,1,1,2,19,21,9.52
August 31 2019,Dupage,IL,Passenger,2,0,2,50,52,3.85
August 31 2019,Alexandria City,VA,Passenger,4,0,4,145,149,2.68
July 31 2019,Montgomery,PA,Passenger,2,0,2,26,28,7.14
July 31 2019,Bryan,GA,Passenger,1,0,1,56,57,1.75
July 31 2019,Multnomah,OR,Passenger,5,6,11,715,726,1.52
August 31 2019,Fairfax,VA,Passenger,4,3,7,750,757,0.92
July 31 2019,Camden,GA,Passenger,0,1,1,159,160,0.62
August 31 2019,Cascade,MT,Passenger,0,1,1,61,62,1.61
August 31 2019,Charles,MD,Passenger,0,1,1,83,84,1.19
July 31 2019,Carson City,NV,Passenger,1,0,1,9,10,10.00
August 31 2019,Franklin,WA,Passenger,57,78,135,61505,61640,0.22
July 31 2019,Okanogan,WA,Truck,0,0,0,4162,4162,0.00
August 31 2019,Chaves,NM,Passenger,1,0,1,9,10,10.00
July 31 2019,Nassau,NY,Passenger,2,0,2,33,35,5.71
June 30 2019,Vigo,IN,Passenger,1,0,1,5,6,16.67
July 31 2019,Oklahoma,OK,Passenger,0,2,2,121,123,1.63
August 31 2019,Chelan,WA,Passenger,165,74,239,55648,55887,0.43
September 30 2019,Glacier,MT,Passenger,0,1,1,5,6,16.67
June 30 2019,Walla Walla,WA,Passenger,49,62,111,36937,37048,0.30
July 31 2019,Ozaukee,WI,Passenger,0,1,1,3,4,25.00
June 30 2019,Walla Walla,WA,Truck,0,0,0,14045,14045,0.00
September 30 2019,Grant,WA,Passenger,51,68,119,66898,67017,0.18
September 30 2019,Grays Harbor,WA,Passenger,102,94,196,48962,49158,0.40
August 31 2019,Clallam,WA,Truck,1,0,1,22348,22349,0.00
July 31 2019,Clackamas,OR,Passenger,0,1,1,195,196,0.51
August 31 2019,Guilford,NC,Passenger,1,0,1,31,32,3.12
August 31 2019,Clark,WA,Passenger,1762,1006,2768,321285,324053,0.85
July 31 2019,Otero,NM,Passenger,0,1,1,43,44,2.27
July 31 2019,Pierce,WA,Truck,0,0,0,144244,144244,0.00
June 30 2019,Wayne,MI,Passenger,0,1,1,66,67,1.49
July 31 2019,Pacific,WA,Truck,0,0,0,7870,7870,0.00
March 31 2022,Sacramento,CA,Passenger,1,0,1,161,162,0.62
February 28 2022,Wichita,TX,Passenger,1,0,1,34,35,2.86
March 31 2022,Jefferson,NY,Passenger,0,1,1,170,171,0.58
March 31 2022,Baltimore,MD,Passenger,1,0,1,32,33,3.03
March 31 2022,Kent,DE,Passenger,0,1,1,41,42,2.38
April 30 2022,Prince William,VA,Passenger,0,1,1,181,182,0.55
March 31 2022,Mason,WA,Passenger,291,170,461,46709,47170,0.98
March 31 2022,Boulder,CO,Passenger,1,0,1,15,16,6.25
March 31 2022,Kittitas,WA,Truck,7,0,7,14421,14428,0.05
March 31 2022,,WA,Passenger,0,0,0,1,1,0.00
April 30 2022,Rock Island,IL,Passenger,0,1,1,15,16,6.25
March 31 2022,Alexandria City,VA,Passenger,4,0,4,111,115,3.48
March 31 2022,Charles,MD,Truck,1,0,1,9,10,10.00
April 30 2022,Sacramento,CA,Passenger,1,0,1,158,159,0.63
March 31 2022,Montgomery,AL,Passenger,0,1,1,30,31,3.23
April 30 2022,Saint Clair,IL,Passenger,2,0,2,106,108,1.85
March 31 2022,Liberty,GA,Passenger,1,0,1,85,86,1.16
March 31 2022,Umatilla,WA,Passenger,0,0,0,1,1,0.00
April 30 2022,Saint Marys,MD,Truck,1,0,1,40,41,2.44
March 31 2022,Columbia,WA,Passenger,6,0,6,2409,2415,0.25
March 31 2022,Moore,NC,Passenger,0,1,1,113,114,0.88
March 31 2022,Columbia,WA,Truck,1,0,1,1564,1565,0.06
March 31 2022,Bartow,GA,Passenger,0,1,1,2,3,33.33
March 31 2022,Chelan,WA,Passenger,433,120,553,53631,54184,1.02
March 31 2022,Walla Walla,WA,Passenger,152,94,246,35522,35768,0.69
March 31 2022,Dekalb,GA,Passenger,1,0,1,34,35,2.86
March 31 2022,Benton,WA,Passenger,690,446,1136,133613,134749,0.84
March 31 2022,Bryan,GA,Passenger,1,0,1,44,45,2.22
March 31 2022,Douglas,NE,Passenger,1,2,3,32,35,8.57
April 30 2022,Spokane,WA,Truck,61,0,61,99615,99676,0.06
March 31 2022,Chelan,WA,Truck,13,0,13,22588,22601,0.06
April 30 2022,Stafford,VA,Passenger,2,0,2,76,78,2.56
March 31 2022,Douglas,OR,Passenger,1,0,1,21,22,4.55
April 30 2022,Thurston,WA,Passenger,2111,1026,3137,190007,193144,1.62
March 31 2022,Carroll,MD,Passenger,0,1,1,8,9,11.11
March 31 2022,Plaquemines,LA,Passenger,0,1,1,18,19,5.26
March 31 2022,Dupage,IL,Passenger,1,0,1,27,28,3.57
March 31 2022,Clark,WA,Truck,76,0,76,81910,81986,0.09
March 31 2022,Chaves,NM,Passenger,1,0,1,4,5,20.00
March 31 2022,Clallam,WA,Passenger,406,238,644,49320,49964,1.29
March 31 2022,Chesapeake City,VA,Passenger,1,3,4,311,315,1.27
April 30 2022,Walla Walla,WA,Truck,7,0,7,13637,13644,0.05
April 30 2022,Asotin,WA,Truck,2,0,2,6568,6570,0.03
March 31 2022,Guadalupe,TX,Passenger,1,0,1,27,28,3.57
March 31 2022,Clackamas,OR,Passenger,1,0,1,98,99,1.01
April 30 2022,Baltimore,MD,Passenger,1,0,1,29,30,3.33
March 31 2022,Saint Marys,MD,Truck,1,0,1,40,41,2.44
April 30 2022,Williams,ND,Passenger,0,1,1,7,8,12.50
March 31 2022,Cowlitz,WA,Passenger,299,179,478,69986,70464,0.68
March 31 2022,Clark,WA,Passenger,3757,1663,5420,312554,317974,1.70
March 31 2022,Hennepin,MN,Passenger,1,0,1,44,45,2.22
March 31 2022,Okanogan,,Truck,3,0,3,12596,12599,0.02
April 30 2022,Caddo,LA,Passenger,1,0,1,6,7,14.29
March 31 2022,Denton,TX,Passenger,1,0,1,40,41,2.44
April 30 2022,Chaves,NM,Passenger,1,0,1,4,5,20.00
March 31 2022,Otero,NM,Passenger,0,1,1,30,31,3.23
March 31 2022,Ozaukee,WI,Passenger,0,1,1,2,3,33.33
March 31 2022,Douglas,WA,Truck,5,0,5,12518,12523,0.04
March 31 2022,Duval,FL,Passenger,0,1,1,216,217,0.46
March 31 2022,Pacific,WA,Truck,2,0,2,7876,7878,0.03
April 30 2022,Clark,NV,Passenger,4,1,5,421,426,1.17
March 31 2022,Palm Beach,FL,Passenger,1,0,1,31,32,3.12
March 31 2022,Spartanburg,SC,Passenger,0,1,1,23,24,4.17
March 31 2022,Pend Oreille,WA,Passenger,16,9,25,8912,8937,0.28
March 31 2022,Fairfax,VA,Passenger,3,4,7,545,552,1.27
April 30 2022,Columbia,WA,Truck,1,0,1,1538,1539,0.06
March 31 2022,Jefferson,WA,Truck,4,0,4,9428,9432,0.04
March 31 2022,Ferry,WA,Truck,0,0,0,3487,3487,0.00
April 30 2022,Cook,IL,Passenger,1,0,1,127,128,0.78
March 31 2022,Prince William,VA,Truck,1,0,1,20,21,4.76
March 31 2022,Juneau,AK,Passenger,0,1,1,20,21,4.76
March 31 2022,Stafford,VA,Passenger,2,0,2,77,79,2.53
April 30 2022,Coryell,TX,Passenger,1,0,1,76,77,1.30
March 31 2022,Goochland,VA,Passenger,2,0,2,73,75,2.67
March 31 2022,Greene,MO,Passenger,0,1,1,12,13,7.69
March 31 2022,El Paso,CO,Passenger,0,1,1,482,483,0.21
March 31 2022,Grant,WA,Passenger,148,102,250,65655,65905,0.38
March 31 2022,Grays Harbor,WA,Passenger,212,160,372,48422,48794,0.76
April 30 2022,Duval,FL,Passenger,0,1,1,205,206,0.49
March 31 2022,Saint Louis City,MO,Passenger,1,0,1,16,17,5.88
March 31 2022,Fresno,CA,Passenger,1,0,1,122,123,0.81
March 31 2022,Hamilton,IN,Passenger,1,0,1,15,16,6.25
March 31 2022,Garfield,WA,Truck,0,0,0,989,989,0.00
April 30 2022,Ferry,WA,Truck,0,0,0,3432,3432,0.00
March 31 2022,Sarpy,NE,Passenger,1,0,1,38,39,2.56
March 31 2022,Hillsborough,FL,Passenger,0,2,2,94,96,2.08
March 31 2022,Yakima,WA,Truck,5,0,5,60432,60437,0.01
April 30 2022,Garfield,WA,Passenger,0,3,3,1303,1306,0.23
March 31 2022,Skamania,WA,Passenger,64,47,111,8108,8219,1.35
March 31 2022,Howard,IN,Passenger,0,1,1,6,7,14.29
March 31 2022,Los Angeles,CA,Passenger,2,4,6,606,612,0.98
April 30 2022,,,Passenger,6,7,13,1202,1215,1.07
March 31 2022,Kings,CA,Passenger,1,0,1,278,279,0.36
March 31 2022,Island,WA,Truck,15,0,15,21164,21179,0.07
April 30 2022,Adams,WA,Passenger,16,12,28,12524,12552,0.22
April 30 2022,Adams,WA,Truck,1,0,1,5293,5294,0.02
March 31 2022,Jefferson,WA,Passenger,406,212,618,24343,24961,2.48
March 31 2022,Marin,CA,Passenger,0,1,1,26,27,3.70
March 31 2022,King,WA,Passenger,37661,10585,48246,1332797,1381043,3.49
March 31 2022,Kern,CA,Passenger,1,1,2,156,158,1.27
April 30 2022,Anne Arundel,MD,Passenger,4,3,7,296,303,2.31
March 31 2022,Wahkiakum,WA,Passenger,17,12,29,3033,3062,0.95
March 31 2022,Klickitat,WA,Passenger,97,53,150,15084,15234,0.98
March 31 2022,Wake,NC,Passenger,1,0,1,68,69,1.45
March 31 2022,Klickitat,WA,Truck,2,0,2,8143,8145,0.02
March 31 2022,Kitsap,WA,Passenger,2322,1004,3326,177120,180446,1.84
April 30 2022,Asotin,WA,Passenger,23,19,42,12375,12417,0.34
March 31 2022,Maricopa,AZ,Passenger,2,0,2,586,588,0.34
March 31 2022,Leavenworth,KS,Passenger,0,1,1,89,90,1.11
March 31 2022,Montgomery,MD,Passenger,3,6,9,171,180,5.00
March 31 2022,Lewis,WA,Passenger,231,168,399,58350,58749,0.68
March 31 2022,Lincoln,WA,Passenger,8,18,26,7571,7597,0.34
March 31 2022,Whatcom,WA,Passenger,1755,697,2452,146728,149180,1.64
March 31 2022,Mason,WA,Truck,13,0,13,20704,20717,0.06
March 31 2022,Manassas City,VA,Passenger,0,1,1,4,5,20.00
March 31 2022,Okanogan,,Passenger,63,39,102,20386,20488,0.50
March 31 2022,Mecklenburg,NC,Passenger,1,0,1,47,48,2.08
March 31 2022,Oldham,KY,Passenger,0,1,1,4,5,20.00
April 30 2022,Bradley,TN,Passenger,0,1,1,0,1,100.00
March 31 2022,Pacific,WA,Passenger,66,70,136,15757,15893,0.86
March 31 2022,Okanogan,WA,Passenger,14,6,20,5687,5707,0.35
April 30 2022,Moore,NC,Passenger,0,1,1,110,111,0.90
April 30 2022,Carson City,NV,Passenger,1,0,1,5,6,16.67
March 31 2022,Pierce,WA,Passenger,4742,2258,7000,541896,548896,1.28
April 30 2022,Multnomah,OR,Passenger,0,3,3,392,395,0.76
March 31 2022,Pinellas,FL,Passenger,0,1,1,51,52,1.92
March 31 2022,Norfolk City,VA,Passenger,1,1,2,276,278,0.72
April 30 2022,Clark,WA,Truck,75,0,75,80566,80641,0.09
April 30 2022,Nueces,TX,Passenger,1,0,1,50,51,1.96
March 31 2022,Nueces,TX,Passenger,1,0,1,51,52,1.92
March 31 2022,Prince Georges,MD,Passenger,1,0,1,109,110,0.91
March 31 2022,Philadelphia,PA,Passenger,1,0,1,31,32,3.12
April 30 2022,Okanogan,,Passenger,64,41,105,20085,20190,0.52
March 31 2022,Pima,AZ,Passenger,0,1,1,160,161,0.62
March 31 2022,Orange,CA,Passenger,4,1,5,325,330,1.52
April 30 2022,Franklin,WA,Passenger,183,109,292,60169,60461,0.48
March 31 2022,Riverside,CA,Passenger,7,0,7,374,381,1.84
March 31 2022,Riley,KS,Passenger,1,0,1,35,36,2.78
April 30 2022,Cowlitz,WA,Passenger,317,179,496,68928,69424,0.71
March 31 2022,Powhatan,VA,Passenger,1,0,1,1,2,50.00
April 30 2022,Franklin,WA,Truck,8,0,8,20324,20332,0.04
April 30 2022,Cumberland,NC,Passenger,0,2,2,316,318,0.63
April 30 2022,Frederick,MD,Passenger,2,1,3,62,65,4.62
March 31 2022,Prince William,VA,Passenger,0,1,1,182,183,0.55
March 31 2022,Placer,CA,Passenger,1,0,1,50,51,1.96
March 31 2022,San Bernardino,CA,Passenger,1,2,3,280,283,1.06
March 31 2022,San Juan,WA,Passenger,483,150,633,13857,14490,4.37
April 30 2022,Riverside,CA,Passenger,7,0,7,368,375,1.87
March 31 2022,Santa Cruz,CA,Passenger,1,0,1,19,20,5.00
March 31 2022,Saint Clair,IL,Passenger,2,0,2,107,109,1.83
March 31 2022,Queens,NY,Passenger,1,0,1,36,37,2.70
April 30 2022,Dupage,IL,Passenger,1,0,1,26,27,3.70
April 30 2022,Harris,TX,Passenger,1,0,1,103,104,0.96
March 31 2022,Skagit,WA,Truck,26,0,26,31886,31912,0.08
March 31 2022,Rock Island,IL,Passenger,0,1,1,15,16,6.25
April 30 2022,Hidalgo,TX,Passenger,0,1,1,45,46,2.17
March 31 2022,Skamania,WA,Truck,0,0,0,3897,3897,0.00
April 30 2022,Honolulu,HI,Passenger,3,1,4,228,232,1.72
April 30 2022,San Bernardino,CA,Passenger,1,2,3,277,280,1.07
March 31 2022,Shelby,OH,Passenger,0,1,1,1,2,50.00
March 31 2022,Spokane,WA,Passenger,1462,820,2282,320838,323120,0.71
March 31 2022,Salt Lake,UT,Passenger,2,1,3,109,112,2.68
March 31 2022,Snohomish,WA,Truck,108,0,108,122532,122640,0.09
March 31 2022,Spokane,WA,Truck,58,0,58,100896,100954,0.06
April 30 2022,Glacier,MT,Passenger,0,1,1,4,5,20.00
April 30 2022,Santa Cruz,CA,Passenger,1,0,1,19,20,5.00
March 31 2022,Stevens,WA,Truck,2,0,2,18676,18678,0.01
March 31 2022,Sarasota,FL,Passenger,1,0,1,17,18,5.56
April 30 2022,Grant,WA,Passenger,156,98,254,64760,65014,0.39
April 30 2022,Skagit,WA,Truck,27,0,27,31397,31424,0.09
April 30 2022,Grays Harbor,WA,Passenger,206,160,366,47804,48170,0.76
April 30 2022,Kings,NY,Passenger,1,0,1,36,37,2.70
March 31 2022,Thurston,WA,Passenger,2082,1017,3099,192493,195592,1.58
March 31 2022,Washoe,NV,Passenger,1,0,1,41,42,2.38
March 31 2022,Thurston,WA,Truck,49,0,49,54780,54829,0.09
April 30 2022,Stevens,WA,Passenger,65,48,113,29218,29331,0.39
April 30 2022,Lake,IL,Passenger,1,0,1,136,137,0.73
March 31 2022,Suffolk City,VA,Passenger,1,0,1,93,94,1.06
March 31 2022,Tipton,TN,Passenger,1,0,1,10,11,9.09
March 31 2022,Whitman,WA,Passenger,81,53,134,21660,21794,0.61
March 31 2022,Ventura,CA,Passenger,1,1,2,210,212,0.94
April 30 2022,Hennepin,MN,Passenger,1,0,1,40,41,2.44
March 31 2022,Wichita,TX,Passenger,1,0,1,31,32,3.12
April 30 2022,Hillsborough,FL,Passenger,0,2,2,93,95,2.11
April 30 2022,Lewis,WA,Truck,9,0,9,25614,25623,0.04
March 31 2022,Wahkiakum,WA,Truck,0,0,0,1785,1785,0.00
April 30 2022,Liberty,GA,Passenger,1,0,1,84,85,1.18
March 31 2022,Walla Walla,WA,Truck,7,0,7,13822,13829,0.05
April 30 2022,Loudoun,VA,Passenger,1,0,1,49,50,2.00
April 30 2022,Washoe,NV,Passenger,1,0,1,38,39,2.56
April 30 2022,Jefferson,WA,Truck,5,0,5,9305,9310,0.05
April 30 2022,Arapahoe,CO,Passenger,0,1,1,65,66,1.52
March 31 2022,Williams,ND,Passenger,0,1,1,7,8,12.50
March 31 2022,Whatcom,WA,Truck,29,0,29,42772,42801,0.07
March 31 2022,Whitman,WA,Truck,5,0,5,8443,8448,0.06
April 30 2022,Klickitat,WA,Truck,2,0,2,8007,8009,0.02
March 31 2022,Yakima,WA,Passenger,324,189,513,165077,165590,0.31
March 31 2022,Wilson,NC,Passenger,1,0,1,0,1,100.00
April 30 2022,Benton,WA,Truck,37,0,37,42238,42275,0.09
April 30 2022,,CA,Passenger,1,4,5,185,190,2.63
April 30 2022,Mason,WA,Passenger,295,179,474,45998,46472,1.02
April 30 2022,Wichita,TX,Passenger,1,0,1,30,31,3.23
April 30 2022,Alameda,CA,Passenger,1,0,1,152,153,0.65
April 30 2022,Allegheny,PA,Passenger,0,1,1,33,34,2.94
April 30 2022,Alexandria City,VA,Passenger,4,0,4,107,111,3.60
April 30 2022,Calvert,MD,Passenger,0,2,2,74,76,2.63
April 30 2022,Yakima,WA,Passenger,329,189,518,162399,162917,0.32
April 30 2022,Anchorage,AK,Passenger,1,0,1,100,101,0.99
April 30 2022,Bartow,GA,Passenger,0,1,1,2,3,33.33
April 30 2022,Charles,MD,Passenger,1,1,2,47,49,4.08
April 30 2022,Charles,MD,Truck,1,0,1,9,10,10.00
April 30 2022,Montgomery,PA,Passenger,2,0,2,11,13,15.38
April 30 2022,Boulder,CO,Passenger,1,0,1,14,15,6.67
April 30 2022,Bell,TX,Passenger,0,1,1,243,244,0.41
April 30 2022,Bryan,GA,Passenger,1,0,1,44,45,2.22
April 30 2022,Montgomery,MD,Passenger,3,6,9,168,177,5.08
April 30 2022,Chelan,,Passenger,1,0,1,17,18,5.56
April 30 2022,Chesapeake City,VA,Passenger,1,3,4,302,306,1.31
April 30 2022,Okanogan,WA,Truck,0,0,0,3703,3703,0.00
April 30 2022,Chelan,WA,Truck,13,0,13,22309,22322,0.06
April 30 2022,Ozaukee,WI,Passenger,0,1,1,2,3,33.33
April 30 2022,Boone,MO,Passenger,0,1,1,7,8,12.50
April 30 2022,Clallam,WA,Truck,7,0,7,21430,21437,0.03
April 30 2022,Clackamas,OR,Passenger,1,0,1,96,97,1.03
April 30 2022,Clark,WA,Passenger,3850,1681,5531,308500,314031,1.76
April 30 2022,Carroll,MD,Passenger,0,1,1,7,8,12.50
April 30 2022,Pierce,WA,Truck,102,0,102,138737,138839,0.07
April 30 2022,Okanogan,,Truck,3,0,3,12455,12458,0.02
April 30 2022,Camden,GA,Passenger,1,0,1,100,101,0.99
April 30 2022,Columbia,WA,Passenger,7,0,7,2378,2385,0.29
April 30 2022,Pend Oreille,WA,Passenger,16,9,25,8784,8809,0.28
April 30 2022,Columbia,GA,Passenger,1,0,1,87,88,1.14
April 30 2022,Douglas,WA,Passenger,123,59,182,27767,27949,0.65
April 30 2022,Douglas,OR,Passenger,1,0,1,21,22,4.55
April 30 2022,Pinellas,FL,Passenger,0,1,1,48,49,2.04
April 30 2022,Saint Marys,MD,Passenger,1,0,1,137,138,0.72
April 30 2022,Fairfax,VA,Passenger,4,4,8,535,543,1.47
April 30 2022,Santa Clara,CA,Passenger,3,0,3,147,150,2.00
April 30 2022,Plaquemines,LA,Passenger,0,1,1,15,16,6.25
April 30 2022,Sarpy,NE,Passenger,1,0,1,36,37,2.70
April 30 2022,Goochland,VA,Passenger,2,0,2,61,63,3.17
April 30 2022,Powhatan,VA,Passenger,1,0,1,1,2,50.00
April 30 2022,Cumberland,NC,Truck,1,0,1,68,69,1.45
April 30 2022,Howard,IN,Passenger,0,1,1,6,7,14.29
April 30 2022,Denton,TX,Passenger,1,0,1,36,37,2.70
April 30 2022,Howard,MD,Passenger,0,1,1,58,59,1.69
April 30 2022,Danville City,VA,Passenger,1,0,1,0,1,100.00
April 30 2022,Prince William,VA,Truck,1,0,1,19,20,5.00
April 30 2022,El Paso,CO,Passenger,0,1,1,467,468,0.21
April 30 2022,Davidson,TN,Passenger,1,0,1,27,28,3.57
April 30 2022,Island,WA,Passenger,766,370,1136,60912,62048,1.83
April 30 2022,Dekalb,GA,Passenger,1,0,1,33,34,2.94
April 30 2022,Fairbanks North Star,AK,Passenger,0,1,1,66,67,1.49
April 30 2022,District Of Columbia,DC,Passenger,3,2,5,160,165,3.03
April 30 2022,Jefferson,NY,Passenger,0,1,1,169,170,0.59
April 30 2022,Ferry,WA,Passenger,18,4,22,4282,4304,0.51
April 30 2022,Douglas,NE,Passenger,1,2,3,29,32,9.38
April 30 2022,Fresno,CA,Passenger,1,0,1,117,118,0.85
April 30 2022,Kern,CA,Passenger,1,1,2,152,154,1.30
April 30 2022,Kittitas,WA,Passenger,233,72,305,28759,29064,1.05
April 30 2022,King,WA,Passenger,38860,10618,49478,1320239,1369717,3.61
April 30 2022,Klickitat,WA,Passenger,101,53,154,14809,14963,1.03
April 30 2022,Grays Harbor,WA,Truck,12,0,12,20681,20693,0.06
April 30 2022,Kitsap,WA,Passenger,2355,1006,3361,175065,178426,1.88
April 30 2022,Lincoln,WA,Passenger,8,18,26,7492,7518,0.35
April 30 2022,Garfield,WA,Truck,0,0,0,973,973,0.00
April 30 2022,Spartanburg,SC,Passenger,0,1,1,22,23,4.35
April 30 2022,Lincoln,WA,Truck,0,0,0,4743,4743,0.00
April 30 2022,Spokane,WA,Passenger,1522,818,2340,317252,319592,0.73
April 30 2022,Harrison,MS,Passenger,2,0,2,39,41,4.88
April 30 2022,Guadalupe,TX,Passenger,1,0,1,25,26,3.85
April 30 2022,Leavenworth,KS,Passenger,0,1,1,89,90,1.11
April 30 2022,Lewis,WA,Passenger,234,175,409,57655,58064,0.70
April 30 2022,Ventura,CA,Passenger,1,1,2,203,205,0.98
April 30 2022,Jefferson,WA,Passenger,413,215,628,24154,24782,2.53
April 30 2022,Manassas City,VA,Passenger,0,1,1,4,5,20.00
April 30 2022,Juneau,AK,Passenger,0,1,1,18,19,5.26
April 30 2022,Mason,WA,Truck,12,0,12,20386,20398,0.06
April 30 2022,Otero,NM,Passenger,0,1,1,27,28,3.57
April 30 2022,Pacific,WA,Truck,2,0,2,7769,7771,0.03
April 30 2022,Kent,DE,Passenger,0,1,1,39,40,2.50
April 30 2022,Yakima,WA,Truck,5,0,5,59295,59300,0.01
April 30 2022,Kitsap,WA,Truck,48,0,48,52488,52536,0.09
April 30 2022,Pend Oreille,WA,Truck,1,0,1,5482,5483,0.02
April 30 2022,Kittitas,WA,Truck,7,0,7,14190,14197,0.05
April 30 2022,Pima,AZ,Passenger,0,1,1,152,153,0.65
April 30 2022,Monroe,FL,Passenger,0,1,1,31,32,3.12
April 30 2022,Maricopa,AZ,Passenger,2,0,2,554,556,0.36
April 30 2022,Los Angeles,CA,Passenger,2,3,5,586,591,0.85
April 30 2022,Norfolk City,VA,Passenger,1,1,2,271,273,0.73
April 30 2022,New Castle,DE,Passenger,1,0,1,13,14,7.14
April 30 2022,Riley,KS,Passenger,1,0,1,35,36,2.78
April 30 2022,Okanogan,WA,Passenger,14,6,20,5568,5588,0.36
April 30 2022,Oldham,KY,Passenger,0,1,1,4,5,20.00
April 30 2022,Marin,CA,Passenger,0,1,1,25,26,3.85
April 30 2022,Orange,CA,Passenger,4,1,5,313,318,1.57
April 30 2022,Orange,FL,Passenger,1,0,1,61,62,1.61
April 30 2022,Pacific,WA,Passenger,65,69,134,15537,15671,0.86
April 30 2022,Shelby,OH,Passenger,0,1,1,1,2,50.00
April 30 2022,Mecklenburg,NC,Passenger,1,0,1,47,48,2.08
April 30 2022,Skamania,WA,Passenger,66,47,113,7946,8059,1.40
April 30 2022,Philadelphia,PA,Passenger,1,0,1,29,30,3.33
April 30 2022,Pierce,WA,Passenger,4914,2272,7186,534969,542155,1.33
April 30 2022,Prince Georges,MD,Passenger,1,0,1,102,103,0.97
April 30 2022,Placer,CA,Passenger,1,0,1,48,49,2.04
April 30 2022,San Diego,CA,Passenger,12,11,23,1970,1993,1.15
April 30 2022,Palm Beach,FL,Passenger,1,0,1,31,32,3.12
April 30 2022,San Juan,WA,Passenger,476,153,629,13698,14327,4.39
April 30 2022,San Juan,WA,Truck,4,0,4,5797,5801,0.07
April 30 2022,Umatilla,WA,Passenger,0,0,0,1,1,0.00
April 30 2022,Pennington,SD,Passenger,1,0,1,18,19,5.26
April 30 2022,Platte,MO,Passenger,1,0,1,13,14,7.14
April 30 2022,Queens,NY,Passenger,1,0,1,32,33,3.03
April 30 2022,Wahkiakum,WA,Passenger,19,12,31,2999,3030,1.02
April 30 2022,Wahkiakum,WA,Truck,0,0,0,1765,1765,0.00
April 30 2022,Wake,NC,Passenger,1,0,1,63,64,1.56
April 30 2022,Walla Walla,WA,Passenger,159,95,254,35064,35318,0.72
April 30 2022,Salt Lake,UT,Passenger,2,1,3,99,102,2.94
April 30 2022,Saint Louis City,MO,Passenger,1,0,1,16,17,5.88
April 30 2022,Thurston,WA,Truck,47,0,47,53955,54002,0.09
April 30 2022,Tipton,TN,Passenger,1,0,1,9,10,10.00
April 30 2022,Whatcom,WA,Passenger,1787,717,2504,144909,147413,1.70
April 30 2022,Sarasota,FL,Passenger,1,0,1,17,18,5.56
April 30 2022,Whitman,WA,Truck,5,0,5,8343,8348,0.06
April 30 2022,Skamania,WA,Truck,0,0,0,3848,3848,0.00
April 30 2022,Skagit,WA,Passenger,766,339,1105,87733,88838,1.24
April 30 2022,Suffolk City,VA,Passenger,1,0,1,91,92,1.09
April 30 2022,Wilson,NC,Passenger,1,0,1,0,1,100.00
April 30 2022,Snohomish,WA,Passenger,7942,2413,10355,520512,530867,1.95
April 30 2022,Snohomish,WA,Truck,109,0,109,120699,120808,0.09
April 30 2022,Stevens,WA,Truck,2,0,2,18373,18375,0.01
April 30 2022,Whatcom,WA,Truck,27,0,27,42131,42158,0.06
April 30 2022,Virginia Beach City,VA,Passenger,2,0,2,436,438,0.46
April 30 2022,Whitman,WA,Passenger,83,54,137,21415,21552,0.64
August 31 2019,Bucks,PA,Passenger,1,0,1,22,23,4.35
July 31 2019,Pinal,AZ,Passenger,1,0,1,165,166,0.60
August 31 2019,Harris,TX,Passenger,1,1,2,230,232,0.86
June 30 2019,Whatcom,WA,Passenger,912,447,1359,153158,154517,0.88
July 31 2019,Pend Oreille,WA,Passenger,5,6,11,9889,9900,0.11
June 30 2019,Whitman,WA,Passenger,32,50,82,23164,23246,0.35
July 31 2019,Pend Oreille,WA,Truck,0,0,0,5986,5986,0.00
August 31 2019,Camden,GA,Passenger,1,1,2,159,161,1.24
August 31 2019,Honolulu,HI,Passenger,3,0,3,466,469,0.64
June 30 2019,Williamson,TX,Passenger,1,0,1,120,121,0.83
August 31 2019,Howard,MD,Passenger,0,1,1,89,90,1.11
August 31 2019,Island,WA,Passenger,355,258,613,64543,65156,0.94
July 31 2019,Riverside,CA,Passenger,1,1,2,634,636,0.31
August 31 2019,Douglas,WA,Truck,0,0,0,12586,12586,0.00
July 31 2019,Ada,ID,Passenger,0,2,2,281,283,0.71
July 31 2019,District Of Columbia,DC,Passenger,1,3,4,211,215,1.86
July 31 2019,Riley,KS,Passenger,1,0,1,66,67,1.49
July 31 2019,Alameda,CA,Passenger,4,2,6,294,300,2.00
August 31 2019,Juneau,AK,Passenger,0,2,2,27,29,6.90
September 30 2019,Kern,CA,Passenger,1,1,2,223,225,0.89
September 30 2019,King,WA,Passenger,20917,7615,28532,1414472,1443004,1.98
August 31 2019,Columbia,GA,Passenger,1,1,2,150,152,1.32
July 31 2019,Saint Marys,MD,Passenger,1,0,1,205,206,0.49
August 31 2019,Kitsap,WA,Truck,1,0,1,55434,55435,0.00
September 30 2019,Klickitat,WA,Truck,0,0,0,8541,8541,0.00
August 31 2019,Franklin,WA,Truck,0,0,0,20109,20109,0.00
July 31 2019,Flathead,MT,Passenger,1,0,1,53,54,1.85
July 31 2019,Santa Clara,CA,Passenger,3,2,5,345,350,1.43
August 31 2019,Columbia,WA,Passenger,2,2,4,2513,2517,0.16
August 31 2019,Fresno,CA,Passenger,1,0,1,186,187,0.53
September 30 2019,Larimer,CO,Passenger,0,1,1,52,53,1.89
July 31 2019,Shelby,OH,Passenger,0,1,1,1,2,50.00
July 31 2019,Garfield,WA,Truck,0,0,0,985,985,0.00
August 31 2019,Lewis,WA,Truck,0,0,0,26789,26789,0.00
July 31 2019,Goochland,VA,Passenger,1,1,2,204,206,0.97
September 30 2019,Lewis,WA,Passenger,115,108,223,60578,60801,0.37
July 31 2019,Skamania,WA,Passenger,27,18,45,8984,9029,0.50
August 31 2019,Dekalb,IN,Passenger,1,0,1,1,2,50.00
August 31 2019,Lincoln,WA,Truck,0,0,0,4823,4823,0.00
August 31 2019,District Of Columbia,DC,Passenger,1,3,4,211,215,1.86
September 30 2019,Lincoln,WA,Passenger,4,10,14,8033,8047,0.17
August 31 2019,Douglas,NE,Passenger,0,1,1,56,57,1.75
July 31 2019,Chelan,WA,Truck,0,0,0,22981,22981,0.00
July 31 2019,Harnett,NC,Passenger,0,1,1,205,206,0.49
July 31 2019,Tulsa,OK,Passenger,0,1,1,41,42,2.38
August 31 2019,Fairbanks North Star,AK,Passenger,0,1,1,97,98,1.02
July 31 2019,Volusia,FL,Passenger,0,1,1,34,35,2.86
July 31 2019,Clark,NV,Passenger,2,1,3,649,652,0.46
August 31 2019,Jefferson,NY,Passenger,0,2,2,228,230,0.87
August 31 2019,Ferry,WA,Passenger,5,2,7,4595,4602,0.15
September 30 2019,Mason,WA,Truck,0,0,0,21052,21052,0.00
July 31 2019,Wahkiakum,WA,Passenger,2,3,5,3075,3080,0.16
July 31 2019,Cochise,AZ,Passenger,0,1,1,118,119,0.84
July 31 2019,Walla Walla,WA,Passenger,52,62,114,36958,37072,0.31
August 31 2019,Klickitat,WA,Passenger,42,36,78,15957,16035,0.49
July 31 2019,Jefferson,WA,Passenger,213,129,342,25487,25829,1.32
August 31 2019,Montgomery,PA,Passenger,2,0,2,26,28,7.14
July 31 2019,Columbia,GA,Passenger,1,1,2,150,152,1.32
July 31 2019,Washtenaw,MI,Passenger,1,0,1,31,32,3.12
August 31 2019,Grays Harbor,WA,Truck,0,0,0,21101,21101,0.00
July 31 2019,Kent,DE,Passenger,0,1,1,74,75,1.33
August 31 2019,Nassau,NY,Passenger,2,0,2,33,35,5.71
July 31 2019,Whatcom,WA,Passenger,940,457,1397,153524,154921,0.90
July 31 2019,Cowlitz,WA,Truck,0,0,0,29708,29708,0.00
July 31 2019,Kitsap,WA,Passenger,1171,650,1821,184259,186080,0.98
August 31 2019,Guadalupe,TX,Passenger,2,0,2,57,59,3.39
July 31 2019,Kitsap,WA,Truck,1,0,1,55419,55420,0.00
August 31 2019,Okanogan,WA,Truck,0,0,0,4162,4162,0.00
July 31 2019,Kittitas,WA,Truck,0,0,0,14949,14949,0.00
September 30 2019,Oklahoma,OK,Passenger,0,2,2,120,122,1.64
August 31 2019,Albemarle,VA,Passenger,1,0,1,27,28,3.57
July 31 2019,Dale,AL,Passenger,0,1,1,66,67,1.49
July 31 2019,Whitman,WA,Truck,0,0,0,8877,8877,0.00
September 30 2019,Orange,CA,Passenger,6,2,8,515,523,1.53
July 31 2019,Klamath,OR,Passenger,1,0,1,28,29,3.45
August 31 2019,Harrison,MS,Passenger,1,0,1,66,67,1.49
August 31 2019,Asotin,WA,Truck,0,0,0,6904,6904,0.00
July 31 2019,Dekalb,IN,Passenger,1,0,1,1,2,50.00
July 31 2019,Kootenai,ID,Passenger,1,1,2,195,197,1.02
July 31 2019,Williamson,TX,Passenger,1,0,1,121,122,0.82
July 31 2019,Denver,CO,Passenger,1,0,1,115,116,0.86
August 31 2019,Pierce,WA,Truck,0,0,0,144481,144481,0.00
July 31 2019,Deschutes,OR,Passenger,2,0,2,134,136,1.47
September 30 2019,Pend Oreille,WA,Passenger,7,6,13,9813,9826,0.13
August 31 2019,Brevard,FL,Passenger,0,1,1,72,73,1.37
August 31 2019,Broward,FL,Passenger,1,1,2,122,124,1.61
July 31 2019,El Paso,CO,Passenger,0,1,1,711,712,0.14
July 31 2019,El Paso,TX,Passenger,2,0,2,493,495,0.40
August 31 2019,Bryan,GA,Passenger,1,0,1,56,57,1.75
August 31 2019,Moore,NC,Passenger,0,1,1,180,181,0.55
July 31 2019,Maui,HI,Passenger,1,0,1,44,45,2.22
July 31 2019,Fairbanks North Star,AK,Passenger,0,1,1,97,98,1.02
July 31 2019,Mecklenburg,NC,Passenger,1,0,1,86,87,1.15
September 30 2019,Riley,KS,Passenger,1,0,1,65,66,1.52
August 31 2019,Saint Marys,MD,Passenger,1,0,1,204,205,0.49
July 31 2019,Fresno,CA,Passenger,1,0,1,189,190,0.53
August 31 2019,Santa Clara,CA,Passenger,3,2,5,345,350,1.43
August 31 2019,Otero,NM,Passenger,0,1,1,43,44,2.27
August 31 2019,Kittitas,WA,Passenger,82,46,128,30441,30569,0.42
August 31 2019,Pacific,WA,Truck,0,0,0,7872,7872,0.00
August 31 2019,Boulder,CO,Passenger,1,0,1,45,46,2.17
August 31 2019,Klamath,OR,Passenger,1,0,1,28,29,3.45
September 30 2019,Santa Rosa,FL,Passenger,1,0,1,85,86,1.16
August 31 2019,Shasta,CA,Passenger,1,0,1,43,44,2.27
August 31 2019,Pima,AZ,Passenger,0,1,1,357,358,0.28
August 31 2019,Clackamas,OR,Passenger,0,1,1,195,196,0.51
August 31 2019,Polk,FL,Passenger,1,0,1,68,69,1.45
September 30 2019,Sedgwick,KS,Passenger,1,0,1,94,95,1.05
July 31 2019,Grant,WA,Truck,0,0,0,27663,27663,0.00
July 31 2019,Grays Harbor,WA,Truck,0,0,0,21068,21068,0.00
August 31 2019,Cook,IL,Passenger,1,0,1,222,223,0.45
July 31 2019,Palm Beach,FL,Passenger,0,1,1,72,73,1.37
September 30 2019,Spartanburg,SC,Passenger,0,1,1,30,31,3.23
August 31 2019,Maricopa,AZ,Passenger,7,3,10,1317,1327,0.75
August 31 2019,Clark,NV,Passenger,2,1,3,649,652,0.46
August 31 2019,Saginaw,MI,Passenger,1,0,1,12,13,7.69
August 31 2019,Tulsa,OK,Passenger,0,1,1,43,44,2.27
August 31 2019,Columbia,WA,Truck,0,0,0,1603,1603,0.00
August 31 2019,Maui,HI,Passenger,1,0,1,42,43,2.33
August 31 2019,San Juan,WA,Passenger,229,77,306,14747,15053,2.03
August 31 2019,Walla Walla,WA,Passenger,56,64,120,36975,37095,0.32
August 31 2019,San Mateo,CA,Passenger,2,1,3,117,120,2.50
August 31 2019,Dale,AL,Passenger,0,1,1,64,65,1.54
August 31 2019,Shelby,OH,Passenger,0,1,1,1,2,50.00
August 31 2019,Whitman,WA,Passenger,35,48,83,23143,23226,0.36
September 30 2019,Ventura,CA,Passenger,0,1,1,311,312,0.32
August 31 2019,Skamania,WA,Passenger,28,18,46,8993,9039,0.51
August 31 2019,Deschutes,OR,Passenger,2,0,2,133,135,1.48
August 31 2019,New Castle,DE,Passenger,1,0,1,23,24,4.17
September 30 2019,Wahkiakum,WA,Passenger,2,4,6,3115,3121,0.19
August 31 2019,Williamson,TX,Passenger,1,0,1,122,123,0.81
August 31 2019,Norfolk City,VA,Passenger,3,1,4,363,367,1.09
July 31 2019,Kern,CA,Passenger,1,1,2,225,227,0.88
August 31 2019,Garfield,WA,Passenger,0,1,1,1334,1335,0.07
August 31 2019,Douglas,OR,Passenger,1,0,1,47,48,2.08
July 31 2019,Shasta,CA,Passenger,1,0,1,42,43,2.33
August 31 2019,Garfield,WA,Truck,0,0,0,982,982,0.00
July 31 2019,Skagit,WA,Passenger,341,230,571,93998,94569,0.60
July 31 2019,Snohomish,WA,Passenger,3731,1726,5457,541781,547238,1.00
July 31 2019,Snohomish,WA,Truck,0,0,0,126359,126359,0.00
August 31 2019,Thurston,WA,Truck,0,0,0,56710,56710,0.00
August 31 2019,Goochland,VA,Passenger,1,1,2,201,203,0.99
September 30 2019,Adams,WA,Passenger,5,5,10,13234,13244,0.08
August 31 2019,Pacific,WA,Passenger,33,32,65,16292,16357,0.40
July 31 2019,Stevens,WA,Passenger,22,33,55,32578,32633,0.17
October 31 2019,Alexandria City,VA,Passenger,4,0,4,142,146,2.74
July 31 2019,Stevens,WA,Truck,0,0,0,19432,19432,0.00
August 31 2019,Pend Oreille,WA,Truck,0,0,0,5976,5976,0.00
August 31 2019,Valencia,NM,Passenger,1,0,1,4,5,20.00
August 31 2019,Vigo,IN,Passenger,1,0,1,5,6,16.67
September 30 2019,Benton,WA,Passenger,303,309,612,137165,137777,0.44
August 31 2019,Hennepin,MN,Passenger,2,0,2,101,103,1.94
August 31 2019,Wahkiakum,WA,Passenger,2,3,5,3092,3097,0.16
July 31 2019,Manassas City,VA,Passenger,0,1,1,7,8,12.50
July 31 2019,Sumter,FL,Passenger,0,1,1,10,11,9.09
July 31 2019,Travis,TX,Passenger,1,1,2,177,179,1.12
August 31 2019,Whatcom,WA,Passenger,958,471,1429,153625,155054,0.92
October 31 2019,Boulder,CO,Passenger,1,1,2,44,46,4.35
October 31 2019,Brevard,FL,Passenger,0,1,1,78,79,1.27
August 31 2019,Whitman,WA,Truck,0,0,0,8871,8871,0.00
August 31 2019,Jefferson,WA,Truck,0,0,0,9895,9895,0.00
September 30 2019,Clallam,WA,Passenger,199,155,354,51722,52076,0.68
August 31 2019,Kitsap,WA,Passenger,1191,659,1850,184503,186353,0.99
August 31 2019,San Diego,CA,Passenger,8,7,15,2788,2803,0.54
July 31 2019,New Castle,DE,Passenger,1,0,1,23,24,4.17
August 31 2019,Yakima,WA,Passenger,122,118,240,170143,170383,0.14
August 31 2019,Jones,GA,Passenger,1,0,1,1,2,50.00
August 31 2019,San Juan,WA,Truck,0,0,0,6065,6065,0.00
July 31 2019,Okanogan,WA,Passenger,3,7,10,6160,6170,0.16
September 30 2019,Columbia,WA,Truck,0,0,0,1608,1608,0.00
August 31 2019,Shelby,TN,Passenger,0,1,1,92,93,1.08
September 30 2019,,CA,Passenger,1,2,3,251,254,1.18
August 31 2019,Skagit,WA,Passenger,344,229,573,94080,94653,0.61
July 31 2019,Yakima,WA,Truck,0,0,0,61614,61614,0.00
August 31 2019,Lincoln,WA,Passenger,4,10,14,8017,8031,0.17
October 31 2019,Columbia,WA,Passenger,3,2,5,2492,2497,0.20
August 31 2019,Ada,ID,Passenger,0,2,2,281,283,0.71
September 30 2019,Arlington,VA,Passenger,0,2,2,142,144,1.39
August 31 2019,Alameda,CA,Passenger,4,1,5,285,290,1.72
August 31 2019,Umatilla,WA,Passenger,0,0,0,2,2,0.00
September 30 2019,Bell,TX,Passenger,0,1,1,436,437,0.23
September 30 2019,Duval,FL,Passenger,1,1,2,358,360,0.56
August 31 2019,Mason,WA,Truck,0,0,0,21033,21033,0.00
July 31 2019,Putnam,TN,Passenger,0,1,1,2,3,33.33
August 31 2019,Wahkiakum,WA,Truck,0,0,0,1809,1809,0.00
August 31 2019,Bexar,TX,Passenger,2,6,8,616,624,1.28
October 31 2019,Douglas,NE,Passenger,0,1,1,55,56,1.79
September 30 2019,Ferry,WA,Truck,0,0,0,3756,3756,0.00
October 31 2019,Douglas,OR,Passenger,1,0,1,44,45,2.22
September 30 2019,Boulder,CO,Passenger,1,1,2,43,45,4.44
August 31 2019,Washtenaw,MI,Passenger,1,0,1,31,32,3.12
September 30 2019,Flathead,MT,Passenger,1,0,1,55,56,1.79
October 31 2019,Dupage,IL,Passenger,2,0,2,51,53,3.77
August 31 2019,Manassas City,VA,Passenger,0,1,1,6,7,14.29
September 30 2019,Franklin,WA,Passenger,57,80,137,61626,61763,0.22
September 30 2019,Bryan,GA,Passenger,1,0,1,56,57,1.75
July 31 2019,San Juan,WA,Passenger,224,77,301,14751,15052,2.00
July 31 2019,San Juan,WA,Truck,0,0,0,6066,6066,0.00
August 31 2019,Montgomery,AL,Passenger,0,1,1,37,38,2.63
July 31 2019,Sangamon,IL,Passenger,1,0,1,7,8,12.50
September 30 2019,Carson City,NV,Passenger,1,0,1,8,9,11.11
August 31 2019,Chelan,WA,Truck,0,0,0,22997,22997,0.00
July 31 2019,Shelby,TN,Passenger,0,1,1,92,93,1.08
September 30 2019,Ada,ID,Passenger,0,1,1,278,279,0.36
September 30 2019,Alameda,CA,Passenger,4,1,5,283,288,1.74
July 31 2019,Solano,CA,Passenger,1,0,1,219,220,0.45
August 31 2019,Montgomery,MD,Passenger,0,4,4,278,282,1.42
August 31 2019,Clark,WA,Truck,0,0,0,83042,83042,0.00
September 30 2019,Albemarle,VA,Passenger,1,0,1,29,30,3.33
August 31 2019,Orange,CA,Passenger,5,2,7,525,532,1.32
October 31 2019,Guadalupe,TX,Passenger,2,0,2,55,57,3.51
July 31 2019,Spokane,WA,Truck,1,0,1,98420,98421,0.00
September 30 2019,Clackamas,OR,Passenger,1,1,2,191,193,1.04
August 31 2019,Clay,FL,Passenger,0,1,1,84,85,1.18
August 31 2019,Multnomah,OR,Passenger,5,6,11,708,719,1.53
October 31 2019,Guilford,NC,Passenger,1,0,1,30,31,3.23
September 30 2019,Cochise,AZ,Passenger,0,1,1,113,114,0.88
September 30 2019,Howard,MD,Passenger,0,1,1,91,92,1.09
October 31 2019,Hennepin,MN,Passenger,2,0,2,95,97,2.06
July 31 2019,Thurston,WA,Truck,0,0,0,56590,56590,0.00
September 30 2019,Jefferson,CO,Passenger,0,1,1,64,65,1.54
August 31 2019,Okanogan,,Passenger,23,19,42,20786,20828,0.20
September 30 2019,Bexar,TX,Passenger,1,6,7,613,620,1.13
September 30 2019,Cumberland,NC,Passenger,0,2,2,508,510,0.39
August 31 2019,Okanogan,WA,Passenger,3,7,10,6173,6183,0.16
August 31 2019,Oldham,KY,Passenger,0,1,1,4,5,20.00
August 31 2019,Cowlitz,WA,Passenger,117,123,240,74626,74866,0.32
September 30 2019,Broward,FL,Passenger,1,1,2,121,123,1.63
August 31 2019,Cowlitz,WA,Truck,0,0,0,29721,29721,0.00
September 30 2019,Bucks,PA,Passenger,1,0,1,22,23,4.35
September 30 2019,Kent,MI,Passenger,0,1,1,20,21,4.76
September 30 2019,Deschutes,OR,Passenger,2,0,2,133,135,1.48
September 30 2019,King,WA,Truck,7,1,8,187098,187106,0.00
August 31 2019,Denver,CO,Passenger,1,0,1,114,115,0.87
August 31 2019,Riley,KS,Passenger,1,0,1,64,65,1.54
October 31 2019,Jefferson,WA,Truck,0,0,0,9890,9890,0.00
October 31 2019,Juneau,AK,Passenger,0,2,2,24,26,7.69
August 31 2019,Pierce,WA,Passenger,2163,1689,3852,555147,558999,0.69
August 31 2019,El Paso,TX,Passenger,2,0,2,488,490,0.41
August 31 2019,Pinellas,FL,Passenger,1,1,2,98,100,2.00
August 31 2019,Santa Rosa,FL,Passenger,1,0,1,85,86,1.16
August 31 2019,,CA,Passenger,1,2,3,249,252,1.19
August 31 2019,Putnam,TN,Passenger,0,1,1,2,3,33.33
August 31 2019,Sarasota,FL,Passenger,1,0,1,26,27,3.70
September 30 2019,Clark,NV,Passenger,2,1,3,643,646,0.46
August 31 2019,Ramsey,MN,Passenger,1,0,1,34,35,2.86
August 31 2019,Fulton,GA,Passenger,0,2,2,97,99,2.02
August 31 2019,Sedgwick,KS,Passenger,1,0,1,94,95,1.05
September 30 2019,Cook,IL,Passenger,1,0,1,222,223,0.45
August 31 2019,Bell,TX,Passenger,0,1,1,443,444,0.23
August 31 2019,Riverside,CA,Passenger,1,1,2,634,636,0.31
August 31 2019,Benton,WA,Passenger,291,302,593,136919,137512,0.43
September 30 2019,Garfield,WA,Truck,0,0,0,992,992,0.00
September 30 2019,Cowlitz,WA,Truck,0,0,0,29785,29785,0.00
September 30 2019,Mason,OR,Passenger,2,0,2,14,16,12.50
August 31 2019,Grant,WA,Passenger,48,66,114,66895,67009,0.17
August 31 2019,Snohomish,WA,Passenger,3813,1751,5564,542098,547662,1.02
August 31 2019,Grant,WA,Truck,0,0,0,27696,27696,0.00
September 30 2019,Goochland,VA,Passenger,2,1,3,204,207,1.45
August 31 2019,Grays Harbor,WA,Passenger,101,89,190,48989,49179,0.39
August 31 2019,Stafford,VA,Passenger,1,0,1,93,94,1.06
August 31 2019,Carson City,NV,Passenger,1,0,1,9,10,10.00
September 30 2019,Monroe,IL,Passenger,1,0,1,4,5,20.00
October 31 2019,Mason,WA,Truck,0,0,0,21083,21083,0.00
September 30 2019,Harnett,NC,Passenger,0,1,1,199,200,0.50
August 31 2019,Stevens,WA,Passenger,25,32,57,32560,32617,0.17
September 30 2019,District Of Columbia,DC,Passenger,1,3,4,209,213,1.88
August 31 2019,Santa Cruz,CA,Passenger,1,0,1,35,36,2.78
September 30 2019,Montgomery,PA,Passenger,2,0,2,26,28,7.14
September 30 2019,Hennepin,MN,Passenger,2,0,2,99,101,1.98
August 31 2019,Clallam,WA,Passenger,197,152,349,51615,51964,0.67
September 30 2019,El Paso,TX,Passenger,2,0,2,478,480,0.42
September 30 2019,Hidalgo,TX,Passenger,0,1,1,82,83,1.20
August 31 2019,Skagit,WA,Truck,1,0,1,33475,33476,0.00
September 30 2019,Multnomah,OR,Passenger,5,6,11,704,715,1.54
August 31 2019,Tuolumne,CA,Passenger,0,1,1,10,11,9.09
August 31 2019,Island,WA,Truck,0,0,0,21817,21817,0.00
October 31 2019,Montgomery,MD,Passenger,0,4,4,271,275,1.45
September 30 2019,Fulton,GA,Passenger,0,2,2,99,101,1.98
August 31 2019,Cumberland,NC,Passenger,0,2,2,510,512,0.39
September 30 2019,Garfield,WA,Passenger,0,1,1,1339,1340,0.07
August 31 2019,Twin Falls,ID,Passenger,0,1,1,24,25,4.00
August 31 2019,Kent,MI,Passenger,0,1,1,21,22,4.55
August 31 2019,Kern,CA,Passenger,1,1,2,230,232,0.86
September 30 2019,Osceola,FL,Passenger,1,0,1,35,36,2.78
September 30 2019,Grant,WA,Truck,0,0,0,27735,27735,0.00
August 31 2019,King,WA,Passenger,20508,7527,28035,1412657,1440692,1.95
September 30 2019,Kitsap,WA,Passenger,1213,670,1883,184635,186518,1.01
August 31 2019,King,WA,Truck,7,1,8,186935,186943,0.00
October 31 2019,Norfolk City,VA,Passenger,3,1,4,364,368,1.09
September 30 2019,Kittitas,WA,Truck,0,0,0,14994,14994,0.00
August 31 2019,Volusia,FL,Passenger,0,1,1,36,37,2.70
August 31 2019,Klickitat,WA,Truck,0,0,0,8545,8545,0.00
October 31 2019,Oldham,KY,Passenger,0,1,1,4,5,20.00
October 31 2019,Orange,CA,Passenger,6,2,8,512,520,1.54
September 30 2019,Pierce,WA,Truck,0,0,0,144586,144586,0.00
August 31 2019,Larimer,CO,Passenger,0,1,1,50,51,1.96
September 30 2019,Adams,WA,Truck,0,0,0,5364,5364,0.00
October 31 2019,Pacific,WA,Passenger,39,31,70,16370,16440,0.43
August 31 2019,Duval,FL,Passenger,1,1,2,362,364,0.55
August 31 2019,Wayne,MI,Passenger,0,1,1,64,65,1.54
August 31 2019,Lewis,WA,Passenger,113,102,215,60586,60801,0.35
September 30 2019,Alexandria City,VA,Passenger,4,0,4,144,148,2.70
October 31 2019,Pierce,WA,Passenger,2294,1739,4033,557309,561342,0.72
August 31 2019,Westchester,NY,Passenger,0,1,1,31,32,3.12
September 30 2019,Prince William,VA,Passenger,1,3,4,244,248,1.61
October 31 2019,Pinellas,FL,Passenger,1,1,2,90,92,2.17
August 31 2019,Ferry,WA,Truck,0,0,0,3757,3757,0.00
September 30 2019,Riverside,CA,Passenger,2,1,3,630,633,0.47
September 30 2019,Jones,GA,Passenger,1,0,1,1,2,50.00
August 31 2019,Flathead,MT,Passenger,1,0,1,55,56,1.79
September 30 2019,Asotin,WA,Truck,0,0,0,6899,6899,0.00
September 30 2019,Manassas City,VA,Passenger,0,1,1,5,6,16.67
August 31 2019,Glacier,MT,Passenger,0,1,1,5,6,16.67
September 30 2019,Santa Barbara,CA,Passenger,1,0,1,96,97,1.03
September 30 2019,Caddo,LA,Passenger,1,0,1,19,20,5.00
October 31 2019,Santa Rosa,FL,Passenger,1,0,1,84,85,1.18
August 31 2019,Harnett,NC,Passenger,0,1,1,201,202,0.50
September 30 2019,Shasta,CA,Passenger,1,0,1,41,42,2.38
October 31 2019,Sedgwick,KS,Passenger,1,0,1,93,94,1.06
September 30 2019,Calvert,MD,Passenger,0,2,2,94,96,2.08
October 31 2019,Spartanburg,SC,Passenger,0,1,1,32,33,3.03
August 31 2019,Oklahoma,OK,Passenger,0,2,2,119,121,1.65
September 30 2019,Okanogan,WA,Passenger,2,7,9,6165,6174,0.15
September 30 2019,Columbia,GA,Passenger,1,1,2,147,149,1.34
September 30 2019,Oldham,KY,Passenger,0,1,1,4,5,20.00
September 30 2019,Umatilla,WA,Truck,0,0,0,1,1,0.00
October 31 2019,Twin Falls,ID,Passenger,0,1,1,24,25,4.00
August 31 2019,Jefferson,CO,Passenger,0,1,1,65,66,1.52
September 30 2019,Charles,MD,Passenger,0,1,1,81,82,1.22
September 30 2019,Volusia,FL,Passenger,0,1,1,36,37,2.70
September 30 2019,Dekalb,IN,Passenger,1,0,1,1,2,50.00
September 30 2019,Chelan,WA,Passenger,174,75,249,55700,55949,0.45
September 30 2019,Pierce,WA,Passenger,2202,1708,3910,555824,559734,0.70
August 31 2019,Kittitas,WA,Truck,0,0,0,14969,14969,0.00
August 31 2019,Powhatan,VA,Passenger,1,0,1,0,1,100.00
October 31 2019,Wayne,MI,Passenger,0,1,1,62,63,1.59
September 30 2019,Chesapeake City,VA,Passenger,0,1,1,439,440,0.23
August 31 2019,Prince William,VA,Passenger,1,3,4,253,257,1.56
September 30 2019,Pinellas,FL,Passenger,1,1,2,94,96,2.08
October 31 2019,Whitman,WA,Passenger,39,48,87,23136,23223,0.37
September 30 2019,Clallam,WA,Truck,1,0,1,22364,22365,0.00
September 30 2019,Clark,WA,Passenger,1818,1029,2847,321877,324724,0.88
October 31 2019,Adams,WA,Truck,0,0,0,5376,5376,0.00
November 30 2019,Ada,ID,Passenger,0,1,1,269,270,0.37
September 30 2019,Fairbanks North Star,AK,Passenger,0,1,1,97,98,1.02
September 30 2019,Putnam,TN,Passenger,0,1,1,2,3,33.33
September 30 2019,Clark,WA,Truck,0,0,0,83148,83148,0.00
November 30 2019,Alameda,CA,Passenger,4,0,4,271,275,1.45
October 31 2019,Albemarle,VA,Passenger,1,0,1,30,31,3.23
August 31 2019,San Francisco,CA,Passenger,2,1,3,97,100,3.00
September 30 2019,Ferry,WA,Passenger,5,2,7,4598,4605,0.15
September 30 2019,Clay,FL,Passenger,0,1,1,83,84,1.19
August 31 2019,Mason,OR,Passenger,2,0,2,12,14,14.29
November 30 2019,Anne Arundel,MD,Passenger,1,3,4,430,434,0.92
September 30 2019,Franklin,WA,Truck,0,0,0,20155,20155,0.00
August 31 2019,Sangamon,IL,Passenger,1,0,1,7,8,12.50
October 31 2019,Asotin,WA,Truck,0,0,0,6913,6913,0.00
September 30 2019,Frederick,MD,Passenger,2,1,3,86,89,3.37
November 30 2019,Asotin,WA,Passenger,14,9,23,12977,13000,0.18
September 30 2019,San Juan,WA,Truck,0,0,0,6082,6082,0.00
August 31 2019,Monroe,IL,Passenger,1,0,1,4,5,20.00
October 31 2019,Bay,FL,Passenger,1,0,1,38,39,2.56
September 30 2019,Sangamon,IL,Passenger,1,0,1,7,8,12.50
August 31 2019,Skamania,WA,Truck,0,0,0,4245,4245,0.00
October 31 2019,Bexar,TX,Passenger,1,6,7,610,617,1.13
August 31 2019,Spokane,WA,Passenger,613,472,1085,320327,321412,0.34
August 31 2019,Spokane,WA,Truck,1,0,1,98681,98682,0.00
October 31 2019,Boone,MO,Passenger,0,1,1,8,9,11.11
September 30 2019,Grays Harbor,WA,Truck,0,0,0,21160,21160,0.00
September 30 2019,Santa Fe,NM,Passenger,0,1,1,35,36,2.78
September 30 2019,Douglas,WA,Passenger,62,37,99,28772,28871,0.34
October 31 2019,Broward,FL,Passenger,1,1,2,116,118,1.69
November 30 2019,Bucks,PA,Passenger,1,0,1,21,22,4.55
September 30 2019,Douglas,WA,Truck,0,0,0,12603,12603,0.00
September 30 2019,Snohomish,WA,Passenger,3920,1772,5692,542975,548667,1.04
August 31 2019,Tarrant,TX,Passenger,2,0,2,179,181,1.10
September 30 2019,Harrison,MS,Passenger,1,0,1,65,66,1.52
October 31 2019,Caddo,LA,Passenger,1,0,1,19,20,5.00
September 30 2019,Solano,CA,Passenger,1,0,1,211,212,0.47
September 30 2019,Spokane,WA,Truck,1,0,1,98900,98901,0.00
November 30 2019,Calvert,MD,Passenger,0,2,2,94,96,2.08
August 31 2019,Thurston,WA,Passenger,1018,710,1728,201398,203126,0.85
August 31 2019,Nueces,TX,Passenger,1,1,2,94,96,2.08
September 30 2019,Fairfax,VA,Passenger,4,3,7,744,751,0.93
September 30 2019,Stafford,VA,Passenger,1,0,1,91,92,1.09
September 30 2019,Stevens,WA,Passenger,30,31,61,32530,32591,0.19
September 30 2019,Sumter,FL,Passenger,0,1,1,9,10,10.00
August 31 2019,Umatilla,WA,Truck,0,0,0,1,1,0.00
September 30 2019,Travis,TX,Passenger,1,1,2,178,180,1.11
August 31 2019,Osceola,FL,Passenger,1,0,1,36,37,2.70
August 31 2019,Ventura,CA,Passenger,0,2,2,317,319,0.63
September 30 2019,Thurston,WA,Passenger,1044,720,1764,201624,203388,0.87
October 31 2019,Chelan,WA,Passenger,192,79,271,55819,56090,0.48
August 31 2019,Walla Walla,WA,Truck,0,0,0,14079,14079,0.00
September 30 2019,Tuolumne,CA,Passenger,0,1,1,10,11,9.09
August 31 2019,Pend Oreille,WA,Passenger,6,6,12,9845,9857,0.12
November 30 2019,Cowlitz,WA,Truck,0,0,0,29862,29862,0.00
October 31 2019,Clay,FL,Passenger,0,1,1,85,86,1.16
August 31 2019,Whatcom,WA,Truck,2,0,2,44039,44041,0.00
September 30 2019,Island,WA,Passenger,365,265,630,64562,65192,0.97
September 30 2019,Island,WA,Truck,0,0,0,21826,21826,0.00
November 30 2019,Douglas,WA,Passenger,65,38,103,28834,28937,0.36
September 30 2019,Yakima,WA,Truck,0,0,0,61731,61731,0.00
November 30 2019,El Paso,TX,Passenger,2,0,2,461,463,0.43
September 30 2019,Allegheny,PA,Passenger,1,0,1,70,71,1.41
September 30 2019,Jefferson,NY,Passenger,0,2,2,227,229,0.87
November 30 2019,Fairbanks North Star,AK,Passenger,0,1,1,98,99,1.01
November 30 2019,Fairfax,VA,Passenger,4,3,7,737,744,0.94
October 31 2019,Dekalb,GA,Passenger,1,0,1,71,72,1.39
August 31 2019,Santa Barbara,CA,Passenger,1,0,1,97,98,1.02
September 30 2019,Liberty,GA,Passenger,1,0,1,128,129,0.78
August 31 2019,Santa Fe,NM,Passenger,0,1,1,33,34,2.94
November 30 2019,Ferry,WA,Passenger,5,2,7,4584,4591,0.15
September 30 2019,Kittitas,WA,Passenger,86,45,131,30523,30654,0.43
September 30 2019,Klickitat,WA,Passenger,44,37,81,15952,16033,0.51
November 30 2019,Franklin,WA,Passenger,61,80,141,62058,62199,0.23
October 31 2019,Benton,WA,Passenger,319,312,631,137515,138146,0.46
September 30 2019,Maricopa,AZ,Passenger,7,3,10,1304,1314,0.76
October 31 2019,Douglas,WA,Truck,0,0,0,12618,12618,0.00
August 31 2019,Spartanburg,SC,Passenger,0,1,1,29,30,3.33
September 30 2019,Boone,MO,Passenger,0,1,1,7,8,12.50
September 30 2019,Lincoln,WA,Truck,0,0,0,4826,4826,0.00
September 30 2019,Camden,GA,Passenger,1,1,2,158,160,1.25
September 30 2019,Mason,WA,Passenger,154,133,287,48447,48734,0.59
October 31 2019,Franklin,WA,Truck,0,0,0,20262,20262,0.00
November 30 2019,Grant,WA,Truck,0,0,0,27872,27872,0.00
October 31 2019,Cascade,MT,Passenger,0,1,1,59,60,1.67
October 31 2019,Fulton,GA,Passenger,0,2,2,99,101,1.98
October 31 2019,Chaves,NM,Passenger,1,0,1,9,10,10.00
November 30 2019,Grays Harbor,WA,Truck,0,0,0,21245,21245,0.00
October 31 2019,Garfield,WA,Passenger,0,1,1,1327,1328,0.08
October 31 2019,Clallam,WA,Passenger,208,153,361,51793,52154,0.69
October 31 2019,Clark,WA,Truck,0,0,0,83302,83302,0.00
November 30 2019,Harrison,MS,Passenger,1,0,1,62,63,1.59
September 30 2019,Nassau,NY,Passenger,2,0,2,32,34,5.88
November 30 2019,Howard,MD,Passenger,0,1,1,87,88,1.14
October 31 2019,Cowlitz,WA,Passenger,121,121,242,74904,75146,0.32
November 30 2019,Island,WA,Passenger,384,269,653,64761,65414,1.00
October 31 2019,Columbia,WA,Truck,0,0,0,1600,1600,0.00
October 31 2019,Cumberland,NC,Passenger,0,2,2,508,510,0.39
September 30 2019,Columbia,WA,Passenger,3,2,5,2501,2506,0.20
September 30 2019,Montgomery,AL,Passenger,0,1,1,38,39,2.56
August 31 2019,Yakima,WA,Truck,0,0,0,61722,61722,0.00
September 30 2019,Otero,NM,Passenger,0,1,1,43,44,2.27
September 30 2019,,,Passenger,8,6,14,2029,2043,0.69
September 30 2019,Pacific,WA,Truck,0,0,0,7864,7864,0.00
September 30 2019,Moore,NC,Passenger,0,1,1,179,180,0.56
September 30 2019,Davidson,TN,Passenger,1,0,1,66,67,1.49
November 30 2019,King,WA,Truck,7,1,8,187042,187050,0.00
September 30 2019,Dekalb,GA,Passenger,1,0,1,71,72,1.39
September 30 2019,Pend Oreille,WA,Truck,0,0,0,5957,5957,0.00
October 31 2019,Island,WA,Truck,0,0,0,21831,21831,0.00
November 30 2019,Kittitas,WA,Passenger,94,48,142,30686,30828,0.46
September 30 2019,Anne Arundel,MD,Passenger,1,3,4,433,437,0.92
October 31 2019,Duval,FL,Passenger,1,1,2,357,359,0.56
September 30 2019,New Castle,DE,Passenger,1,0,1,23,24,4.17
September 30 2019,Asotin,WA,Passenger,13,9,22,12954,12976,0.17
September 30 2019,Pima,AZ,Passenger,1,1,2,344,346,0.58
September 30 2019,Norfolk City,VA,Passenger,3,1,4,365,369,1.08
October 31 2019,Fairfax,VA,Passenger,4,3,7,745,752,0.93
September 30 2019,Douglas,NE,Passenger,0,1,1,56,57,1.75
September 30 2019,Polk,FL,Passenger,1,0,1,66,67,1.49
September 30 2019,Douglas,OR,Passenger,1,0,1,46,47,2.13
November 30 2019,Lewis,WA,Truck,0,0,0,26883,26883,0.00
September 30 2019,Powhatan,VA,Passenger,1,0,1,0,1,100.00
September 30 2019,Dupage,IL,Passenger,2,0,2,52,54,3.70
October 31 2019,Ferry,WA,Truck,0,0,0,3743,3743,0.00
November 30 2019,Lincoln,WA,Truck,0,0,0,4831,4831,0.00
September 30 2019,Ozaukee,WI,Passenger,0,1,1,3,4,25.00
October 31 2019,Grant,WA,Passenger,58,69,127,67074,67201,0.19
October 31 2019,Grays Harbor,WA,Passenger,108,100,208,49131,49339,0.42
October 31 2019,Greene,MO,Passenger,0,1,1,19,20,5.00
November 30 2019,Maricopa,AZ,Passenger,6,4,10,1273,1283,0.78
September 30 2019,Pinal,AZ,Passenger,1,0,1,162,163,0.61
October 31 2019,Harrison,MS,Passenger,1,0,1,62,63,1.59
September 30 2019,Cascade,MT,Passenger,0,1,1,60,61,1.64
September 30 2019,Guadalupe,TX,Passenger,2,0,2,57,59,3.39
September 30 2019,Chaves,NM,Passenger,1,0,1,9,10,10.00
September 30 2019,San Francisco,CA,Passenger,2,1,3,96,99,3.03
October 31 2019,Los Angeles,CA,Passenger,10,7,17,1037,1054,1.61
November 30 2019,Montgomery,PA,Passenger,1,0,1,26,27,3.70
September 30 2019,Shelby,OH,Passenger,0,1,1,1,2,50.00
September 30 2019,Skamania,WA,Passenger,29,18,47,9026,9073,0.52
November 30 2019,Nassau,NY,Passenger,2,0,2,34,36,5.56
September 30 2019,Skamania,WA,Truck,0,0,0,4256,4256,0.00
October 31 2019,Mason,WA,Passenger,163,134,297,48557,48854,0.61
November 30 2019,New Castle,DE,Passenger,1,0,1,23,24,4.17
September 30 2019,Contra Costa,CA,Passenger,2,0,2,198,200,1.00
September 30 2019,Spokane,WA,Passenger,633,477,1110,320760,321870,0.34
October 31 2019,Jefferson,CO,Passenger,0,1,1,63,64,1.56
September 30 2019,San Diego,CA,Passenger,8,7,15,2794,2809,0.53
October 31 2019,King,WA,Passenger,21871,7730,29601,1415772,1445373,2.05
September 30 2019,Sarasota,FL,Passenger,1,0,1,25,26,3.85
October 31 2019,Klickitat,WA,Truck,0,0,0,8553,8553,0.00
September 30 2019,Tarrant,TX,Passenger,2,0,2,173,175,1.14
September 30 2019,Jefferson,WA,Passenger,218,137,355,25560,25915,1.37
November 30 2019,Pend Oreille,WA,Truck,0,0,0,5981,5981,0.00
October 31 2019,Montgomery,AL,Passenger,0,1,1,37,38,2.63
September 30 2019,Shelby,TN,Passenger,0,1,1,94,95,1.05
September 30 2019,Jefferson,WA,Truck,0,0,0,9906,9906,0.00
September 30 2019,Umatilla,WA,Passenger,0,0,0,2,2,0.00
October 31 2019,Kent,MI,Passenger,0,1,1,20,21,4.76
September 30 2019,Vigo,IN,Passenger,1,0,1,5,6,16.67
October 31 2019,Moore,NC,Passenger,0,1,1,176,177,0.56
September 30 2019,Wahkiakum,WA,Truck,0,0,0,1803,1803,0.00
September 30 2019,Juneau,AK,Passenger,0,2,2,24,26,7.69
September 30 2019,El Paso,CO,Passenger,0,1,1,710,711,0.14
October 31 2019,Klickitat,WA,Passenger,49,38,87,15990,16077,0.54
October 31 2019,Lewis,WA,Passenger,117,109,226,60649,60875,0.37
September 30 2019,Walla Walla,WA,Passenger,59,64,123,37005,37128,0.33
September 30 2019,Kent,DE,Passenger,0,1,1,74,75,1.33
September 30 2019,Walla Walla,WA,Truck,0,0,0,14113,14113,0.00
September 30 2019,Kitsap,WA,Truck,1,0,1,55469,55470,0.00
September 30 2019,Klamath,OR,Passenger,1,0,1,28,29,3.45
September 30 2019,Washtenaw,MI,Passenger,1,0,1,30,31,3.23
September 30 2019,Valencia,NM,Passenger,1,0,1,4,5,20.00
October 31 2019,Maricopa,AZ,Passenger,6,4,10,1288,1298,0.77
September 30 2019,Kootenai,ID,Passenger,1,1,2,192,194,1.03
October 31 2019,Pima,AZ,Passenger,1,1,2,341,343,0.58
September 30 2019,Fresno,CA,Passenger,1,0,1,186,187,0.53
September 30 2019,Whatcom,WA,Passenger,976,481,1457,153780,155237,0.94
September 30 2019,Whatcom,WA,Truck,2,0,2,44066,44068,0.00
October 31 2019,Mason,OR,Passenger,2,0,2,15,17,11.76
November 30 2019,Sangamon,IL,Passenger,1,0,1,6,7,14.29
October 31 2019,Polk,FL,Passenger,1,0,1,66,67,1.49
September 30 2019,Whitman,WA,Truck,0,0,0,8849,8849,0.00
September 30 2019,Williamson,TX,Passenger,1,0,1,121,122,0.82
October 31 2019,Monroe,IL,Passenger,1,0,1,4,5,20.00
September 30 2019,Greene,MO,Passenger,0,1,1,19,20,5.00
September 30 2019,Guilford,NC,Passenger,1,0,1,30,31,3.23
September 30 2019,Los Angeles,CA,Passenger,10,6,16,1057,1073,1.49
September 30 2019,Harris,TX,Passenger,1,1,2,226,228,0.88
October 31 2019,,,Passenger,8,6,14,2025,2039,0.69
October 31 2019,Adams,WA,Passenger,6,6,12,13246,13258,0.09
November 30 2019,Umatilla,WA,Passenger,0,0,0,4,4,0.00
October 31 2019,San Bernardino,CA,Passenger,0,1,1,454,455,0.22
September 30 2019,Honolulu,HI,Passenger,3,0,3,468,471,0.64
September 30 2019,Maui,HI,Passenger,1,0,1,40,41,2.44
October 31 2019,Nueces,TX,Passenger,1,1,2,93,95,2.11
November 30 2019,Wahkiakum,WA,Truck,0,0,0,1794,1794,0.00
October 31 2019,Bryan,GA,Passenger,1,0,1,57,58,1.72
October 31 2019,Santa Cruz,CA,Passenger,1,0,1,33,34,2.94
October 31 2019,Arlington,VA,Passenger,0,2,2,143,145,1.38
October 31 2019,Okanogan,,Passenger,23,20,43,20858,20901,0.21
November 30 2019,Walla Walla,WA,Passenger,65,62,127,37054,37181,0.34
October 31 2019,Calvert,MD,Passenger,0,2,2,94,96,2.08
September 30 2019,Montgomery,MD,Passenger,0,4,4,274,278,1.44
October 31 2019,Osceola,FL,Passenger,1,0,1,34,35,2.86
November 30 2019,Washtenaw,MI,Passenger,1,0,1,29,30,3.33
October 31 2019,Powhatan,VA,Passenger,1,0,1,0,1,100.00
October 31 2019,Stafford,VA,Passenger,1,0,1,90,91,1.10
October 31 2019,Chesapeake City,VA,Passenger,0,1,1,438,439,0.23
September 30 2019,Okanogan,,Passenger,23,19,42,20839,20881,0.20
November 30 2019,Williamson,TX,Passenger,1,0,1,121,122,0.82
October 31 2019,Clackamas,OR,Passenger,1,1,2,191,193,1.04
September 30 2019,Pacific,WA,Passenger,35,31,66,16334,16400,0.40
October 31 2019,Clark,WA,Passenger,1900,1062,2962,322763,325725,0.91
September 30 2019,Palm Beach,FL,Passenger,0,1,1,71,72,1.39
October 31 2019,Prince William,VA,Passenger,1,3,4,235,239,1.67
October 31 2019,Thurston,WA,Passenger,1095,736,1831,202107,203938,0.90
December 31 2019,Adams,WA,Passenger,6,8,14,13279,13293,0.11
October 31 2019,Ramsey,MN,Passenger,1,0,1,35,36,2.78
October 31 2019,Tuolumne,CA,Passenger,0,1,1,10,11,9.09
September 30 2019,Lewis,WA,Truck,0,0,0,26764,26764,0.00
December 31 2019,Albemarle,VA,Passenger,1,0,1,30,31,3.23
October 31 2019,San Francisco,CA,Passenger,2,1,3,91,94,3.19
October 31 2019,Valencia,NM,Passenger,1,0,1,4,5,20.00
September 30 2019,Ramsey,MN,Passenger,1,0,1,35,36,2.78
October 31 2019,Saginaw,MI,Passenger,1,0,1,10,11,9.09
October 31 2019,Vigo,IN,Passenger,1,0,1,5,6,16.67
October 31 2019,Clark,NV,Passenger,2,1,3,644,647,0.46
October 31 2019,Santa Fe,NM,Passenger,0,1,1,35,36,2.78
October 31 2019,Walla Walla,WA,Truck,0,0,0,14086,14086,0.00
October 31 2019,Sarasota,FL,Passenger,1,0,1,25,26,3.85
October 31 2019,Cochise,AZ,Passenger,0,1,1,111,112,0.89
October 31 2019,Westchester,NY,Passenger,0,1,1,28,29,3.45
October 31 2019,San Mateo,CA,Passenger,1,1,2,118,120,1.67
October 31 2019,Santa Barbara,CA,Passenger,1,0,1,94,95,1.05
October 31 2019,Douglas,WA,Passenger,63,38,101,28813,28914,0.35
October 31 2019,Columbia,GA,Passenger,1,1,2,148,150,1.33
December 31 2019,Benton,WA,Passenger,326,318,644,137849,138493,0.47
October 31 2019,Contra Costa,CA,Passenger,2,0,2,193,195,1.03
October 31 2019,Skamania,WA,Truck,0,0,0,4273,4273,0.00
September 30 2019,San Bernardino,CA,Passenger,0,1,1,453,454,0.22
October 31 2019,Skagit,WA,Truck,1,0,1,33483,33484,0.00
October 31 2019,Spokane,WA,Passenger,653,498,1151,321562,322713,0.36
October 31 2019,Flathead,MT,Passenger,1,0,1,53,54,1.85
November 30 2019,,CA,Passenger,1,2,3,242,245,1.22
September 30 2019,Santa Cruz,CA,Passenger,1,0,1,33,34,2.94
December 31 2019,Bucks,PA,Passenger,1,0,1,20,21,4.76
November 30 2019,Adams,WA,Truck,0,0,0,5410,5410,0.00
September 30 2019,Skagit,WA,Passenger,349,231,580,94285,94865,0.61
September 30 2019,Nueces,TX,Passenger,1,1,2,94,96,2.08
October 31 2019,Tarrant,TX,Passenger,2,0,2,174,176,1.14
October 31 2019,Garfield,WA,Truck,0,0,0,986,986,0.00
September 30 2019,Skagit,WA,Truck,1,0,1,33442,33443,0.00
September 30 2019,Okanogan,WA,Truck,0,0,0,4163,4163,0.00
November 30 2019,Allegheny,PA,Passenger,1,0,1,67,68,1.47
October 31 2019,Goochland,VA,Passenger,3,1,4,204,208,1.92
September 30 2019,Snohomish,WA,Truck,0,0,0,126646,126646,0.00
October 31 2019,Umatilla,WA,Truck,0,0,0,1,1,0.00
November 30 2019,Arapahoe,CO,Passenger,1,0,1,132,133,0.75
October 31 2019,Dekalb,IN,Passenger,1,0,1,1,2,50.00
September 30 2019,Stevens,WA,Truck,0,0,0,19446,19446,0.00
November 30 2019,Arlington,VA,Passenger,0,2,2,145,147,1.36
October 31 2019,Deschutes,OR,Passenger,2,0,2,128,130,1.54
December 31 2019,Clallam,WA,Passenger,210,160,370,51723,52093,0.71
October 31 2019,Ventura,CA,Passenger,0,2,2,311,313,0.64
October 31 2019,Howard,MD,Passenger,0,1,1,90,91,1.10
December 31 2019,Clark,NV,Passenger,2,1,3,635,638,0.47
October 31 2019,Wahkiakum,WA,Truck,0,0,0,1793,1793,0.00
November 30 2019,Bell,TX,Passenger,0,1,1,425,426,0.23
December 31 2019,Columbia,WA,Truck,0,0,0,1606,1606,0.00
October 31 2019,Island,WA,Passenger,381,267,648,64695,65343,0.99
October 31 2019,Washoe,NV,Passenger,2,0,2,84,86,2.33
September 30 2019,Twin Falls,ID,Passenger,0,1,1,24,25,4.00
October 31 2019,El Paso,CO,Passenger,0,1,1,698,699,0.14
November 30 2019,Benton,WA,Truck,0,0,0,43577,43577,0.00
October 31 2019,Jefferson,WA,Passenger,222,137,359,25593,25952,1.38
October 31 2019,Whatcom,WA,Truck,2,0,2,44163,44165,0.00
October 31 2019,Yakima,WA,Passenger,128,123,251,170419,170670,0.15
September 30 2019,Saginaw,MI,Passenger,1,0,1,11,12,8.33
October 31 2019,Frederick,MD,Passenger,2,1,3,89,92,3.26
November 30 2019,Boone,MO,Passenger,0,1,1,8,9,11.11
September 30 2019,Saint Marys,MD,Passenger,1,0,1,204,205,0.49
September 30 2019,Washoe,NV,Passenger,2,0,2,85,87,2.30
October 31 2019,Kitsap,WA,Passenger,1257,675,1932,185201,187133,1.03
October 31 2019,Kitsap,WA,Truck,1,0,1,55613,55614,0.00
September 30 2019,San Juan,WA,Passenger,234,77,311,14739,15050,2.07
September 30 2019,Wayne,MI,Passenger,0,1,1,63,64,1.56
September 30 2019,San Mateo,CA,Passenger,2,1,3,119,122,2.46
November 30 2019,,,Passenger,8,6,14,2033,2047,0.68
September 30 2019,Westchester,NY,Passenger,0,1,1,30,31,3.23
September 30 2019,Santa Clara,CA,Passenger,3,2,5,332,337,1.48
November 30 2019,Adams,WA,Passenger,6,8,14,13262,13276,0.11
September 30 2019,Whitman,WA,Passenger,37,48,85,23137,23222,0.37
October 31 2019,Harris,TX,Passenger,1,1,2,223,225,0.89
November 30 2019,Charles,MD,Passenger,0,1,1,79,80,1.25
October 31 2019,Lincoln,WA,Passenger,4,11,15,8048,8063,0.19
November 30 2019,Bryan,GA,Passenger,1,0,1,57,58,1.72
October 31 2019,Ada,ID,Passenger,0,1,1,276,277,0.36
October 31 2019,Lincoln,WA,Truck,0,0,0,4825,4825,0.00
November 30 2019,Clallam,WA,Truck,1,0,1,22362,22363,0.00
October 31 2019,Hidalgo,TX,Passenger,0,1,1,82,83,1.20
October 31 2019,Alameda,CA,Passenger,4,0,4,279,283,1.41
October 31 2019,Honolulu,HI,Passenger,3,0,3,465,468,0.64
October 31 2019,Anne Arundel,MD,Passenger,1,3,4,435,439,0.91
October 31 2019,Asotin,WA,Passenger,13,9,22,12960,12982,0.17
December 31 2019,Howard,MD,Passenger,0,1,1,88,89,1.12
November 30 2019,Cascade,MT,Passenger,0,1,1,58,59,1.69
September 30 2019,Thurston,WA,Truck,0,0,0,56784,56784,0.00
October 31 2019,Mecklenburg,NC,Passenger,1,0,1,81,82,1.22
November 30 2019,Davidson,TN,Passenger,1,0,1,66,67,1.49
December 31 2019,Jefferson,CO,Passenger,0,1,1,62,63,1.59
September 30 2019,Tulsa,OK,Passenger,0,1,1,45,46,2.17
October 31 2019,Jones,GA,Passenger,1,0,1,1,2,50.00
November 30 2019,Dekalb,GA,Passenger,1,0,1,72,73,1.37
November 30 2019,Chesapeake City,VA,Passenger,0,2,2,431,433,0.46
December 31 2019,Jones,GA,Passenger,1,0,1,1,2,50.00
November 30 2019,Camden,GA,Passenger,1,1,2,156,158,1.27
November 30 2019,Clark,WA,Passenger,1923,1072,2995,323336,326331,0.92
October 31 2019,Nassau,NY,Passenger,2,0,2,33,35,5.71
November 30 2019,Cochise,AZ,Passenger,0,1,1,109,110,0.91
October 31 2019,Chelan,WA,Truck,0,0,0,23107,23107,0.00
November 30 2019,Clark,NV,Passenger,2,1,3,640,643,0.47
October 31 2019,Liberty,GA,Passenger,1,0,1,126,127,0.79
September 30 2019,Yakima,WA,Passenger,123,123,246,170179,170425,0.14
November 30 2019,Frederick,MD,Passenger,2,1,3,88,91,3.30
November 30 2019,Columbia,GA,Passenger,1,1,2,149,151,1.32
November 30 2019,Contra Costa,CA,Passenger,3,0,3,189,192,1.56
October 31 2019,,CA,Passenger,1,2,3,247,250,1.20
October 31 2019,Manassas City,VA,Passenger,0,1,1,5,6,16.67
October 31 2019,Allegheny,PA,Passenger,1,0,1,68,69,1.45
October 31 2019,Cowlitz,WA,Truck,0,0,0,29850,29850,0.00
October 31 2019,Riley,KS,Passenger,1,0,1,65,66,1.52
October 31 2019,Arapahoe,CO,Passenger,1,0,1,133,134,0.75
November 30 2019,Hidalgo,TX,Passenger,0,1,1,81,82,1.22
November 30 2019,El Paso,CO,Passenger,0,1,1,704,705,0.14
October 31 2019,Denver,CO,Passenger,1,0,1,117,118,0.85
October 31 2019,Bell,TX,Passenger,0,1,1,433,434,0.23
November 30 2019,Dekalb,IN,Passenger,1,0,1,1,2,50.00
October 31 2019,Multnomah,OR,Passenger,4,6,10,693,703,1.42
November 30 2019,District Of Columbia,DC,Passenger,1,3,4,212,216,1.85
December 31 2019,Multnomah,OR,Passenger,4,6,10,689,699,1.43
November 30 2019,Fresno,CA,Passenger,1,0,1,182,183,0.55
October 31 2019,Benton,WA,Truck,0,0,0,43531,43531,0.00
November 30 2019,Jefferson,NY,Passenger,0,2,2,227,229,0.87
November 30 2019,Douglas,NE,Passenger,0,1,1,53,54,1.85
October 31 2019,El Paso,TX,Passenger,2,0,2,469,471,0.42
November 30 2019,Garfield,WA,Truck,0,0,0,989,989,0.00
November 30 2019,Kent,DE,Passenger,0,1,1,72,73,1.37
October 31 2019,Shasta,CA,Passenger,1,0,1,43,44,2.27
October 31 2019,Okanogan,WA,Passenger,2,8,10,6151,6161,0.16
October 31 2019,Shelby,OH,Passenger,0,1,1,1,2,50.00
October 31 2019,Okanogan,WA,Truck,0,0,0,4142,4142,0.00
October 31 2019,Fairbanks North Star,AK,Passenger,0,1,1,101,102,0.98
November 30 2019,Kittitas,WA,Truck,0,0,0,15033,15033,0.00
November 30 2019,Flathead,MT,Passenger,1,0,1,54,55,1.82
October 31 2019,Bucks,PA,Passenger,1,0,1,23,24,4.17
October 31 2019,Snohomish,WA,Truck,0,0,0,126681,126681,0.00
December 31 2019,Osceola,FL,Passenger,1,0,1,36,37,2.70
October 31 2019,Ozaukee,WI,Passenger,0,1,1,3,4,25.00
October 31 2019,Ferry,WA,Passenger,5,2,7,4597,4604,0.15
November 30 2019,Kootenai,ID,Passenger,1,1,2,193,195,1.03
October 31 2019,Stevens,WA,Truck,0,0,0,19451,19451,0.00
October 31 2019,Franklin,WA,Passenger,61,82,143,61899,62042,0.23
October 31 2019,Camden,GA,Passenger,1,1,2,159,161,1.24
December 31 2019,Pierce,WA,Truck,0,0,0,145037,145037,0.00
October 31 2019,Fresno,CA,Passenger,1,0,1,184,185,0.54
October 31 2019,Pierce,WA,Truck,0,0,0,144770,144770,0.00
November 30 2019,Liberty,GA,Passenger,1,0,1,125,126,0.79
November 30 2019,Jefferson,WA,Passenger,224,143,367,25624,25991,1.41
October 31 2019,Carson City,NV,Passenger,1,0,1,9,10,10.00
October 31 2019,Pinal,AZ,Passenger,1,0,1,160,161,0.62
October 31 2019,Charles,MD,Passenger,0,1,1,78,79,1.27
November 30 2019,Harris,TX,Passenger,1,1,2,224,226,0.88
October 31 2019,Grant,WA,Truck,0,0,0,27832,27832,0.00
December 31 2019,Riverside,CA,Passenger,3,1,4,605,609,0.66
October 31 2019,Grays Harbor,WA,Truck,0,0,0,21230,21230,0.00
October 31 2019,Walla Walla,WA,Passenger,63,63,126,37071,37197,0.34
October 31 2019,Putnam,TN,Passenger,0,1,1,2,3,33.33
October 31 2019,Clallam,WA,Truck,1,0,1,22366,22367,0.00
November 30 2019,Lincoln,WA,Passenger,3,11,14,8020,8034,0.17
November 30 2019,Honolulu,HI,Passenger,3,0,3,459,462,0.65
October 31 2019,Whitman,WA,Truck,0,0,0,8847,8847,0.00
December 31 2019,San Juan,WA,Truck,0,0,0,6094,6094,0.00
October 31 2019,Riverside,CA,Passenger,3,1,4,622,626,0.64
December 31 2019,Santa Clara,CA,Passenger,5,2,7,317,324,2.16
October 31 2019,Williamson,TX,Passenger,1,0,1,120,121,0.83
November 30 2019,Mecklenburg,NC,Passenger,1,0,1,79,80,1.25
October 31 2019,Saint Marys,MD,Passenger,1,0,1,204,205,0.49
October 31 2019,Davidson,TN,Passenger,1,0,1,66,67,1.49
November 30 2019,Alexandria City,VA,Passenger,4,0,4,141,145,2.76
December 31 2019,Stafford,VA,Passenger,1,0,1,89,90,1.11
October 31 2019,District Of Columbia,DC,Passenger,1,3,4,210,214,1.87
November 30 2019,Kitsap,WA,Truck,1,0,1,55677,55678,0.00
November 30 2019,Klamath,OR,Passenger,1,0,1,27,28,3.57
October 31 2019,San Diego,CA,Passenger,8,7,15,2820,2835,0.53
October 31 2019,Kern,CA,Passenger,2,1,3,227,230,1.30
November 30 2019,Okanogan,WA,Passenger,2,8,10,6122,6132,0.16
November 30 2019,Benton,WA,Passenger,321,319,640,137683,138323,0.46
October 31 2019,King,WA,Truck,7,1,8,187100,187108,0.00
October 31 2019,San Juan,WA,Truck,0,0,0,6092,6092,0.00
November 30 2019,Brevard,FL,Passenger,0,1,1,75,76,1.32
October 31 2019,Santa Clara,CA,Passenger,4,2,6,334,340,1.76
October 31 2019,Larimer,CO,Passenger,0,1,1,52,53,1.89
November 30 2019,Otero,NM,Passenger,0,1,1,40,41,2.44
November 30 2019,Ozaukee,WI,Passenger,0,1,1,3,4,25.00
November 30 2019,Pacific,WA,Truck,0,0,0,7925,7925,0.00
October 31 2019,Shelby,TN,Passenger,0,1,1,93,94,1.06
November 30 2019,Palm Beach,FL,Passenger,0,1,1,70,71,1.41
November 30 2019,Chaves,NM,Passenger,1,0,1,9,10,10.00
October 31 2019,Solano,CA,Passenger,1,0,1,209,210,0.48
October 31 2019,Lewis,WA,Truck,0,0,0,26825,26825,0.00
November 30 2019,Clackamas,OR,Passenger,1,1,2,188,190,1.05
November 30 2019,Pinal,AZ,Passenger,1,0,1,160,161,0.62
November 30 2019,Clallam,WA,Passenger,208,155,363,51769,52132,0.70
November 30 2019,Riley,KS,Passenger,1,0,1,64,65,1.54
October 31 2019,Glacier,MT,Passenger,0,1,1,5,6,16.67
November 30 2019,Maui,HI,Passenger,1,0,1,40,41,2.44
October 31 2019,Tulsa,OK,Passenger,0,1,1,44,45,2.22
January 31 2020,Asotin,WA,Truck,0,0,0,6934,6934,0.00
October 31 2019,Harnett,NC,Passenger,0,1,1,197,198,0.51
November 30 2019,San Juan,WA,Passenger,248,82,330,14727,15057,2.19
October 31 2019,Volusia,FL,Passenger,0,1,1,37,38,2.63
November 30 2019,San Mateo,CA,Passenger,1,1,2,118,120,1.67
January 31 2020,Boone,MO,Passenger,0,1,1,8,9,11.11
November 30 2019,Shelby,OH,Passenger,0,1,1,1,2,50.00
November 30 2019,Okanogan,WA,Truck,0,0,0,4127,4127,0.00
October 31 2019,Jefferson,NY,Passenger,0,2,2,226,228,0.88
January 31 2020,Broward,FL,Passenger,0,1,1,113,114,0.88
November 30 2019,Duval,FL,Passenger,1,1,2,352,354,0.56
January 31 2020,Caddo,LA,Passenger,1,0,1,16,17,5.88
November 30 2019,Snohomish,WA,Truck,0,0,0,126850,126850,0.00
October 31 2019,Montgomery,PA,Passenger,1,0,1,26,27,3.70
October 31 2019,Kent,DE,Passenger,0,1,1,72,73,1.37
November 30 2019,Solano,CA,Passenger,1,0,1,208,209,0.48
January 31 2020,Cascade,MT,Passenger,0,1,1,59,60,1.67
October 31 2019,New Castle,DE,Passenger,1,0,1,24,25,4.00
November 30 2019,Stevens,WA,Truck,0,0,0,19474,19474,0.00
October 31 2019,Kittitas,WA,Passenger,92,47,139,30635,30774,0.45
November 30 2019,Ferry,WA,Truck,0,0,0,3745,3745,0.00
November 30 2019,Pierce,WA,Truck,0,0,0,144829,144829,0.00
October 31 2019,Kittitas,WA,Truck,0,0,0,15028,15028,0.00
January 31 2020,Chaves,NM,Passenger,1,0,1,10,11,9.09
October 31 2019,Klamath,OR,Passenger,1,0,1,28,29,3.45
November 30 2019,Skamania,WA,Passenger,29,20,49,9020,9069,0.54
October 31 2019,Oklahoma,OK,Passenger,0,2,2,121,123,1.63
October 31 2019,Kootenai,ID,Passenger,1,1,2,192,194,1.03
November 30 2019,Goochland,VA,Passenger,3,1,4,200,204,1.96
November 30 2019,Thurston,WA,Truck,0,0,0,56885,56885,0.00
January 31 2020,Columbia,WA,Truck,0,0,0,1606,1606,0.00
November 30 2019,Sumter,FL,Passenger,0,1,1,9,10,10.00
November 30 2019,Bay,FL,Passenger,1,0,1,38,39,2.56
November 30 2019,Greene,MO,Passenger,0,1,1,19,20,5.00
November 30 2019,Bexar,TX,Passenger,1,6,7,608,615,1.14
November 30 2019,Saint Marys,MD,Passenger,1,0,1,202,203,0.49
January 31 2020,Dekalb,GA,Passenger,1,0,1,73,74,1.35
October 31 2019,Maui,HI,Passenger,1,0,1,40,41,2.44
November 30 2019,San Diego,CA,Passenger,8,7,15,2817,2832,0.53
January 31 2020,Denton,TX,Passenger,1,0,1,64,65,1.54
November 30 2019,Travis,TX,Passenger,1,1,2,175,177,1.13
November 30 2019,San Juan,WA,Truck,0,0,0,6086,6086,0.00
November 30 2019,Santa Clara,CA,Passenger,4,2,6,328,334,1.80
November 30 2019,Valencia,NM,Passenger,1,0,1,3,4,25.00
November 30 2019,Whitman,WA,Truck,0,0,0,8832,8832,0.00
November 30 2019,Shasta,CA,Passenger,1,0,1,41,42,2.38
January 31 2020,Duval,FL,Passenger,1,1,2,351,353,0.57
November 30 2019,Shelby,TN,Passenger,0,1,1,92,93,1.08
October 31 2019,San Juan,WA,Passenger,242,80,322,14728,15050,2.14
November 30 2019,Vigo,IN,Passenger,1,0,1,5,6,16.67
November 30 2019,Wahkiakum,WA,Passenger,4,4,8,3107,3115,0.26
November 30 2019,Skagit,WA,Passenger,381,232,613,94351,94964,0.65
October 31 2019,Sangamon,IL,Passenger,1,0,1,6,7,14.29
November 30 2019,Jefferson,CO,Passenger,0,1,1,63,64,1.56
November 30 2019,Snohomish,WA,Passenger,4126,1816,5942,544603,550545,1.08
November 30 2019,Chelan,WA,Passenger,197,79,276,55788,56064,0.49
January 31 2020,Ferry,WA,Truck,0,0,0,3745,3745,0.00
December 31 2019,,CA,Passenger,1,2,3,234,237,1.27
November 30 2019,Chelan,WA,Truck,0,0,0,23119,23119,0.00
October 31 2019,Spokane,WA,Truck,1,0,1,99244,99245,0.00
January 31 2020,Franklin,WA,Truck,0,0,0,20475,20475,0.00
January 31 2020,Garfield,WA,Passenger,0,1,1,1340,1341,0.07
November 30 2019,Clark,WA,Truck,0,0,0,83446,83446,0.00
October 31 2019,Otero,NM,Passenger,0,1,1,40,41,2.44
December 31 2019,Arlington,VA,Passenger,0,2,2,143,145,1.38
November 30 2019,Whatcom,WA,Passenger,1020,493,1513,154067,155580,0.97
October 31 2019,Pacific,WA,Truck,0,0,0,7906,7906,0.00
November 30 2019,Clay,FL,Passenger,0,1,1,86,87,1.15
December 31 2019,Bell,TX,Passenger,0,1,1,416,417,0.24
November 30 2019,Tulsa,OK,Passenger,0,1,1,44,45,2.22
October 31 2019,Palm Beach,FL,Passenger,0,1,1,71,72,1.39
November 30 2019,Kitsap,WA,Passenger,1270,681,1951,185321,187272,1.04
December 31 2019,Benton,WA,Truck,0,0,0,43667,43667,0.00
October 31 2019,Pend Oreille,WA,Passenger,8,6,14,9835,9849,0.14
October 31 2019,Pend Oreille,WA,Truck,0,0,0,5983,5983,0.00
October 31 2019,Thurston,WA,Truck,0,0,0,56882,56882,0.00
November 30 2019,Cowlitz,WA,Passenger,123,122,245,74924,75169,0.33
December 31 2019,Carson City,NV,Passenger,1,0,1,8,9,11.11
December 31 2019,Boulder,CO,Passenger,1,1,2,42,44,4.55
December 31 2019,Ada,ID,Passenger,0,1,1,266,267,0.37
November 30 2019,Mason,OR,Passenger,2,0,2,15,17,11.76
December 31 2019,Brevard,FL,Passenger,0,1,1,75,76,1.32
November 30 2019,Denver,CO,Passenger,1,0,1,115,116,0.86
November 30 2019,Mason,WA,Truck,0,0,0,21116,21116,0.00
December 31 2019,Clallam,WA,Truck,1,0,1,22397,22398,0.00
December 31 2019,Bryan,GA,Passenger,1,0,1,57,58,1.72
December 31 2019,Alameda,CA,Passenger,4,0,4,267,271,1.48
November 30 2019,Douglas,WA,Truck,0,0,0,12629,12629,0.00
October 31 2019,Skagit,WA,Passenger,370,231,601,94355,94956,0.63
October 31 2019,Skamania,WA,Passenger,28,20,48,9035,9083,0.53
November 30 2019,Monroe,IL,Passenger,1,0,1,3,4,25.00
December 31 2019,Bexar,TX,Passenger,1,6,7,602,609,1.15
October 31 2019,Snohomish,WA,Passenger,4079,1795,5874,544224,550098,1.07
December 31 2019,Cowlitz,WA,Passenger,128,124,252,74988,75240,0.33
November 30 2019,Fulton,GA,Passenger,0,2,2,101,103,1.94
October 31 2019,Stevens,WA,Passenger,32,31,63,32471,32534,0.19
December 31 2019,Cumberland,NC,Passenger,0,2,2,499,501,0.40
December 31 2019,Chelan,WA,Truck,0,0,0,23157,23157,0.00
December 31 2019,Broward,FL,Passenger,0,1,1,116,117,0.85
October 31 2019,Sumter,FL,Passenger,0,1,1,9,10,10.00
January 31 2020,Los Angeles,CA,Passenger,10,9,19,1013,1032,1.84
December 31 2019,Clackamas,OR,Passenger,1,1,2,184,186,1.08
November 30 2019,Grant,WA,Passenger,56,69,125,67212,67337,0.19
November 30 2019,Boulder,CO,Passenger,1,1,2,43,45,4.44
October 31 2019,Travis,TX,Passenger,1,1,2,178,180,1.11
November 30 2019,Grays Harbor,WA,Passenger,112,104,216,49159,49375,0.44
October 31 2019,Umatilla,WA,Passenger,0,0,0,4,4,0.00
November 30 2019,Norfolk City,VA,Passenger,2,1,3,364,367,0.82
January 31 2020,Mason,OR,Passenger,2,0,2,18,20,10.00
December 31 2019,Cochise,AZ,Passenger,0,1,1,109,110,0.91
October 31 2019,Wahkiakum,WA,Passenger,4,4,8,3116,3124,0.26
November 30 2019,Nueces,TX,Passenger,1,1,2,89,91,2.20
November 30 2019,Orange,CA,Passenger,6,1,7,512,519,1.35
October 31 2019,Washtenaw,MI,Passenger,1,0,1,29,30,3.33
January 31 2020,Monroe,IL,Passenger,1,0,1,3,4,25.00
December 31 2019,Cowlitz,WA,Truck,0,0,0,29874,29874,0.00
November 30 2019,Osceola,FL,Passenger,1,0,1,37,38,2.63
January 31 2020,Moore,NC,Passenger,0,1,1,164,165,0.61
December 31 2019,Glacier,MT,Passenger,0,1,1,4,5,20.00
December 31 2019,Denver,CO,Passenger,1,0,1,114,115,0.87
October 31 2019,Whatcom,WA,Passenger,1004,492,1496,153944,155440,0.96
November 30 2019,Columbia,WA,Passenger,3,2,5,2500,2505,0.20
November 30 2019,Columbia,WA,Truck,0,0,0,1601,1601,0.00
December 31 2019,Deschutes,OR,Passenger,2,0,2,126,128,1.56
December 31 2019,Grant,WA,Passenger,58,72,130,67336,67466,0.19
December 31 2019,District Of Columbia,DC,Passenger,1,3,4,214,218,1.83
November 30 2019,Island,WA,Truck,1,0,1,21831,21832,0.00
December 31 2019,Grays Harbor,WA,Passenger,118,105,223,49197,49420,0.45
January 31 2020,Nueces,TX,Passenger,1,0,1,85,86,1.16
October 31 2019,Yakima,WA,Truck,0,0,0,61817,61817,0.00
January 31 2020,Okanogan,,Passenger,30,22,52,20880,20932,0.25
December 31 2019,Duval,FL,Passenger,1,1,2,345,347,0.58
December 31 2019,El Paso,TX,Passenger,2,0,2,458,460,0.43
November 30 2019,Deschutes,OR,Passenger,2,0,2,125,127,1.57
November 30 2019,Kent,MI,Passenger,0,1,1,21,22,4.55
November 30 2019,Albemarle,VA,Passenger,1,0,1,30,31,3.23
November 30 2019,Kern,CA,Passenger,2,1,3,225,228,1.32
December 31 2019,Harnett,NC,Passenger,0,1,1,193,194,0.52
November 30 2019,King,WA,Passenger,22115,7798,29913,1415356,1445269,2.07
December 31 2019,Ferry,WA,Truck,0,0,0,3741,3741,0.00
November 30 2019,Asotin,WA,Truck,0,0,0,6921,6921,0.00
December 31 2019,Flathead,MT,Passenger,1,0,1,53,54,1.85
November 30 2019,Klickitat,WA,Passenger,51,39,90,16022,16112,0.56
November 30 2019,Klickitat,WA,Truck,0,0,0,8546,8546,0.00
November 30 2019,Douglas,OR,Passenger,1,0,1,45,46,2.17
December 31 2019,Hennepin,MN,Passenger,2,0,2,95,97,2.06
December 31 2019,Franklin,WA,Passenger,62,81,143,62253,62396,0.23
December 31 2019,Garfield,WA,Truck,0,0,0,995,995,0.00
December 31 2019,Hidalgo,TX,Passenger,0,1,1,80,81,1.23
November 30 2019,Larimer,CO,Passenger,0,1,1,49,50,2.00
November 30 2019,Saginaw,MI,Passenger,1,0,1,10,11,9.09
December 31 2019,Fulton,GA,Passenger,0,2,2,100,102,1.96
January 31 2020,Ramsey,MN,Passenger,1,0,1,34,35,2.86
December 31 2019,Garfield,WA,Passenger,0,1,1,1328,1329,0.08
November 30 2019,Broward,FL,Passenger,1,1,2,116,118,1.69
December 31 2019,Goochland,VA,Passenger,2,1,3,199,202,1.49
November 30 2019,Dupage,IL,Passenger,2,0,2,54,56,3.57
November 30 2019,Lewis,WA,Passenger,119,110,229,60730,60959,0.38
November 30 2019,Caddo,LA,Passenger,1,0,1,18,19,5.26
November 30 2019,Santa Barbara,CA,Passenger,1,0,1,90,91,1.10
December 31 2019,Grant,WA,Truck,0,0,0,27912,27912,0.00
November 30 2019,Santa Rosa,FL,Passenger,1,0,1,85,86,1.16
November 30 2019,Carson City,NV,Passenger,1,0,1,8,9,11.11
December 31 2019,Kittitas,WA,Truck,0,0,0,15040,15040,0.00
November 30 2019,Sarasota,FL,Passenger,1,0,1,23,24,4.17
December 31 2019,Klickitat,WA,Truck,0,0,0,8557,8557,0.00
November 30 2019,Sedgwick,KS,Passenger,1,0,1,92,93,1.08
January 31 2020,Saginaw,MI,Passenger,1,0,1,10,11,9.09
December 31 2019,Larimer,CO,Passenger,0,1,1,47,48,2.08
November 30 2019,Guadalupe,TX,Passenger,2,0,2,54,56,3.57
January 31 2020,San Bernardino,CA,Passenger,0,1,1,447,448,0.22
November 30 2019,Hennepin,MN,Passenger,2,0,2,95,97,2.06
January 31 2020,San Mateo,CA,Passenger,1,1,2,117,119,1.68
November 30 2019,Suffolk City,VA,Passenger,1,0,1,119,120,0.83
November 30 2019,Montgomery,OH,Passenger,0,1,1,59,60,1.67
November 30 2019,Cumberland,NC,Passenger,0,2,2,499,501,0.40
January 31 2020,Santa Barbara,CA,Passenger,1,0,1,91,92,1.09
December 31 2019,Kern,CA,Passenger,1,1,2,227,229,0.87
January 31 2020,Santa Cruz,CA,Passenger,1,0,1,32,33,3.03
December 31 2019,Kent,MI,Passenger,0,1,1,21,22,4.55
December 31 2019,King,WA,Passenger,22477,7890,30367,1414982,1445349,2.10
December 31 2019,King,WA,Truck,7,1,8,186946,186954,0.00
December 31 2019,Kitsap,WA,Passenger,1283,685,1968,185561,187529,1.05
November 30 2019,Oklahoma,OK,Passenger,0,2,2,117,119,1.68
January 31 2020,Skagit,WA,Truck,1,0,1,33527,33528,0.00
November 30 2019,Jefferson,WA,Truck,0,0,0,9867,9867,0.00
November 30 2019,Jones,GA,Passenger,1,0,1,1,2,50.00
November 30 2019,Pima,AZ,Passenger,1,1,2,335,337,0.59
November 30 2019,Juneau,AK,Passenger,0,2,2,24,26,7.69
December 31 2019,Lewis,WA,Passenger,116,110,226,60753,60979,0.37
November 30 2019,Polk,FL,Passenger,1,0,1,66,67,1.49
November 30 2019,Yakima,WA,Passenger,130,125,255,170503,170758,0.15
December 31 2019,Lincoln,WA,Passenger,3,11,14,8027,8041,0.17
January 31 2020,Tuolumne,CA,Passenger,0,1,1,9,10,10.00
November 30 2019,Franklin,WA,Truck,0,0,0,20341,20341,0.00
November 30 2019,Powhatan,VA,Passenger,1,0,1,0,1,100.00
December 31 2019,Mason,OR,Passenger,2,0,2,16,18,11.11
November 30 2019,Prince William,VA,Passenger,1,3,4,234,238,1.68
December 31 2019,Oklahoma,OK,Passenger,0,2,2,118,120,1.67
December 31 2019,Allegheny,PA,Passenger,1,0,1,64,65,1.54
January 31 2020,Valencia,NM,Passenger,1,0,1,3,4,25.00
November 30 2019,Garfield,WA,Passenger,0,1,1,1326,1327,0.08
December 31 2019,Arapahoe,CO,Passenger,1,0,1,128,129,0.78
December 31 2019,Ozaukee,WI,Passenger,0,1,1,3,4,25.00
November 30 2019,Glacier,MT,Passenger,0,1,1,5,6,16.67
December 31 2019,Manassas City,VA,Passenger,0,1,1,4,5,20.00
December 31 2019,Pend Oreille,WA,Passenger,8,7,15,9855,9870,0.15
January 31 2020,Washoe,NV,Passenger,1,0,1,82,83,1.20
November 30 2019,San Francisco,CA,Passenger,2,1,3,90,93,3.23
December 31 2019,Mason,WA,Truck,0,0,0,21140,21140,0.00
December 31 2019,Bay,FL,Passenger,1,0,1,37,38,2.63
December 31 2019,Pinellas,FL,Passenger,1,1,2,89,91,2.20
November 30 2019,Guilford,NC,Passenger,1,0,1,30,31,3.23
January 31 2020,Westchester,NY,Passenger,0,1,1,27,28,3.57
December 31 2019,Monroe,IL,Passenger,1,0,1,3,4,25.00
December 31 2019,Boone,MO,Passenger,0,1,1,8,9,11.11
November 30 2019,Harnett,NC,Passenger,0,1,1,194,195,0.51
December 31 2019,Montgomery,PA,Passenger,1,0,1,26,27,3.70
November 30 2019,Skamania,WA,Truck,0,0,0,4263,4263,0.00
January 31 2020,Yakima,WA,Passenger,133,125,258,170795,171053,0.15
November 30 2019,Los Angeles,CA,Passenger,9,8,17,1029,1046,1.63
December 31 2019,Calvert,MD,Passenger,0,2,2,93,95,2.11
November 30 2019,Spokane,WA,Passenger,669,505,1174,321860,323034,0.36
November 30 2019,Spokane,WA,Truck,1,0,1,99388,99389,0.00
February 29 2020,,CA,Passenger,1,2,3,221,224,1.34
November 30 2019,Manassas City,VA,Passenger,0,1,1,5,6,16.67
December 31 2019,Okanogan,WA,Passenger,3,8,11,6115,6126,0.18
February 29 2020,Allegheny,PA,Passenger,1,0,1,62,63,1.59
December 31 2019,Oldham,KY,Passenger,0,1,1,3,4,25.00
December 31 2019,Charles,MD,Passenger,0,1,1,78,79,1.27
December 31 2019,Orange,CA,Passenger,6,1,7,509,516,1.36
November 30 2019,Tarrant,TX,Passenger,2,0,2,171,173,1.16
February 29 2020,Arlington,VA,Passenger,0,2,2,142,144,1.39
December 31 2019,Chelan,WA,Passenger,202,82,284,55763,56047,0.51
February 29 2020,Bell,TX,Passenger,0,1,1,407,408,0.25
December 31 2019,Pierce,WA,Passenger,2367,1774,4141,558475,562616,0.74
November 30 2019,Thurston,WA,Passenger,1128,753,1881,202155,204036,0.92
November 30 2019,Montgomery,MD,Passenger,0,4,4,271,275,1.45
November 30 2019,Multnomah,OR,Passenger,4,6,10,689,699,1.43
December 31 2019,Clark,WA,Truck,0,0,0,83490,83490,0.00
December 31 2019,Spartanburg,SC,Passenger,0,1,1,34,35,2.86
December 31 2019,Clay,FL,Passenger,0,1,1,85,86,1.16
December 31 2019,Prince William,VA,Passenger,1,3,4,235,239,1.67
November 30 2019,Umatilla,WA,Truck,0,0,0,1,1,0.00
November 30 2019,Ventura,CA,Passenger,0,2,2,310,312,0.64
December 31 2019,Sumter,FL,Passenger,0,1,1,9,10,10.00
November 30 2019,Okanogan,,Passenger,26,22,48,20873,20921,0.23
November 30 2019,Mason,WA,Passenger,163,135,298,48594,48892,0.61
November 30 2019,Oldham,KY,Passenger,0,1,1,4,5,20.00
November 30 2019,Walla Walla,WA,Truck,0,0,0,14097,14097,0.00
December 31 2019,Putnam,TN,Passenger,0,1,1,2,3,33.33
February 29 2020,Bryan,GA,Passenger,1,0,1,56,57,1.75
November 30 2019,Pacific,WA,Passenger,38,32,70,16373,16443,0.43
December 31 2019,Davidson,TN,Passenger,1,0,1,66,67,1.49
December 31 2019,Travis,TX,Passenger,1,1,2,173,175,1.14
December 31 2019,Riley,KS,Passenger,1,0,1,65,66,1.52
December 31 2019,Dekalb,GA,Passenger,1,0,1,73,74,1.35
November 30 2019,Whatcom,WA,Truck,2,0,2,44221,44223,0.00
December 31 2019,Ventura,CA,Passenger,0,2,2,305,307,0.65
